2,NO,4500
520.9017,439.1808
638.7119,458.8816
548.3064,524.6374
628.0696,540.5501
547.3448,521.3994
611.421,521.0692
554.7495,529.5787
524.1434,522.5044
627.9174,448.7684
600.3288,551.8358
546.5767,534.3442
625.6344,478.3427
641.5963,481.5829
553.7774,551.4331
601.7975,548.2311
619.558,534.9364
629.9938,479.7864
630.1581,483.062
546.4822,535.9688
605.1694,529.5999
542.1597,481.895
627.2242,497.6948
541.479,484.3734
519.4908,462.9344
626.4913,524.0984
595.9756,530.9231
631.3511,446.3634
529.4638,506.4695
636.0057,431.7236
527.0938,437.8809
638.3689,521.4309
519.8215,473.5198
535.5808,469.8242
558.6366,535.5741
531.0687,476.6217
607.3041,543.685
596.821,539.4067
626.4664,540.2327
561.6286,546.0491
519.3007,499.0624
530.2177,495.4052
531.5457,442.8951
519.3955,462.6467
606.5083,547.9184
582.7178,552.7079
522.0725,518.9927
644.5586,518.8798
526.1322,491.792
633.0911,445.1558
525.3351,496.2296
628.1193,436.4605
603.3079,530.7912
638.7821,474.7818
644.8862,492.5982
564.7542,535.6001
572.7574,546.7977
536.9803,436.3034
639.3115,478.603
629.7088,533.9184
518.6237,465.5811
538.5521,504.842
624.9558,482.307
642.5986,469.6605
601.2617,552.6139
528.1194,447.1854
623.2005,455.2694
629.9776,467.4984
646.3256,481.8081
594.8877,541.7806
543.3577,485.435
533.825,523.4943
534.243,439.2053
634.8971,472.7236
536.8432,428.7782
539.9987,478.312
523.2647,506.2276
528.6187,458.74
553.9364,522.5269
624.073,533.3557
530.537,448.3883
642.4509,489.7547
634.0467,521.7177
518.6148,486.4465
551.7206,541.2822
623.0159,539.4551
531.3955,432.4517
556.9167,532.4929
555.4765,538.5496
574.3736,549.335
540.5898,491.0351
532.0956,484.708
537.8149,451.5415
534.4439,532.2186
642.752,446.9052
622.6755,487.92
528.6102,431.5306
518.7261,511.1327
544.8261,528.8057
518.4617,481.2486
518.697,476.7627
606.0594,542.0658
564.4936,542.1779
517.4965,465.9834
613.947,549.6143
569.0765,548.3925
633.9834,503.395
643.5065,494.16
533.6175,439.7068
643.9772,483.7544
556.0227,525.5015
521.7955,496.1269
542.5803,436.58
643.2603,497.303
541.1749,442.8365
636.3096,466.5038
625.3575,462.6834
532.5414,454.9714
610.8444,544.6829
588.5476,556.8192
631.4456,470.8862
532.9601,457.7272
632.3037,449.0053
539.2144,520.017
611.7624,524.2079
523.3392,502.2721
525.1103,496.7533
531.1862,429.9453
643.7104,437.2675
518.6154,434.9375
630.9774,447.2178
520.8683,475.3073
534.7271,480.2415
530.3182,465.477
629.673,463.6374
629.6898,487.512
582.6042,555.7784
594.6267,539.0604
622.6198,478.6816
622.6667,470.8354
521.8575,488.3945
624.1491,543.1261
524.183,477.7382
557.0096,531.6671
519.5025,450.5976
583.68,545.4849
518.2139,483.0637
527.3934,428.3612
643.4355,487.8665
583.0764,552.5395
523.0545,478.7702
529.8734,509.5716
535.7786,429.4262
540.6119,472.1126
644.8087,432.1749
574.4386,548.7296
551.6485,524.5113
623.3182,435.5129
622.8882,447.494
518.506,438.2082
575.4545,536.5752
556.6365,548.392
537.7099,441.5183
640.519,450.3253
541.6358,498.7863
563.6117,551.5501
534.854,506.475
542.5294,428.1818
539.9426,478.6446
555.1883,549.9441
522.1262,460.32
530.119,500.2413
536.5678,510.4106
643.8719,503.8423
614.5353,536.5974
628.4339,501.9764
626.4553,483.2796
630.1622,493.9481
569.8011,549.3658
534.8105,456.5502
535.2792,520.6128
617.3105,523.4201
538.6812,521.4076
627.606,451.6063
541.8928,428.5101
547.5628,544.2587
643.2743,472.0826
541.9982,476.2894
532.8002,525.4199
629.4882,507.4306
540.0362,524.5358
556.6196,526.207
521.8652,507.5955
639.2948,508.8209
545.6729,532.4447
517.3167,461.0212
629.479,461.1349
623.1071,441.304
538.5273,507.1096
628.5839,450.3018
531.6069,445.7365
572.8106,558.0636
530.3327,525.5173
523.6962,476.3779
542.3139,451.3121
585.7959,544.9967
643.8475,518.1026
568.6544,555.6544
530.9787,446.8931
629.3417,507.5801
635.6239,428.3753
607.0739,550.001
525.7046,520.1028
633.7055,442.441
638.2281,486.8981
625.3273,528.7875
524.528,437.6257
548.8956,547.6842
633.9798,506.2596
626.3482,489.8669
580.78,546.8104
627.2318,430.3897
528.8903,456.3436
542.8288,491.9668
642.7472,477.1466
532.9825,436.9621
530.0968,501.6302
640.9196,484.3932
591.8729,551.7865
624.8884,519.2104
573.4331,546.4116
529.5915,522.8719
539.1227,454.4564
553.078,521.6249
628.1943,491.4656
611.1608,522.2734
529.9113,473.5228
526.9556,441.9978
627.9654,439.0946
563.3839,549.5293
578.5021,548.7382
648.7991,445.5698
648.1329,428.1078
645.3203,442.3232
645.8341,460.1166
560.4581,550.1699
520.7996,475.2996
525.9933,483.0132
623.9696,511.894
539.4508,482.0435
538.2497,466.2056
520.5163,482.116
648.0318,431.9216
628.6005,457.7771
627.4528,430.7556
567.5788,530.0191
564.9683,536.0071
625.7699,519.8368
606.5094,552.1515
570.9174,547.4445
569.517,551.3613
519.6727,496.2415
519.5053,518.4723
547.4552,545.2834
539.4383,517.2402
629.0239,436.0647
631.2499,450.6909
625.7644,520.2322
535.8936,509.1048
524.7254,427.5485
518.9953,435.6492
537.9025,504.9162
532.9928,511.1132
537.5812,535.6389
538.6301,480.5007
641.6774,488.7546
627.4826,458.8791
630.1834,522.9343
631.2578,457.5074
531.2888,495.7157
523.3315,508.1733
619.1048,548.1519
550.015,548.7828
528.4318,512.0681
632.9066,459.8575
648.0849,490.4252
625.0834,525.3772
527.3548,448.3245
584.0048,539.7959
624.8562,512.3543
628.7158,427.5987
634.033,481.139
589.0241,543.8179
630.8254,508.313
596.3103,555.0035
540.2105,483.3805
624.8483,463.5291
530.9214,487.5617
592.8952,533.7565
636.9393,435.8072
541.0016,467.5447
530.1731,528.915
519.5648,498.9702
578.3192,554.6363
520.5726,488.5282
599.7017,555.7514
564.0345,532.4119
536.7424,534.798
529.0377,511.9662
573.9656,554.309
609.8428,533.3735
521.7735,449.553
538.333,493.9713
540.5048,452.3715
524.484,475.0359
621.6588,531.3855
629.5165,474.9734
533.051,501.8888
606.5655,536.7654
647.6959,499.6589
533.6421,531.129
640.129,433.9708
517.7468,489.8672
520.8058,479.1315
520.9798,516.246
519.5624,441.8936
647.7627,503.8386
626.5614,447.9094
634.9262,506.322
636.6089,469.0987
560.3937,548.8482
538.8121,520.7886
632.9568,493.4296
630.5744,506.6128
639.3797,431.9649
624.6221,498.5395
527.2772,489.1049
529.715,449.9534
582.2145,550.8079
554.6297,552.573
528.6243,521.8895
575.113,557.6182
582.1508,547.4319
528.3776,521.391
589.4991,532.6642
522.7656,501.112
526.694,509.9677
526.9644,474.4333
517.5066,506.5493
637.0908,509.3321
644.1888,427.768
632.8103,526.3514
551.351,537.0633
573.8573,551.3741
612.3559,531.197
524.3665,517.7484
633.4434,430.5566
530.313,428.85
631.9942,475.3768
539.6354,522.967
622.6526,482.765
522.483,434.47
526.0656,496.8101
533.3508,428.167
638.825,518.8463
534.9356,481.8948
575.0077,537.8057
639.4725,465.73
577.6018,536.6982
616.6652,522.6916
609.3655,534.357
629.755,506.0213
523.4256,474.3466
633.2015,458.5762
518.8018,472.9572
537.7262,519.5176
641.0071,476.1534
530.0853,512.2068
628.284,509.997
529.198,457.3578
594.0885,545.3666
521.6321,464.4585
527.9533,468.7963
568.4457,546.2088
588.3536,549.6982
519.4215,457.8707
641.9175,470.2293
581.2335,548.0926
626.1383,510.9969
539.4474,540.6375
555.4382,547.0078
538.7927,435.8316
563.3511,554.7432
620.287,540.8468
519.6239,503.1497
529.5222,499.2533
647.4743,459.308
596.4814,538.1551
529.2961,495.6647
626.7658,440.9243
637.9899,459.4691
622.1917,530.286
645.1257,460.0795
618.9069,522.8839
535.0823,515.35
594.517,547.5998
519.8507,478.7365
637.5237,471.6931
641.1172,460.5404
628.2073,472.1756
519.1141,442.5833
634.6834,527.7211
555.6122,524.6819
607.6168,527.6215
603.432,535.0398
622.9957,464.4703
571.5672,536.0692
626.4659,535.9401
646.5763,503.2913
517.817,476.0084
517.6507,457.4805
527.0707,503.1643
640.0848,430.5699
547.4381,542.473
537.8565,537.6518
528.6104,448.5762
535.4312,478.7909
615.8263,547.8676
638.7576,514.697
647.5004,496.3142
625.7319,494.5287
538.244,477.879
537.7712,489.1924
538.8189,492.3968
517.3161,504.5462
631.3666,445.0862
596.3864,531.8244
527.6353,458.2346
606.1613,546.9675
625.0043,523.4283
542.7466,464.1126
549.8289,537.6975
522.3793,452.2779
572.3294,542.3427
636.5219,503.7078
585.0857,552.1831
532.1412,487.5259
541.6073,489.3571
538.4087,446.4071
529.9935,438.3385
635.4789,433.1058
526.4149,489.9862
525.5807,494.2427
641.7691,496.8563
535.0431,433.904
520.425,492.2809
537.8348,468.0876
556.2742,533.3264
643.8466,472.438
639.751,433.5527
632.6179,469.8965
529.0335,512.2501
529.3604,499.5142
558.889,545.6673
536.2613,461.7536
636.6846,463.1678
624.8841,490.1535
648.0018,479.7023
524.1853,519.8052
648.761,477.3323
623.0319,527.0429
576.6889,547.2387
629.9209,474.653
590.5289,538.2267
641.1055,463.2653
595.1659,539.7616
632.5596,485.9266
642.462,478.5815
524.005,432.3359
551.5456,534.0903
533.1108,491.3062
542.6174,514.482
532.2803,445.0533
543.0452,495.5052
610.9829,530.5948
540.9077,492.7593
646.7138,512.5341
536.7701,468.3297
530.6355,438.8501
541.0497,472.041
531.9864,449.8581
525.8053,523.8544
635.1622,457.7061
587.2129,551.7885
622.8224,508.7511
539.8176,479.2495
625.6947,471.0913
629.8609,514.702
621.7096,524.6338
562.8814,550.1277
646.5437,439.992
540.7752,474.1514
629.9553,521.3274
520.9508,476.8447
628.6625,508.0289
613.373,550.364
565.6949,554.7479
636.4663,455.187
633.837,438.1058
635.4315,478.7514
523.9384,436.4042
641.6618,464.4583
531.5052,434.563
647.1096,454.2908
637.2612,497.1169
522.7399,430.9306
641.7458,432.8133
559.9491,538.1308
635.3467,439.3714
612.3579,543.9479
521.5605,486.2635
631.3417,499.8944
537.7874,445.6587
640.9139,460.6582
645.9754,447.7549
639.3984,503.6046
530.9363,530.2687
536.433,441.3274
541.7576,439.3231
522.7315,455.0147
556.7238,540.8437
627.6082,463.0029
647.0362,431.3585
648.535,448.7172
534.5501,521.0974
637.3035,508.0208
627.5712,469.873
619.6014,532.9216
573.0765,532.8745
558.0174,530.7756
534.8034,470.9391
633.4502,520.7295
641.314,463.036
535.9764,439.4283
611.2608,521.1652
525.6829,505.8457
648.5792,452.1763
532.1786,534.4562
576.8167,538.4282
631.6824,482.4447
570.4965,549.4353
535.8023,522.4794
626.2849,533.8838
625.0854,474.1854
648.0351,494.0433
534.1373,459.4801
522.2737,473.401
628.0439,523.4788
527.9917,478.276
538.3405,520.3432
543.2947,465.7313
521.0216,453.2916
540.802,536.2512
528.2869,451.5722
533.6747,516.6938
634.3345,520.3156
559.5049,541.8847
532.3773,432.6338
541.1888,506.9698
643.1371,513.4785
644.8108,486.6556
619.2988,528.6673
644.9901,499.0112
645.2414,481.8538
591.8664,550.2917
585.4081,545.4734
525.8304,433.8499
578.7837,537.3866
610.5535,522.9121
521.2791,506.956
630.6092,516.4697
628.1828,517.279
533.5397,521.0846
634.1618,433.3002
542.0839,541.7417
598.8815,544.4209
537.3093,428.3377
541.4125,448.3882
551.9364,548.7248
528.8706,505.8892
634.2856,515.1901
629.8862,476.1124
548.8222,538.9305
527.1586,521.0305
574.2203,532.3311
559.2024,528.2956
545.4364,536.8812
539.6393,465.0294
584.1334,544.6138
557.3549,551.7515
519.0667,428.7222
627.1324,527.9385
569.6459,550.475
534.7103,474.8674
613.7323,521.0835
597.333,554.5642
531.9688,531.3469
629.3659,456.1266
594.289,534.5455
521.7544,454.5187
634.8767,525.2396
624.8327,493.5488
632.6531,470.9089
541.6946,537.756
628.9637,464.0158
532.7852,487.8988
536.325,436.7518
526.4866,481.5509
633.61,525.2971
648.4635,509.7866
597.8629,539.6019
531.0315,464.9349
612.3355,548.6519
529.7684,484.3084
569.8694,546.3826
633.2539,437.7676
641.4324,430.4002
573.5703,538.945
524.7855,462.0695
645.9674,457.7378
590.3677,532.9641
599.2748,533.0314
623.3858,537.1031
638.8451,501.9653
572.4019,554.0902
589.4323,539.4935
637.0846,429.9258
524.4177,493.1811
618.5728,540.0312
573.1062,550.6585
623.6597,523.0257
596.5744,532.394
635.7692,491.7508
629.0506,465.9809
641.219,508.4153
637.0155,530.1984
625.5049,427.0864
647.0386,513.9377
645.552,438.1103
636.8508,514.9667
540.2716,470.7267
539.5523,541.6103
647.7235,463.1997
630.3217,490.954
571.9338,545.7398
610.3842,527.7899
644.9096,489.8125
538.1793,443.6667
543.3888,512.2197
522.593,452.1581
576.9595,546.2367
538.1713,457.9183
648.7268,446.8402
553.5951,532.9914
633.0149,511.8204
635.5742,445.7988
633.1257,440.0704
519.4362,494.9843
631.7615,492.6061
520.9325,430.5436
550.2809,524.081
631.5137,460.8795
517.1705,491.7603
623.7554,520.1165
645.8349,494.7672
526.0526,471.018
542.0978,523.861
567.4044,552.6472
626.5339,440.9146
641.3761,488.9455
527.5503,501.5207
536.4768,429.8815
526.5452,433.1584
531.6168,488.5264
539.187,503.762
629.8641,491.2529
629.9204,520.9151
624.4097,494.1196
603.5916,543.4616
579.7177,537.576
622.88,467.7892
625.0302,428.7209
623.4128,481.3838
526.2169,432.3756
535.2443,493.5253
525.1229,486.7079
629.0213,530.5063
644.5019,498.8199
644.6662,441.9177
539.0112,541.6252
542.7773,534.2885
519.8537,481.3951
614.4567,547.1912
596.3609,551.9134
541.7067,448.0074
581.8271,547.5664
626.0698,467.1336
527.0766,484.0887
596.6613,536.9262
646.5974,513.7917
558.627,539.7056
638.8404,446.4351
521.2044,485.5441
574.7396,537.1806
553.1221,523.8203
527.4025,509.9318
647.1562,465.1334
526.9841,429.1755
643.7738,493.9635
532.7542,441.9252
537.4823,532.5419
627.6955,462.6452
529.3332,519.9692
539.146,526.3308
622.4896,523.9542
625.4529,525.1147
521.4999,501.4756
542.4913,515.8444
598.5455,556.4044
578.1646,547.5113
624.2832,513.3802
624.5234,453.0357
617.9909,532.6528
607.0632,529.3118
583.0767,546.8993
574.7354,547.67
611.1713,525.9675
556.2015,552.186
639.4199,466.2457
587.7442,544.9107
537.8558,455.4567
625.2309,536.2509
618.3281,523.305
568.2113,533.8068
627.179,520.9847
592.1817,540.4888
522.2831,439.0964
635.3459,532.6027
629.7929,448.3582
542.5246,507.9323
530.1427,479.6037
644.8801,444.4523
573.9041,540.8966
518.4032,435.7504
532.0757,429.0997
613.2165,543.3517
520.4037,462.0257
636.6908,431.1851
536.716,512.673
529.4306,522.6183
527.7712,503.6493
638.5038,489.9541
526.3641,476.6069
601.7785,554.6468
556.553,549.2062
524.0676,520.1454
632.1455,481.1427
645.215,469.0081
545.3225,526.3714
544.368,545.1309
547.1623,533.6387
603.3806,529.9751
534.1965,444.2985
640.105,518.0706
531.811,444.1796
626.8565,486.8302
630.9022,427.1702
541.1878,480.4427
647.6458,513.5425
564.9709,528.4993
626.5678,451.3682
539.5822,455.4464
543.1527,466.3916
536.7222,507.044
589.3161,548.0182
648.0653,456.5832
630.0176,538.4131
585.364,534.914
532.4157,521.6753
538.5212,536.4843
614.2435,521.458
626.338,454.1651
524.8538,501.5212
535.5081,513.7498
542.5873,506.3563
518.8382,488.3332
559.6446,532.856
643.3765,483.3325
533.8306,434.0351
635.9724,491.2891
521.0585,493.5683
646.8502,483.469
541.614,433.2128
631.5471,477.0538
634.8835,439.8744
528.8496,509.0419
528.0715,448.9892
648.8981,495.1087
525.5252,443.263
541.6978,445.1208
622.8935,498.7843
642.7024,470.3696
536.8678,452.7444
528.3216,496.3643
648.7851,452.7533
525.0256,489.593
626.6742,493.1244
542.0492,447.0296
634.9439,483.5005
522.6392,499.8237
536.099,441.9809
531.0315,479.0596
639.7472,472.9397
538.5779,431.6439
523.2451,504.0866
527.4438,453.1427
624.1637,500.2694
628.8064,511.3757
543.1538,487.0444
648.392,442.4038
549.796,533.6508
643.3302,473.0084
561.7517,534.4372
595.6545,539.0859
527.47,492.5034
641.3971,519.1255
628.8386,465.7817
622.6276,529.9652
570.0448,540.5415
530.7731,525.1066
540.4599,509.221
518.2511,460.1675
646.7064,497.9025
549.0465,532.9
638.2479,526.8156
582.1447,537.7377
531.5171,471.747
639.6718,481.5712
530.4315,493.5598
629.7444,520.073
645.2992,455.5679
631.509,454.2922
537.2401,449.2106
544.3219,530.5286
533.9867,477.6108
534.4447,512.0157
541.949,455.0867
617.0504,542.9576
592.1748,533.9723
623.8606,494.4305
609.1607,529.8864
648.2106,437.3274
527.5772,503.0648
538.6968,492.4441
578.9684,549.0009
630.1101,536.6648
605.8176,537.4119
643.5939,455.7022
566.8981,544.5089
543.5361,534.8844
532.032,468.8179
569.1851,541.4423
523.254,452.7683
525.2838,469.8153
647.889,458.2526
539.3435,521.8291
616.7149,526.3798
532.0364,437.184
621.976,540.9801
542.1703,530.8812
541.9773,530.7086
600.7972,533.7196
584.2529,539.9614
585.2063,554.8313
538.2733,504.1508
646.8129,501.2601
633.748,476.7955
523.3706,510.272
539.6502,538.6926
540.3422,492.7383
597.0802,532.2586
528.6625,470.774
534.1916,462.6124
643.7622,441.7558
565.4875,530.6318
630.244,443.4733
521.3314,491.2914
641.0169,482.2517
544.7311,537.9733
529.0564,445.7426
604.1081,541.2685
521.1297,518.6328
639.4674,518.9812
575.179,545.8925
646.2738,464.6351
596.4839,531.5316
644.6268,441.2086
638.1425,430.236
594.1166,542.066
630.7048,509.4866
616.8417,545.0176
553.2479,539.6067
643.793,430.9701
527.6465,441.4385
595.4701,555.3127
575.7839,555.6535
541.7939,506.4163
551.3436,548.5372
534.0904,536.7927
585.4122,548.3077
594.9922,552.5789
552.7877,535.3817
540.662,446.4525
519.9951,436.1457
637.6872,462.5765
533.7974,485.3428
601.0089,552.6244
537.2523,515.8605
629.6334,459.1853
619.7573,528.5783
623.7944,541.5745
634.4687,497.8794
541.7971,518.6981
636.4186,457.962
560.5584,529.6596
579.8846,556.9127
527.7757,494.9451
640.6429,457.0373
566.112,556.4492
634.518,468.6481
580.8999,557.0994
640.0046,458.4591
633.4232,532.8453
542.2083,472.0335
564.4191,533.4929
531.6124,514.6513
641.6305,497.3287
522.2938,478.553
629.4726,450.9626
540.7878,467.2922
525.8972,472.0851
606.8864,553.4554
526.7655,526.0992
585.0401,546.4511
628.7459,465.2189
542.603,445.7754
581.9329,534.1355
546.6489,538.95
523.3931,490.9568
646.2227,431.2864
641.9404,501.6285
566.0374,555.7959
532.7529,507.3835
607.9618,538.8611
522.977,447.8073
609.9516,527.3824
633.7121,512.1025
628.0144,478.1711
630.528,451.4102
637.9903,489.6577
532.5024,505.2755
626.7874,458.4422
648.2299,438.4651
623.8644,490.5615
648.1476,463.2682
533.9021,498.8136
525.0541,448.5539
618.5317,537.7009
537.8658,494.8222
571.7632,555.5698
577.5027,551.3992
612.891,523.8679
629.4044,441.5243
540.7696,474.3892
608.3828,548.0199
625.0436,463.3032
562.2329,543.3791
517.175,482.5105
518.8142,459.8619
633.0049,441.429
648.9043,461.4924
527.6276,528.5437
620.0917,534.1485
534.7893,472.2689
648.0035,502.7485
532.6845,472.058
632.6374,526.2905
539.5866,434.8587
525.8493,433.539
524.7133,485.7083
520.9238,480.4257
641.4329,507.5265
534.8313,434.9228
517.7259,438.4207
623.1538,502.0689
599.5176,555.2867
525.6582,477.2528
578.6499,558.3163
624.6216,431.7696
648.3862,508.3952
587.5962,556.2042
574.895,535.2673
624.1649,473.7272
524.665,454.8151
628.9281,512.6067
522.8612,493.0202
638.9381,498.4324
530.156,457.9451
582.1735,540.0274
527.9735,452.4979
624.6949,446.6315
638.3347,482.9637
628.2229,501.549
609.5895,528.1184
548.175,536.0238
532.0568,481.9389
628.2496,441.2769
531.532,500.5433
555.3935,525.4056
567.3423,542.4147
634.8663,528.2106
644.8606,501.9007
537.3005,495.09
623.2802,442.7992
567.0088,542.2337
628.4407,511.307
604.5602,554.6668
612.7864,522.6914
606.8144,535.2725
537.4067,433.6697
566.3694,550.6147
536.0085,465.1602
642.2397,445.2634
627.5838,522.0909
637.1879,468.0322
623.0243,485.5209
639.2305,493.8484
534.5912,495.6063
564.2876,554.273
645.5231,485.2052
575.4137,545.5299
563.202,550.3426
628.8242,475.7606
631.9381,428.7791
521.8508,448.4125
640.449,511.8567
532.8351,534.0982
549.1697,548.9945
523.57,484.3563
639.9721,493.1374
628.5151,444.2719
539.0586,468.112
573.8407,556.7386
636.2242,519.6508
537.1223,503.1133
636.9479,522.0631
646.3703,468.7951
648.6983,485.0357
526.9202,455.3691
610.1464,528.7363
531.602,525.2764
527.3939,488.7363
584.3092,555.2537
537.9538,510.0828
583.3755,533.3391
536.9648,475.2182
644.1875,442.5043
635.7763,446.5724
628.1974,495.8313
625.0807,491.9187
528.4293,519.0146
533.5633,454.1302
628.9269,513.16
605.4668,529.5965
578.4526,537.1903
519.4142,433.3646
597.8306,552.2675
523.5888,459.2951
627.2768,537.3499
627.8114,432.5675
580.728,545.3458
629.97,434.1933
632.111,438.2683
644.81,516.1601
635.0143,428.1791
556.322,534.5813
630.088,453.7434
569.7013,545.4716
537.482,500.1832
627.3844,478.8478
542.5683,476.8737
591.7789,543.1192
591.5613,540.6658
610.4303,535.9317
573.7513,554.6789
585.8959,541.9442
517.3508,499.5441
596.2335,554.2767
518.8544,495.6813
643.0776,482.3945
641.7749,476.2458
527.8719,497.8672
521.068,458.563
612.5547,522.2288
536.8661,438.4202
522.8727,493.1807
539.4226,472.8093
529.5129,512.2184
527.7567,432.6822
639.9432,467.0752
518.0648,466.3302
555.7104,532.6134
577.9702,538.6191
627.9892,430.9265
603.7103,530.2227
640.2781,457.4044
608.9196,523.5669
537.749,537.8304
581.7809,545.4206
536.8606,444.5686
591.4441,549.484
648.0968,505.5163
519.3002,470.767
627.3093,505.9546
539.8944,446.9218
636.5325,452.0294
639.7149,487.5412
536.9738,463.7302
525.5419,477.5388
578.5028,553.6386
627.3587,511.304
644.9339,435.6783
634.1555,496.0336
529.7578,502.1972
626.2133,456.754
642.1494,480.8991
645.6417,427.8134
622.8565,468.2174
634.0372,522.4077
577.0152,545.2229
633.9438,481.2984
561.9245,545.4574
526.5514,451.4846
623.4096,508.0714
646.5115,516.0365
615.2348,520.1741
523.5737,435.2476
537.1716,460.7873
624.2172,428.6866
595.1711,550.059
587.7014,554.5426
538.6689,532.4217
592.4205,552.0794
582.1011,535.8484
540.3891,519.9421
546.806,537.8884
536.6252,465.1417
605.671,546.271
647.4768,490.9809
637.9793,429.5028
648.6029,507.1334
610.3593,551.7397
639.7627,468.9138
648.4972,459.4793
524.8981,437.5053
646.9919,433.4513
594.5971,542.7716
538.7409,462.96
642.277,500.9349
635.8702,505.7323
648.7036,428.4746
538.814,502.5934
573.6336,555.557
637.6772,504.1207
630.0926,476.5623
585.79,534.219
537.1084,489.8639
615.3845,537.2371
645.046,454.5594
543.4438,541.664
538.5088,496.4507
647.8569,432.0972
630.8779,524.6548
627.8292,487.013
623.195,531.2007
641.0158,476.7361
609.1291,543.9515
629.664,435.473
642.5815,488.4895
554.3123,521.974
556.3688,541.4965
633.3429,515.9233
525.8983,476.8241
584.4076,536.1697
648.4825,432.3783
639.3453,509.7271
528.3742,451.1983
626.7934,438.3717
536.1248,441.4513
605.236,537.2855
610.709,530.9983
543.3453,516.5881
644.8793,501.4078
541.3489,541.3421
643.1629,514.05
627.4076,446.7496
610.3939,532.8932
614.0316,538.1222
593.5892,547.3826
633.6466,508.5997
534.284,468.3178
594.6499,540.9904
588.1595,545.5779
545.2425,534.5122
556.3238,544.9121
543.1815,510.681
590.3793,544.8245
531.8066,509.3096
628.5796,524.2128
546.8781,541.6762
535.1677,440.3014
607.5423,551.8761
646.7768,465.764
529.7119,478.9052
631.4151,442.5614
633.0766,473.8837
547.3343,530.5371
633.555,473.7052
531.1198,449.926
519.6882,432.1962
552.0059,541.9606
641.3699,485.2053
585.698,548.3242
647.1583,500.0321
610.6084,543.1524
641.4324,460.141
559.0764,544.7234
530.7726,430.5001
623.3237,482.8971
531.8661,428.985
530.8344,509.302
585.4237,540.6374
589.8222,543.9154
524.453,506.7742
630.6906,442.9293
524.9254,513.1191
540.814,469.4386
560.6289,552.4437
602.8316,531.8761
525.4526,514.5552
563.0741,545.628
528.5721,427.7895
643.064,511.4423
637.0811,500.9762
520.3138,460.2222
538.7228,440.1183
541.5408,519.0861
638.4359,522.0219
645.9942,491.2184
646.1745,503.7447
542.9184,513.6076
565.8924,542.2886
519.0142,468.0775
548.4244,545.9622
545.2252,536.3675
523.4328,462.4125
567.8975,556.3508
542.6108,482.0677
559.9712,533.8206
632.9935,500.8052
547.5418,544.5471
643.2251,445.4781
587.0156,553.9692
526.4185,430.4618
541.0649,429.6846
641.5861,496.6788
528.902,442.2692
540.1732,491.3598
558.8124,553.6756
519.639,456.9823
594.903,532.9499
523.296,472.1061
527.3875,450.409
616.2748,548.4563
517.3012,479.3413
624.7855,520.0307
627.3859,525.0339
606.4488,528.2334
531.3145,512.043
599.4148,540.4907
521.2657,481.9439
612.6357,538.7137
542.0531,542.5878
627.9731,497.4918
517.0038,455.0845
551.972,536.0554
538.1645,505.846
602.4852,539.4468
539.0506,471.1254
639.2556,443.1914
528.513,428.6733
538.6665,492.6508
538.9902,496.191
536.6266,438.6995
543.3509,439.6439
562.7529,550.1766
543.0746,507.9498
518.1382,511.8207
626.4348,466.3578
576.3492,543.1853
528.2499,521.2999
633.7522,442.5748
648.5333,498.1274
530.1122,454.9081
523.6041,508.1534
522.6831,444.388
629.4866,499.7845
537.2999,451.7992
542.5554,441.4299
630.6826,483.1003
522.2872,506.4208
596.0396,544.5242
526.6693,522.4155
629.3655,523.8738
530.8718,440.2242
621.2762,536.1779
536.8796,456.1029
633.2901,523.1569
552.8274,547.6091
535.7967,476.0859
556.2002,540.58
587.312,535.5341
545.3338,546.6597
527.8155,445.9887
542.5527,490.385
633.4863,457.6914
633.8534,476.3445
525.6507,466.0885
529.0072,517.3634
536.3612,514.8721
526.2017,460.6619
643.3673,456.7454
619.6884,530.4691
595.835,549.5221
532.0895,505.8986
634.7054,513.8652
634.4012,452.2152
616.1604,529.3302
625.1355,460.3254
643.9623,498.2551
620.5148,521.8729
633.3176,475.5983
638.0632,526.5526
525.7058,508.206
633.736,521.405
537.503,519.258
544.916,522.348
573.4353,554.5402
590.8045,547.3497
531.1709,525.7694
552.2271,549.4971
530.3373,492.0189
586.3158,545.2983
633.1351,533.8741
644.2945,476.6674
533.3976,490.5944
602.0589,555.0576
638.996,466.5448
571.1836,557.6702
576.8023,545.2664
540.6679,530.6888
573.8533,558.2161
638.9511,487.0702
538.1512,526.9242
560.7673,545.2211
533.55,535.571
536.3809,483.3223
601.4409,541.4816
529.2619,513.3458
625.6873,527.2312
581.6573,553.1033
532.7656,482.599
538.9798,493.2925
606.061,544.6566
633.1082,516.9011
539.8485,518.5434
627.8796,472.7273
631.2361,439.6271
535.383,457.1471
540.4837,525.8258
627.8639,447.1421
538.9492,445.1769
631.3048,496.0895
632.3247,456.148
519.6817,482.9772
555.7209,549.9514
539.4325,492.0851
524.8547,496.8447
536.0714,451.1991
568.8619,554.5139
602.8663,528.8938
544.1496,534.6915
534.9755,457.6878
621.9261,543.5627
624.1328,473.0319
629.9114,482.2858
543.0648,522.1658
633.9137,484.7201
521.5558,435.845
530.0442,503.0262
555.0325,528.327
603.5811,529.377
538.5383,466.9149
633.1092,483.0084
647.218,459.1605
517.7347,483.3667
343.4168,477.9445
338.573,421.2988
335.385,446.0322
394.1409,494.2772
348.104,498.5275
406.34,517.4422
370.5986,505.7041
400.9628,410.5009
324.941,474.3125
318.3059,451.7077
317.3348,465.99
332.301,499.1615
375.8611,514.0018
348.2437,504.4452
399.0889,409.2992
384.744,453.1854
313.5797,470.2391
329.2073,428.5456
414.8545,457.6704
366.7141,496.5441
380.7357,470.766
351.4122,492.7021
335.4,503.4383
330.5019,493.8821
341.4475,398.408
349.5328,406.3202
338.4083,490.9121
342.3998,412.0671
319.4807,480.2225
354.9296,405.912
359.985,512.2643
383.1057,514.8997
390.8744,462.2175
364.6417,389.9306
403.8498,461.1054
388.6626,501.9766
353.7163,400.5685
425.9979,515.2387
343.0823,423.5365
412.1592,477.9339
384.4256,460.6553
412.4818,516.9673
339.6328,416.226
349.4245,416.0864
402.561,453.4682
422.983,474.678
404.8686,417.7183
338.433,478.7748
376.708,458.0226
417.3487,454.9811
377.6,395.8769
310.5751,459.9164
332.515,446.9232
418.3219,418.0355
311.6369,441.3083
336.7413,441.1669
337.0995,398.7476
378.6213,398.8461
326.5915,452.7512
428.6549,506.7561
357.2738,410.5534
316.4737,448.9729
382.1987,411.0199
401.1189,412.1884
404.1236,465.8001
370.9915,497.6265
426.1087,462.3337
381.4867,461.4951
400.3467,485.6941
419.4802,416.0142
397.0121,453.482
329.9148,491.5939
333.5222,438.736
330.6002,494.9106
409.1132,481.7755
317.5336,450.3112
369.7102,514.4802
331.1611,422.9347
390.0729,468.7229
335.5894,441.1313
339.8831,427.8608
348.7425,399.9865
345.7484,400.5385
368.5719,513.3461
392.4043,515.7316
392.4723,502.7943
417.3378,492.6852
319.8836,479.6687
321.3041,465.9445
425.7678,506.2523
366.6441,409.2999
416.7871,500.3268
412.4077,467.4266
320.4783,484.5726
322.7009,458.9244
418.0208,517.7561
316.4005,475.6829
323.1618,490.9843
336.9458,427.6149
399.5611,398.8457
320.4328,441.6152
400.5704,465.4904
395.6707,411.8711
367.2064,502.4292
358.9746,500.4973
368.9662,513.1197
390.2876,501.473
312.7163,446.4363
401.6772,399.5363
381.9359,401.3756
409.5301,479.1605
346.0039,507.886
374.3031,387.3652
351.0371,419.4793
326.2794,438.653
385.8806,491.6321
326.9094,473.348
353.4534,500.0272
356.5102,502.6191
401.376,470.1942
421.5732,413.8018
398.8121,510.6276
335.8546,416.3942
342.9013,503.9854
428.1047,460.9739
362.4955,391.5754
336.9379,427.1687
388.1136,463.7254
424.311,419.5167
420.1785,480.5398
389.6077,453.8762
335.496,473.6208
384.4178,457.8802
427.4922,497.6651
413.5991,508.3624
407.1154,489.2782
365.1331,411.7179
322.0678,432.0485
396.3615,402.4117
407.7244,424.3051
377.0069,388.1677
416.5257,474.5978
359.1632,498.2405
361.7976,508.9804
365.0347,394.2737
407.5798,460.3051
340.8888,478.1469
364.3234,508.9196
324.9782,464.6522
333.0546,474.6342
332.6899,419.0947
345.1315,408.9067
398.2247,501.7842
367.7969,507.1045
391.9372,512.5162
417.1741,476.6376
320.8484,439.4048
417.9299,478.5041
352.8715,415.5695
388.9267,404.0543
408.0888,466.7894
320.5962,482.2861
339.1393,415.6444
404.4946,483.9589
427.1848,510.2864
362.2698,497.3173
418.6476,485.3232
325.9306,434.1247
329.2086,450.2406
404.873,478.0823
356.7483,403.2975
342.1084,476.5173
420.156,456.2063
355.9704,408.6753
330.1129,419.4063
358.9363,401.6985
414.5256,407.8316
395.1772,452.5645
329.5588,411.5397
417.157,495.5368
383.9062,493.5257
401.4084,509.8518
421.1558,405.661
371.4607,511.3581
417.652,458.7488
373.389,386.1376
316.7478,456.1939
389.4119,412.094
407.463,461.171
392.636,493.2137
359.4148,488.3575
380.7103,510.6624
401.4718,407.4587
350.7363,483.1394
403.8362,508.4887
334.5921,462.7098
374.711,405.3344
392.9288,500.9598
417.136,461.7833
362.2598,491.0047
361.8159,404.6339
415.606,452.5516
388.6393,494.6608
371.7402,386.9926
325.3319,484.5244
332.2138,441.6579
428.7397,492.6445
423.2051,407.3262
345.8856,408.704
395.5768,468.0274
325.4462,466.19
375.1054,405.5818
348.7588,403.4781
332.5665,455.2052
409.8872,490.7131
407.6067,416.0954
397.7493,496.0687
405.7925,477.9405
401.2642,499.0755
328.1099,418.07
392.6452,508.9812
383.7771,452.0866
386.3351,406.1986
350.4242,392.5311
320.905,469.937
383.5746,390.0005
376.78,404.3751
325.7253,462.5819
391.2166,412.524
382.1693,405.226
423.5874,507.666
400.4485,402.2945
380.527,468.8436
398.2433,467.2491
332.1828,464.6042
367.0843,387.8982
421.8105,416.8882
377.8821,496.87
329.1228,447.5285
362.3964,395.473
331.7534,406.4847
326.3054,415.1594
388.049,404.1007
335.4903,470.2079
389.1708,389.4293
423.2919,514.3008
321.5659,484.9029
314.2727,440.2425
376.0651,453.6843
312.9202,439.2144
416.6874,491.0402
387.4779,490.893
402.0651,419.3832
336.7564,488.1765
399.2677,466.8362
411.0744,501.0607
314.3185,452.3481
416.0555,483.2268
362.7652,414.4359
397.4046,390.0673
401.6435,452.5722
392.0017,506.1581
359.3661,511.1659
318.0511,438.8668
328.872,405.8135
398.11,486.4613
332.9433,403.4656
404.4501,404.6415
345.5979,499.1697
343.719,409.2781
385.8386,399.1679
394.6246,469.3463
411.5652,496.7562
363.1212,505.4579
404.9877,489.3602
349.2121,418.791
317.2412,445.3705
334.8564,402.884
386.4471,515.7053
416.7058,409.8192
382.107,401.294
313.3933,443.1039
386.7255,397.5569
345.4386,505.1278
356.402,400.6232
335.2243,448.3715
384.096,511.9572
408.2705,399.7401
390.2921,467.8436
341.7106,419.0926
388.3024,412.4836
367.3354,396.3539
343.5387,414.502
348.1393,481.0647
355.8652,392.082
408.8789,461.0918
331.3756,444.0916
428.7369,511.3398
324.5111,432.5952
382.2579,392.079
358.063,497.6734
393.8248,460.4817
371.0696,496.1486
332.1013,477.6668
406.603,493.0687
412.9823,408.6842
407.7205,468.2353
428.5451,493.33
322.6786,414.2024
363.1613,500.3894
340.3709,405.2457
366.7453,502.3768
394.2964,488.4586
323.0919,470.8159
415.7298,506.8046
395.3194,390.3998
356.6222,409.1346
356.3119,491.5839
411.1352,410.9877
384.3089,494.3916
367.5667,495.8609
386.2567,499.9599
363.8351,492.0836
337.2642,482.6433
350.2192,497.4655
322.9486,445.4232
348.5012,410.2386
331.3825,450.6365
333.3695,444.5274
404.645,396.959
356.6392,391.7839
409.5984,408.7681
416.183,409.998
319.0565,466.2909
427.5394,422.182
371.8766,394.7903
327.5593,429.0476
402.6703,413.5156
416.4756,502.3719
398.1154,491.8778
351.0833,498.2155
347.3192,503.7168
402.0601,512.226
314.4235,443.8265
381.8799,453.065
400.6021,496.473
388.0139,394.7946
358.9956,408.6815
327.5957,470.1611
400.3049,419.7855
349.0447,493.6739
394.7841,457.1664
343.2124,414.1424
418.9862,471.0018
408.2855,491.4442
375.0252,497.8903
407.443,491.4727
393.7106,398.0221
377.019,517.4911
387.9921,453.884
337.4464,494.3202
399.6252,413.3842
313.5419,447.0596
311.9543,449.6697
379.2037,493.7211
414.237,490.5191
401.4836,395.0566
310.5831,447.8259
372.4898,502.5676
377.0176,461.7123
391.0743,514.7154
411.4487,415.1768
417.6359,505.1621
408.3572,464.7158
383.5049,466.9668
334.0305,475.1703
323.916,483.5289
411.8143,423.1194
318.1575,435.2169
407.7311,495.6968
395.3412,453.9713
416.8753,485.3379
341.4872,410.7095
408.7858,406.7932
385.3994,456.4303
342.6041,405.4212
408.0239,424.0251
418.6853,468.784
347.8161,410.3034
409.7785,496.9576
407.9065,414.6907
343.9739,497.1074
333.9351,411.8433
425.3593,417.3062
377.1607,401.1075
354.7419,417.9189
334.1061,444.8696
328.0294,456.7636
375.4974,499.582
380.7172,400.1944
413.5969,462.4806
393.082,495.6792
337.7467,399.2522
377.023,391.9218
341.2814,504.5736
312.7294,449.9868
393.5837,514.1327
390.6891,410.133
398.0348,499.8079
424.3517,464.0108
392.2029,503.9887
389.685,515.9403
426.7844,464.6373
347.1557,508.1084
316.0829,455.9872
322.8124,446.668
417.034,512.7358
388.1349,468.0496
410.1989,491.3335
335.9598,443.531
352.9871,487.3096
365.4198,399.0907
328.5754,426.4668
426.8649,491.6925
344.6858,416.9879
373.0149,408.5199
393.8148,452.5419
416.5858,499.3982
398.6013,399.1693
344.0904,404.1188
375.587,509.5081
319.3799,448.7373
312.1527,440.8667
412.3277,458.0247
337.4211,443.064
393.9771,505.8341
412.3253,499.9966
343.9787,477.466
423.3992,517.1484
424.7832,464.6711
415.5245,468.5674
422.372,478.8202
334.2295,491.5452
316.35,447.5006
398.5147,505.4697
319.9063,418.5774
354.4535,504.9299
341.0379,493.6389
394.2773,458.7376
325.3264,419.408
316.7946,472.3252
427.0245,509.1621
336.3796,421.0952
424.5191,485.0354
409.9737,411.7828
327.3514,430.6913
350.7778,486.1396
422.8727,506.3178
347.0167,421.2478
355.0794,487.8791
325.7254,458.1123
338.9506,469.9712
335.7579,442.897
341.2002,403.827
324.5654,425.753
420.0876,453.2965
379.1205,388.6006
419.1921,505.5594
415.448,459.6584
359.7515,509.8097
415.0821,473.3461
396.7406,402.4256
381.1024,511.3039
328.5452,437.9851
347.131,409.6054
331.7408,483.2502
428.0879,417.0218
319.6019,456.5158
332.3481,406.9715
364.4026,491.9235
346.391,395.6902
358.4667,496.821
384.7323,492.0673
421.4007,468.2047
341.1582,409.9106
406.7495,459.8758
317.5385,435.2006
386.6176,494.4903
368.9204,503.5309
345.9545,420.2057
347.0651,407.1989
320.6886,440.1058
329.4802,421.2678
409.2438,399.9021
323.4247,451.1527
370.4312,495.3018
382.0389,507.3195
360.2153,412.3303
379.6752,465.2463
344.8711,492.3443
346.5156,486.8312
428.3851,496.9625
371.9258,402.8977
324.2606,480.499
414.1869,510.7734
343.9389,411.1254
387.2383,499.6785
408.2681,499.7577
427.7883,517.1317
328.0594,420.1695
396.5756,510.9571
387.5298,401.5333
334.291,441.5069
390.613,509.6068
380.034,495.0313
332.4586,419.7966
390.5002,414.5262
356.2399,511.0685
331.4274,485.0521
381.1882,516.7698
369.0516,402.7291
345.9773,412.7083
322.1321,471.149
384.4603,502.5975
411.8356,457.6237
397.7754,463.8901
415.4501,507.619
351.435,484.2405
376.2295,388.3245
403.3914,493.2178
319.2932,472.3772
314.355,431.147
343.8408,423.219
415.0369,410.2572
419.3878,467.1021
375.7231,496.201
370.2947,399.33
332.6919,486.9141
420.4293,473.0282
409.4041,493.8801
315.4625,468.4534
351.4686,418.8863
378.8285,400.2209
421.6266,486.4025
352.5565,513.6447
336.5891,485.4803
382.9739,495.0819
336.8652,503.1824
316.911,461.9093
321.3337,461.4576
358.0211,409.3357
410.6187,407.5939
362.2427,490.9849
389.7652,463.9884
316.2859,450.0151
412.6622,490.2668
410.0725,475.9829
331.111,410.633
364.3645,491.5797
424.6724,470.2391
405.1927,516.1795
406.6994,468.5906
380.9512,395.0161
336.2229,431.9441
411.2827,481.2662
403.9032,510.9601
333.2863,493.7696
389.9065,459.5093
401.517,392.6206
365.5096,511.1765
361.8519,400.5315
382.7482,459.0538
419.6791,462.2589
421.1993,408.3549
416.8608,486.0796
378.1513,407.4733
362.4587,392.6743
355.9563,501.2809
421.1676,415.1525
378.5255,459.4127
330.0102,416.3282
335.5214,477.7564
371.7724,395.561
385.1731,501.033
413.2166,478.0457
316.4676,476.7855
330.7169,464.8154
376.7922,510.6539
382.9915,491.1325
415.5825,478.993
363.8809,511.8185
425.532,409.5755
409.0159,502.4479
319.8791,463.0159
332.8287,484.7453
331.5865,486.2684
384.099,453.7329
404.8646,504.3317
321.9873,434.3557
311.0714,445.9549
334.5306,487.2815
423.8426,517.4665
404.7482,471.9461
396.3968,417.7022
384.4155,388.4621
423.1808,506.3213
354.3955,400.2165
343.0184,493.5535
370.0862,504.7561
363.8066,516.0244
388.0673,388.7504
323.4999,439.5358
416.0879,479.806
349.6172,417.7845
336.7065,419.876
352.1161,415.2771
346.4915,415.9687
318.5309,457.9441
401.8489,406.613
420.6625,404.8212
333.2382,430.1234
337.1362,444.2398
342.9333,474.9993
419.775,469.9126
335.414,492.8956
411.1758,421.2768
330.8268,476.9334
376.9407,411.7001
411.4184,510.9245
404.4179,408.0454
315.0699,462.5519
411.2541,409.9338
425.6388,505.4939
386.9636,498.677
364.1072,396.5998
391.4125,506.2193
360.3244,507.6645
376.6677,401.6499
396.7608,514.4862
372.7693,516.1349
345.7309,490.4464
316.6918,428.7758
384.5211,397.1931
351.5859,406.0679
337.2297,441.5076
330.7824,414.1639
339.3557,418.8774
390.911,512.7473
332.6716,484.7888
414.5483,487.5073
423.7402,515.7822
423.4226,504.8828
386.7376,392.3602
331.3379,445.1724
320.6396,445.8609
382.3269,402.1949
391.3782,408.1141
339.0027,497.3037
395.8237,506.7598
426.9881,473.0945
343.8729,479.7189
378.5618,496.6218
394.4856,465.677
336.3784,415.5085
331.3191,409.3656
385.795,504.5224
399.039,486.8775
314.1132,454.4544
350.0575,398.9348
420.9731,462.016
401.7936,492.2441
351.6932,413.5248
336.9215,497.3949
331.1476,461.5681
404.3535,477.538
373.6292,502.3155
410.2259,412.178
346.4077,484.9811
337.2716,478.3955
425.6576,423.9496
398.761,504.008
346.0596,410.4285
408.3851,485.7036
427.1357,423.7421
412.2791,424.7879
400.1723,452.2215
387.9731,396.6328
408.3252,514.9481
417.5876,411.9242
315.5892,429.1084
384.4719,508.9222
420.9621,507.0832
358.9867,488.5424
357.5892,396.3174
332.7468,500.7047
409.5975,405.6092
352.8406,506.3126
333.7722,430.9693
321.6422,447.6037
409.2797,453.2235
337.9902,406.4417
343.6735,492.1392
318.0172,424.0634
324.9224,468.3095
418.8637,409.7626
419.8851,403.9609
338.6162,482.6988
351.0662,490.9133
324.9854,463.6829
404.4553,480.1267
393.523,496.6243
345.4103,404.014
425.0015,493.4356
341.7834,405.2365
419.6945,452.2355
334.0438,421.9327
412.2543,421.7587
320.6068,461.6394
324.1902,486.7481
406.9571,497.0689
323.0276,468.4127
389.8129,404.698
398.1282,493.5221
377.2237,461.831
397.6165,465.9434
337.5391,465.2285
400.6225,470.1151
357.1943,392.724
377.3162,502.0782
409.5025,403.1333
315.7145,478.5935
427.9032,420.1717
392.2968,455.7563
344.4511,498.9869
345.3282,420.5427
348.5144,419.602
354.0965,400.0229
342.8386,490.9241
375.9139,390.544
405.9403,421.6844
383.7812,494.8186
347.1852,417.4254
384.4615,412.2866
362.5041,391.7917
312.0888,457.9148
360.4119,399.5018
336.3191,420.6305
353.9966,410.3958
324.3601,451.9213
413.0012,409.9068
340.7548,485.4196
380.0886,499.2546
402.2389,455.7445
349.9958,421.8307
425.3874,510.1232
335.8592,481.2608
344.8486,509.2697
348.3399,508.4248
383.1314,510.0379
394.7609,509.2094
367.6252,389.4397
383.3195,389.7302
316.6894,426.1955
404.8803,397.8168
315.7092,433.2713
395.2758,401.3831
427.7083,453.5483
399.3407,469.0221
346.0389,416.2048
387.8223,459.5249
401.092,468.6683
411.7057,498.2111
422.9884,414.3117
352.8604,488.5515
320.0797,486.0526
363.941,497.7006
404.7417,460.0983
325.4043,474.6844
395.2743,455.9907
402.2797,394.7612
325.1673,448.1931
417.5317,467.8788
320.6267,484.0875
337.1461,414.73
407.0547,496.958
342.8048,412.1598
366.8183,405.1698
378.2491,466.5218
400.7633,466.4764
349.5559,483.188
364.3044,507.9853
318.2141,448.2779
404.5594,487.0799
380.5926,496.063
354.2283,504.5032
417.2737,514.1225
391.2113,408.0731
380.6119,398.8612
403.5579,414.7695
310.25,452.1914
386.4497,467.3237
415.7114,454.2876
395.1649,403.8136
381.7474,464.9612
419.4741,410.5114
415.7206,475.1526
423.3753,463.3585
390.134,389.1977
394.1052,409.3824
398.4336,412.4189
402.5513,483.1385
416.0693,482.9477
379.9597,395.252
330.9992,488.8474
410.492,468.5144
334.4919,457.2673
425.0103,423.3377
381.605,389.1283
424.8974,409.0796
426.6043,495.9724
428.3173,515.8634
393.1326,454.0901
317.1133,460.3683
384.5851,499.2061
370.9664,405.4066
323.8652,492.0354
351.4702,404.9551
348.4984,486.3229
339.5802,503.3467
427.1408,508.3899
355.7741,491.5558
337.6499,484.7593
408.5677,477.1303
411.8433,468.4809
392.3327,515.5368
402.2036,492.3416
406.203,475.4106
395.1776,496.3765
316.8649,447.8644
344.7896,491.9898
408.6833,460.2788
310.8005,448.1833
353.9487,510.796
362.8254,491.2012
331.1658,488.153
404.412,402.4207
428.4762,503.9844
418.2226,496.8362
369.5747,390.4194
427.7724,494.4902
409.0105,405.6574
387.0211,408.8381
365.7364,397.0274
422.5643,420.5562
416.3449,423.0897
343.5961,493.0678
377.8126,454.4305
362.3415,508.2859
368.6913,396.1447
390.6244,470.5384
361.9403,398.0976
384.4823,470.9754
389.6374,507.3748
353.5869,395.364
403.8977,512.1687
425.7601,493.153
427.2138,424.89
361.2848,511.4302
426.2899,517.6899
357.4399,510.983
399.3229,504.2734
387.4664,392.1361
363.7051,515.9532
352.9557,402.5604
337.9614,436.3504
332.3144,442.8815
406.2762,502.8245
330.5424,448.3642
418.4548,453.3224
408.825,491.0428
400.4795,494.729
341.7136,508.342
323.699,459.4956
425.0748,479.7314
410.1055,457.9291
324.4917,480.9149
426.9675,515.3145
424.5795,413.9847
344.7446,398.2274
323.3404,481.9855
377.9703,457.8766
401.6253,471.046
361.5578,492.8053
334.0836,481.5571
392.1245,454.8088
416.9227,491.6421
384.3774,469.4274
324.7232,424.8537
315.073,469.3914
415.9332,483.3139
408.3394,409.4078
404.1415,400.5952
367.7992,491.8253
330.697,458.1644
400.7412,468.2658
329.0651,488.1877
341.4552,506.8434
320.8831,457.7234
331.119,415.735
396.7319,488.5449
403.0464,479.5074
361.2642,489.6879
333.84,445.7981
341.5114,501.49
362.7611,505.3519
406.5855,465.4077
412.5177,456.2307
421.1227,465.8522
410.1224,501.5196
400.0148,491.4424
406.456,458.1759
334.0331,473.5796
411.5726,473.0794
387.0859,387.4352
360.8309,412.2635
381.658,467.2449
324.71,481.8213
330.4716,482.565
360.4037,512.5103
384.0839,497.6947
387.5839,405.644
369.6025,390.9997
339.7572,499.5363
362.1367,404.661
338.7963,411.7733
365.5201,515.8555
425.5463,473.2349
327.6367,439.3116
379.3908,453.2498
401.1941,395.4066
375.9194,387.3484
337.2783,481.0713
341.0808,401.4466
339.1046,420.1774
406.6936,459.3493
325.1575,437.9865
361.8563,497.8685
416.7087,410.8036
324.9588,457.2371
389.6194,403.2496
357.0133,411.4493
320.6098,462.8027
326.6407,435.438
409.236,483.2038
427.9987,512.3482
325.2576,456.1893
334.7918,494.3442
331.3164,468.112
408.6387,418.5916
331.2268,432.6216
340.8888,427.0098
346.4348,408.9127
427.4733,481.3998
351.6562,397.227
365.3032,493.4446
383.1676,406.7682
335.1978,488.9517
407.2655,476.0661
349.1094,489.9737
398.6964,391.4621
410.4399,477.6132
424.2223,411.0226
394.8603,468.0399
315.2884,426.4435
387.7111,502.0873
427.7574,506.8928
336.481,409.9712
380.4333,454.8549
403.795,503.331
323.0636,454.28
337.1389,418.9303
399.9921,489.571
391.3282,468.8756
415.4923,399.1812
360.6839,401.86
334.3011,497.9926
336.5988,487.904
407.7438,504.4157
327.5668,414.744
405.8617,409.2073
317.6739,479.4847
357.4207,413.8155
413.2396,497.1545
318.4693,478.0672
406.9262,396.1811
328.6841,441.128
417.8841,477.6469
338.7787,487.3431
390.4034,470.9407
382.7927,505.6347
346.3827,419.4093
418.4333,406.2712
313.7081,432.8379
400.7991,510.8526
389.3108,514.8942
412.3508,399.3511
385.2565,407.8355
324.7749,419.5634
403.7151,493.1637
368.1069,412.0391
355.4935,491.3431
322.1708,426.9189
401.0468,508.3395
361.371,388.3111
379.6802,399.5633
395.244,464.9745
410.5013,503.4669
410.5701,413.8443
356.8203,408.2861
349.7537,507.1889
323.7468,456.5404
390.2553,515.7944
312.7099,457.7802
409.5566,508.9802
333.3882,445.9877
326.4878,490.5932
331.4604,420.6358
394.1488,507.174
311.1623,449.7067
331.4933,451.51
320.5561,418.9509
312.2612,455.7799
354.6354,504.4221
336.2976,464.2278
403.9096,514.4873
396.904,499.5704
339.3192,499.3643
362.8281,502.6513
355.8774,508.3277
384.2506,503.4973
402.1445,394.1389
328.2698,475.5876
411.9682,478.4439
407.4156,403.9411
409.7247,453.1252
393.6403,468.0946
423.7771,508.1822
401.8264,456.1639
361.9015,399.4004
322.9561,487.4734
317.6594,475.4745
338.3328,473.3442
333.4609,418.3835
346.3121,480.4116
341.0228,481.2918
428.6281,464.7375
344.4115,423.2628
351.0762,412.2803
425.802,494.1209
427.7169,485.9603
413.7329,455.8537
406.5033,511.5502
345.3605,499.7544
374.855,401.9071
368.0269,497.1868
428.0625,422.8454
417.7749,425.2995
409.7128,412.9966
372.4023,514.4502
415.6101,474.2725
364.7376,502.5987
405.0318,400.9601
343.2946,400.1305
365.7645,390.8799
343.0858,408.2409
417.1857,407.9622
390.6123,489.126
342.1884,395.6963
392.6963,460.5456
404.8096,499.8673
372.4619,392.9485
368.5007,400.7552
343.3787,492.7644
386.166,408.2648
415.605,495.9361
410.7063,397.801
402.6628,482.3742
364.6496,494.5298
351.6942,503.5537
338.1565,408.8074
332.5904,425.5615
331.7279,452.9029
392.027,395.5589
334.6981,433.9178
369.4348,393.2499
405.0903,412.0063
388.656,497.4725
339.9374,503.0827
358.1291,502.4179
393.6576,503.2699
328.9487,482.7022
409.7158,491.6662
327.3359,446.7354
407.7515,507.3495
411.8768,496.7571
345.7674,409.2417
389.1769,464.3773
404.9594,396.0606
329.4363,418.178
333.766,408.6914
401.9071,455.5641
357.6178,498.4304
392.4397,503.718
329.4195,420.5083
351.8386,507.7695
415.3602,413.675
413.7214,504.6011
426.9541,517.2357
314.9394,460.2145
352.548,402.6644
344.7263,410.392
368.1808,516.4458
368.0493,505.138
408.2219,411.0999
345.7503,415.6986
316.6495,435.0138
422.4257,408.6718
381.0465,505.738
427.6597,415.7922
319.4985,436.5397
380.8672,465.4421
360.0235,512.9487
346.9094,507.1874
421.0871,471.6024
418.1396,424.4318
374.006,512.2635
393.2214,388.7395
381.1737,517.5363
320.7997,473.2341
336.027,423.9025
394.3625,492.3379
336.5531,444.9411
330.9888,483.815
322.5976,476.2428
369.0154,513.8659
325.0784,441.9875
340.0844,485.1085
338.5171,420.0164
319.8052,480.0747
399.281,396.8978
382.9358,399.2337
378.6677,469.6219
393.6713,500.0591
400.7332,469.743
333.5005,466.1935
333.7789,416.4155
364.2353,505.8021
402.1656,453.1501
339.4075,475.938
317.4919,462.1105
421.8219,476.6318
403.4648,418.6821
320.2422,486.8297
355.2135,408.2543
360.5354,389.3333
377.8196,459.9888
312.4938,443.4614
403.8905,500.0275
314.297,432.8399
353.3459,395.7486
339.4802,501.6391
362.148,514.4893
428.0512,417.5328
414.138,504.7177
402.4035,408.7548
343.0901,503.4942
415.0952,412.3236
347.7238,413.808
416.6256,489.8568
408.5081,491.9393
326.5739,414.7359
394.6716,394.9552
358.4778,390.4293
344.5367,403.2373
402.9115,422.2711
417.0147,514.4105
357.1492,513.9624
426.9907,456.3377
379.9764,456.9345
346.293,402.9835
338.4186,414.2059
369.6283,412.8797
425.5955,510.7444
396.2317,495.3997
423.5412,507.0986
402.678,403.2075
349.1856,398.8313
321.7756,450.3874
427.8487,476.7262
332.9952,447.1127
361.5977,387.8981
425.7887,463.7275
415.3918,517.5887
412.9951,494.4958
413.4362,415.7306
345.6445,396.6795
353.6658,511.4009
423.0621,464.6776
399.2317,395.6836
376.9945,392.9581
328.1533,495.1827
330.6878,426.8316
369.4972,514.4192
424.8348,511.925
406.9605,400.1121
342.7201,408.9733
372.865,493.0545
425.8444,478.2224
338.1542,495.13
425.9343,483.2386
371.7507,502.3377
350.8281,414.0957
367.2359,498.9183
363.6606,399.0628
333.2898,482.5772
336.0185,469.8215
410.2668,476.9465
335.5309,448.6838
348.5218,392.2019
399.7119,410.0346
399.1137,397.3893
383.0798,391.9496
324.7834,426.7403
323.3823,482.0002
373.2929,405.9836
321.7248,426.6551
419.7734,468.1612
389.2916,408.7552
361.236,394.4348
322.0828,476.2384
408.2377,424.4773
332.8304,438.7062
327.6784,438.6356
334.5176,447.4244
333.4252,408.1869
368.3067,495.1497
396.6058,461.978
417.5524,499.1388
411.4265,396.8258
367.9119,507.413
406.8645,466.0132
333.5249,432.7952
390.3733,404.0345
408.9406,470.5276
359.939,398.6375
425.7836,420.0088
398.1333,463.4905
322.6197,413.2479
381.04,387.195
418.5943,502.1045
376.2564,456.3082
403.8605,457.0086
330.2878,494.4133
386.0918,411.6177
405.0673,397.4184
329.3778,417.7529
397.2179,467.4739
358.1014,513.1601
345.6661,489.5661
333.7173,469.3236
361.1636,401.2533
413.2604,454.6588
346.1289,394.8894
336.6724,472.3047
359.8251,403.394
329.5932,452.5654
371.4906,390.1059
391.8478,496.0314
368.269,390.2175
416.3168,404.0319
401.7271,397.5479
327.4921,464.278
378.5507,389.1052
366.4788,401.8379
367.404,402.527
425.9122,420.3032
393.3703,457.3582
327.0845,457.0728
422.8853,464.5026
361.0764,395.3465
420.1519,487.0372
327.8163,433.8799
339.8251,424.8598
403.9979,404.9867
372.0629,401.4395
349.2571,486.5773
380.6918,397.0402
371.8087,498.4471
394.4839,412.4672
313.5026,462.4859
421.3669,419.1221
357.1749,410.0003
373.1812,510.5462
401.5243,487.533
383.3714,508.5202
356.2999,486.5776
356.8961,415.8667
331.7843,422.7808
362.3745,410.9343
414.757,486.1054
321.6145,488.5578
400.0753,460.4062
403.7205,472.2599
348.5986,419.8923
312.8301,444.2588
328.7349,485.7049
337.3508,434.4877
421.0623,505.5896
416.0582,488.1547
408.9612,461.1885
311.2562,461.1896
322.1686,442.3274
335.5831,435.8
314.9864,450.8619
392.9573,508.62
340.5972,502.5138
387.3729,460.734
359.1305,389.7655
382.5603,408.7797
351.3208,412.1207
383.343,398.0499
414.1471,509.5684
346.2046,485.346
380.648,495.844
338.7604,465.493
404.8791,455.7993
417.8079,479.1288
386.5722,514.0162
358.4754,506.2545
394.2705,491.6041
320.5989,449.1614
328.6995,431.6622
329.1095,484.8367
407.551,501.0773
310.3799,446.995
343.0336,408.128
321.6241,469.2073
332.7793,437.6931
338.9737,410.8821
405.4172,412.2882
415.7275,507.8252
316.4882,455.6204
419.6538,403.7009
323.8551,439.8723
350.5338,506.71
406.8986,458.2717
339.7533,400.6137
363.2016,405.4685
346.0954,409.2235
337.5193,500.3713
352.8541,513.0917
408.418,421.4659
417.0533,455.9065
383.9811,389.6561
375.2946,517.6849
374.505,501.9246
383.6592,460.6466
363.6702,506.3614
401.9156,418.1878
385.2423,517.2102
410.7273,473.8039
317.8297,466.1282
403.0988,403.2628
372.5042,493.1314
373.1488,404.916
426.3976,488.7726
398.6793,457.4255
374.5341,393.7276
371.8279,403.3056
328.3556,476.9822
315.38,438.0464
421.1538,469.5493
389.0714,452.3101
340.4812,494.6198
380.2657,395.4781
393.2275,496.6925
340.0796,405.1188
368.902,497.1086
382.5014,469.2133
357.1839,498.9742
332.244,456.5752
381.5285,515.0742
410.971,492.5324
420.1172,406.4022
362.5966,490.9055
381.7476,499.3989
379.7514,453.4379
405.4474,395.489
406.4452,513.3552
335.6182,476.9143
384.6503,403.9571
353.7321,494.1095
413.1521,516.385
358.4176,502.0456
383.3887,512.524
345.5952,411.8834
329.6975,441.5025
415.3802,460.8501
387.9184,406.2463
347.208,402.9843
403.4205,464.4856
419.0803,512.909
424.0202,463.9465
386.427,499.0144
350.1049,490.0009
318.8124,423.1267
412.7806,416.3336
391.9457,465.6137
335.128,420.359
388.9305,502.4535
312.9688,432.9052
316.656,446.8067
386.2973,399.3946
406.056,418.2444
404.9226,422.339
659.686,402.3982
591.0843,388.4125
591.3846,365.8367
660.0346,387.2867
653.1417,377.0266
650.7858,360.13
553.6221,391.6276
566.3647,382.4843
678.8815,396.5429
648.2941,390.9593
559.39,389.9482
559.7844,362.1698
669.1181,392.433
688.6595,352.4213
611.2267,380.5841
626.3158,373.092
742.814,354.1366
685.7813,385.5931
599.5737,371.2505
653.3295,371.692
595.338,378.7599
556.4061,398.6673
565.9275,401.5791
661.4307,388.135
683.8384,363.6654
654.7726,350.8838
700.5766,382.241
658.0502,371.9462
644.3764,375.5467
696.7394,344.3076
683.707,377.2444
618.2588,382.7645
686.9655,368.7678
567.6169,365.6205
691.76,398.5512
641.2346,374.606
656.4675,349.6245
599.3432,371.6466
559.871,389.5313
656.8832,388.1528
682.5309,355.4266
676.7308,371.6954
589.5459,390.0003
685.2616,400.3564
573.1683,406.4592
682.4249,405.7548
652.8963,353.1345
686.4766,346.8159
562.2527,390.8035
572.2663,352.4499
630.8078,378.3502
548.8799,335.1098
666.2051,408.1253
678.5969,339.6051
679.5033,346.5825
565.8269,386.4947
661.0279,358.7548
586.7442,389.7695
617.84,381.389
675.532,372.979
582.0122,358.6651
675.4424,380.4488
645.234,376.6774
674.6869,368.4264
682.1793,367.6788
592.3044,383.0692
636.8333,379.2078
693.6405,333.0438
669.6929,353.4734
618.6312,381.8769
663.1721,350.5931
564.4175,358.3062
697.3321,400.166
666.6912,365.7174
673.4137,345.1149
661.3172,372.2751
667.2309,405.9804
679.3151,361.6275
548.2785,385.6529
689.269,390.0922
647.9957,377.5908
572.0626,377.1143
589.4246,381.9354
652.4989,392.3453
553.9376,390.4128
676.6879,377.3827
564.5166,383.3525
530.0303,379.0623
559.8502,390.2638
593.9579,373.4296
646.6421,361.6127
606.5238,374.8559
585.7257,350.0712
677.3889,367.7533
549.0694,337.525
515.9793,344.8179
588.0145,387.118
650.6525,369.6412
518.7101,401.4784
673.2106,383.4339
678.5122,380.8529
587.1163,364.0646
625.9764,372.6468
653.2341,384.2307
629.864,380.5079
667.1548,370.957
609.0388,382.9509
599.0579,381.6815
686.5343,338.989
612.5847,380.5476
662.8956,389.9158
585.3587,389.1724
563.8073,368.1786
548.4735,350.2038
676.4197,354.5272
525.2912,361.0133
660.622,377.7777
675.8192,376.1873
525.657,398.2344
679.7634,411.5419
587.1153,391.5517
563.6874,375.8473
629.3005,381.5884
657.0236,384.5653
530.8441,400.0405
706.0302,345.6687
584.389,386.5965
628.3678,375.511
659.8926,381.5995
577.5217,361.3432
683.2302,356.4154
581.1627,391.2449
636.4117,381.2347
577.7163,379.6296
589.2582,372.5068
558.9311,414.6769
651.0741,381.3345
673.1413,414.6404
681.2811,411.0514
622.5604,376.0562
568.488,349.8016
695.6872,400.6837
663.1367,375.6427
567.3955,385.548
661.7251,363.7964
569.2799,359.8487
700.8246,353.3007
640.6135,375.6408
524.7282,333.3361
681.7015,356.8282
661.517,355.2415
688.6942,417.3653
694.3285,401.3436
646.2505,387.482
625.2376,381.2834
701.2329,375.2918
640.3465,379.7791
711.3156,394.4254
651.4633,371.5586
547.1688,344.8114
605.4038,372.3798
683.1276,412.0499
657.1621,402.2594
586.2356,403.2354
561.5691,400.1013
583.5072,368.7815
661.8741,375.3857
562.4483,381.1073
669.6808,385.2704
578.7741,407.4601
551.5204,387.5661
576.8584,385.8418
596.8841,372.1129
657.5301,367.7269
540.2184,411.5959
653.9173,368.7774
566.7105,345.5651
579.2518,365.847
656.4605,383.9653
538.7135,359.5079
581.2813,389.1638
582.3296,368.046
724.5817,400.2377
570.5089,362.8759
566.0693,372.2996
709.7725,368.1779
684.2178,367.4931
655.7953,404.1805
580.1915,378.3443
649.9,388.5292
578.3128,355.2087
556.6459,389.3882
585.9612,355.2686
577.5306,345.6951
617.4899,377.1673
655.8635,381.809
656.053,362.5806
596.3875,382.7727
514.1275,376.8736
584.6187,348.7341
684.8438,348.5675
598.0349,385.5392
559.7358,340.7106
592.4545,379.5507
661.4387,401.1603
573.9643,397.2243
684.8864,358.6468
673.1455,367.8823
644.0797,385.4866
658.2426,351.2549
610.4731,382.5343
568.7632,400.1392
578.6366,363.1333
602.2362,377.4541
742.9288,359.5439
656.8808,352.8382
633.9735,380.5848
660.5849,396.8735
663.4477,377.3431
647.5893,369.8961
682.7287,376.2057
581.6495,406.7019
559.6108,397.3253
611.7531,376.5613
662.0555,402.1083
675.7661,416.3531
640.3003,372.7325
640.8844,376.5617
521.994,347.1055
566.5978,396.1831
658.7969,372.6918
564.0591,358.9507
629.68,381.0897
568.8339,372.3824
690.5667,401.2264
555.7253,374.0778
591.4175,368.1402
590.2169,362.2316
663.2167,353.3838
673.6738,403.1015
649.3411,391.4397
658.3381,385.0642
578.9709,353.5956
573.3559,383.1075
672.3234,365.1143
551.1358,373.3884
661.4361,363.7425
591.013,362.9461
620.0843,382.0056
566.6011,376.9306
544.1605,386.6395
581.6504,354.9254
695.4874,344.2027
657.7445,373.2118
574.6704,341.5929
563.3014,363.2811
675.4648,415.7183
566.355,378.726
590.2013,394.9637
534.0501,362.0514
668.5882,373.7864
638.9045,373.5395
640.6564,382.4979
665.2041,360.067
696.526,357.87
607.0094,371.8771
641.7484,377.8391
558.0985,374.8546
575.5435,359.8021
624.3251,381.3745
698.6046,356.3694
578.6137,399.6501
570.1838,373.8978
602.9597,379.3282
551.3361,408.2194
501.7987,408.1963
644.6102,384.0614
621.6,375.8482
540.2264,389.0192
675.6286,370.4918
574.4737,401.5091
652.2656,397.4123
582.3552,353.1351
619.4845,372.2207
572.5717,359.6075
683.2636,380.7863
663.8563,377.7316
532.5097,345.2778
562.4141,378.1664
653.0441,397.6041
580.5601,365.9975
660.4598,403.7111
590.5607,380.8392
562.2477,365.5588
559.075,362.145
644.6441,388.4478
671.454,389.5124
710.9672,373.1824
691.6889,390.5488
693.4846,402.3596
649.6051,375.5741
567.8389,387.7073
597.8599,367.8654
701.2224,339.6237
579.2951,366.9255
680.1359,383.9245
652.1039,355.2925
721.1477,385.7655
527.4299,385.2938
706.2427,412.0814
686.4368,385.2822
689.2536,370.0071
585.5279,374.9061
603.4665,380.6191
556.9167,352.8876
667.5335,364.8831
655.6442,402.8523
518.0422,360.8678
635.8984,373.1092
578.3439,390.7396
590.7012,393.6962
566.5894,384.6382
584.5736,383.8651
549.6242,361.555
578.9221,365.565
619.6419,381.6598
605.8433,371.3308
680.9229,343.4154
597.9397,375.2899
541.6783,339.54
614.6957,376.0022
601.9873,374.5588
562.8212,362.0108
519.924,358.496
587.8307,356.1212
667.7101,389.1274
660.9494,371.7911
655.6074,396.0773
655.1222,402.174
592.4706,358.3668
717.5558,419.2148
547.5992,384.9818
590.3423,373.8411
551.5544,398.6474
562.4995,395.5031
567.516,353.6322
567.8426,373.3914
558.685,407.8457
654.0387,389.1605
671.4853,367.9664
550.6182,334.5901
674.3963,340.366
724.3579,384.2118
568.0907,374.0718
573.7569,398.5281
665.6737,377.8429
553.8916,381.3946
618.3054,378.8218
548.9212,354.4061
616.8387,379.0212
612.8826,378.4191
647.2863,361.0253
560.802,354.8546
578.1897,408.9296
675.7821,350.6846
656.7129,367.739
661.8217,409.1139
627.2787,378.2932
576.0156,400.8937
688.5904,355.5951
666.1809,370.2453
580.2437,378.0529
574.9397,411.6871
625.9737,380.5756
576.702,387.8621
695.325,355.884
540.6923,399.2068
603.3631,372.7816
561.1932,398.3688
661.9745,376.7963
592.3359,358.4593
672.6688,379.2467
582.8312,386.184
704.2012,404.8866
663.4127,382.7292
659.1996,376.1486
570.7417,385.1508
561.5384,374.0654
652.7445,368.0291
548.0494,357.0292
667.7137,392.4835
656.1752,384.7157
597.3648,385.5071
657.8734,405.6714
563.8944,355.1742
512.7005,395.1306
658.5376,369.8791
696.7131,386.9451
610.9681,378.442
656.6422,370.4265
666.84,367.8914
586.8418,401.8101
578.5431,398.6485
574.8946,344.4018
571.2092,347.9653
627.333,381.8201
537.4192,362.1217
567.424,402.3638
574.7598,367.6201
657.8162,387.327
589.148,389.9325
683.0435,390.7651
654.1734,357.807
573.0287,403.8096
557.4698,391.5244
655.9787,374.4099
568.906,368.7463
541.1635,405.0032
596.4032,373.8768
587.8707,366.5887
617.6528,371.3978
722.9032,372.5153
641.3142,381.3414
563.4293,358.8517
665.8264,379.051
562.4316,355.313
677.4269,369.4627
556.9734,403.6411
648.3043,388.2071
687.0652,368.7726
700.9343,402.6956
652.6356,360.7289
607.2279,375.6876
722.1742,363.6602
677.6917,399.3991
678.502,388.6709
586.9463,375.2232
567.3746,400.5567
587.1276,387.6854
685.1669,366.4753
667.1892,360.8819
706.3871,417.3031
657.9682,399.4409
644.8877,372.101
584.3453,379.2592
692.1729,339.0441
560.354,395.5386
574.0567,402.4469
552.7236,351.1734
664.8428,358.1823
628.6402,373.3621
546.5952,389.2522
579.8241,352.8679
650.8781,372.0725
681.287,415.4187
578.18,380.283
683.535,384.774
670.5148,403.8495
583.9406,390.51
660.6336,390.2727
667.0212,387.5236
711.2243,397.0996
609.7665,378.7891
579.7781,404.2145
693.2299,385.9417
649.8347,379.9087
654.12,402.1404
679.5798,366.6387
510.8899,383.2814
660.0616,389.8619
597.6174,379.8544
590.3265,397.5078
675.958,395.4923
566.3324,370.2365
643.1885,379.8674
610.3802,382.2239
656.5142,376.0623
555.2951,368.6265
663.851,402.8972
586.6879,362.7024
547.5803,365.0046
652.6653,376.2768
580.3849,353.2764
682.7897,406.7673
657.2022,358.8856
583.968,386.7601
707.9416,351.8649
666.531,363.9068
513.3634,372.0901
654.6168,382.2011
655.0762,370.3696
676.924,403.2733
582.9155,365.8326
697.2879,381.4695
595.1683,381.9821
680.2013,389.0189
633.0031,376.4877
673.8293,403.6661
672.9987,386.7537
654.2048,377.8693
590.929,368.8637
565.1472,340.2946
681.6726,412.0226
668.0013,376.3368
600.997,376.964
584.2338,391.9881
535.7474,379.2432
532.5531,347.0642
638.8578,381.3332
676.0579,355.4039
577.2389,376.2536
661.7638,374.8483
670.711,396.1276
541.0013,342.9676
643.1187,380.2295
683.4007,346.3136
580.2646,364.6525
645.4247,387.619
586.5002,401.8756
654.1555,390.2815
590.2103,375.9773
674.5677,354.4797
592.4122,396.1387
698.291,347.8594
674.118,374.2493
570.2316,412.8372
656.1165,368.8134
694.0127,399.745
679.5922,391.7339
548.8513,395.217
554.1768,376.9488
535.7482,359.8734
572.6593,403.9528
555.6457,372.7424
596.0868,372.6058
583.3298,383.7358
693.8463,387.8698
577.8516,371.0042
579.2113,353.5145
581.9823,346.17
683.0505,363.743
558.8857,349.2053
727.7585,389.136
534.9879,404.6044
590.0528,391.4028
656.7824,385.343
590.8103,396.432
665.3084,374.6066
644.8391,380.8347
657.9343,356.7514
647.9707,384.8357
664.9578,394.7242
512.2196,387.7432
686.6077,400.436
598.1368,383.6646
678.8059,388.5825
672.542,352.0298
675.0485,345.9315
659.3124,382.7942
578.8327,391.2561
631.2843,378.4593
687.3492,382.714
630.2861,376.3941
610.7642,379.3079
644.1957,379.9133
715.7443,401.2107
568.412,373.0787
562.8224,356.9236
683.4038,404.0669
557.9363,400.8473
668.7284,387.6544
665.5538,395.7138
682.3399,386.4743
573.5286,389.9001
565.4424,370.5954
572.2059,352.208
619.7976,371.999
642.0121,380.8329
566.1628,338.6935
716.8829,393.8292
565.7015,370.7504
545.6525,399.3657
660.8464,353.9301
635.3834,373.427
551.6998,359.3352
652.1121,371.4856
660.9137,379.0902
569.6618,383.6345
523.9778,369.7846
646.8867,378.4907
560.5236,401.4778
639.3968,377.8225
666.1636,362.1665
586.8497,360.2041
589.6708,377.3373
574.8101,351.0653
656.4302,380.2461
700.4113,395.8377
649.8371,383.1145
587.9971,401.4085
631.1381,379.9157
643.0462,382.0181
496.8516,363.1103
565.5956,366.7302
608.3075,381.931
676.8845,379.8794
656.1942,401.5776
627.7615,378.2411
609.0147,382.9819
683.7438,360.081
627.0089,378.3621
707.9349,384.7018
715.8104,376.6147
675.7467,399.1907
556.2783,366.1875
675.0767,394.0344
626.8385,373.1832
704.903,332.7436
672.7268,377.8715
659.6847,361.9769
638.6098,380.2938
655.7995,384.8891
592.2489,367.5281
582.6622,399.1848
557.9953,335.7078
685.7043,360.9259
663.1593,348.8366
591.2151,355.5097
566.3799,371.2952
695.9824,393.2901
646.8358,375.8296
594.6539,378.7714
674.6801,394.2825
695.9125,416.824
676.7403,404.8905
658.5043,385.7082
565.5186,398.0834
565.1058,410.206
650.8574,367.6722
667.6122,385.1485
582.2198,392.8011
669.3708,345.9277
580.207,407.9153
585.6395,386.5919
663.9801,382.6256
694.8121,354.7578
595.0276,391.382
688.3336,356.3268
653.479,389.2572
566.9078,364.5586
581.3717,389.5634
557.8147,397.4074
668.6909,408.3917
597.8544,376.2771
586.4891,366.9124
703.278,385.0668
589.4739,358.0585
635.1008,381.539
567.5911,401.4603
587.2109,350.9854
706.3515,394.1705
566.7814,348.5601
661.7413,375.0609
671.6951,413.7063
727.9189,370.7159
594.7543,365.0041
591.4494,377.3178
661.46,381.4609
567.8001,360.1973
584.9973,377.725
579.0644,372.9553
547.4717,385.3615
528.0127,341.6214
570.8612,377.1265
662.9378,345.6835
529.1868,401.2711
698.9064,379.8996
689.3149,391.5106
654.3141,386.8618
664.6231,376.3078
572.7953,407.5659
583.5009,371.036
562.8727,358.3591
541.0971,417.0619
690.7034,400.8797
721.3798,374.8902
659.2764,386.518
679.9362,390.964
536.2724,351.2606
657.1459,381.9337
654.8953,357.4203
660.4252,369.7886
554.9887,361.4316
706.8269,404.2652
554.674,346.415
577.7867,407.0403
583.7081,352.7993
584.1293,362.8942
581.8006,388.328
714.0375,378.2836
655.2475,362.9281
659.6052,365.3238
578.6025,365.5956
692.9382,388.4
607.2156,380.5841
562.7116,389.2985
682.6926,356.6325
701.514,361.6636
565.9463,397.2798
574.7784,370.5832
647.9569,370.3502
672.6835,346.2921
695.2191,384.7371
658.5244,376.7326
652.525,358.5511
679.6275,376.912
679.5086,343.8339
722.6395,352.7859
645.0927,388.9587
685.4482,390.2769
677.7352,343.9548
651.0681,393.348
673.0193,387.695
576.6154,367.5616
668.0827,359.705
582.8073,370.6191
665.2133,365.1148
595.6384,372.9107
561.84,391.3842
578.6063,357.8396
542.3048,401.0267
568.2623,381.1336
666.2182,372.9913
565.1984,377.2261
659.3372,348.6771
572.9235,353.7705
695.4456,364.7097
634.9214,377.948
698.0726,380.9911
583.8243,396.1011
619.0782,373.4436
598.5243,384.6578
638.8233,379.9052
534.428,398.8782
556.3653,345.1579
532.6618,377.157
683.9423,365.5482
617.6468,377.2133
665.2848,349.9827
636.0331,382.9902
704.5225,381.42
662.0992,350.6257
688.1721,389.6528
568.9044,355.6589
643.9179,371.1142
682.7284,408.7898
561.9475,371.4013
667.6431,386.0252
662.0106,407.4229
650.4664,360.4926
625.1858,379.2113
591.2121,373.027
565.0711,352.1081
729.9477,336.4086
709.8286,348.4791
565.0407,351.9897
676.6378,402.7427
657.7973,369.1179
607.3268,372.0442
583.9479,356.6371
691.8804,336.9609
561.2474,393.4253
571.6056,388.0758
555.1452,390.4339
648.3957,380.4225
699.4015,364.837
619.2013,374.3441
625.2862,380.311
594.205,371.7958
664.5379,362.6519
651.6919,380.382
570.3246,409.9251
690.495,411.3566
594.5991,390.1004
574.1873,375.0377
631.8706,378.4735
694.063,354.3197
700.0887,368.7742
661.6773,392.7583
588.1221,386.2368
644.7164,370.9229
691.9557,362.7133
703.069,355.025
654.2861,369.9554
713.5157,391.1693
687.2029,403.0133
601.7456,382.5458
571.1056,409.1426
581.172,373.2779
685.1377,377.0132
676.9443,353.3746
612.3099,375.5694
691.3969,383.6035
563.6813,369.4701
709.4239,397.4188
654.6192,391.0861
689.3812,370.1661
568.2105,386.4107
662.5049,375.5244
716.9432,391.2854
683.679,362.68
676.3968,383.5322
657.668,393.1381
564.3097,341.3214
668.8734,351.5185
659.019,357.0474
576.3395,351.5439
666.1358,379.9273
651.8599,396.5388
584.3679,385.5402
531.9036,343.9671
538.5115,354.6446
580.5871,351.2797
650.1264,388.4111
570.167,347.7097
666.1429,390.6656
663.7987,396.0701
667.1908,385.9641
619.524,371.5874
566.7211,352.6498
658.4262,377.0136
622.7316,374.7033
548.3876,374.3694
537.2479,352.6424
640.7778,378.911
588.6537,389.4894
662.4815,375.5301
668.3907,351.7348
649.8848,363.4748
654.7837,373.7354
673.9264,387.7686
667.6648,353.1439
628.8613,371.6497
673.346,345.4025
581.2013,367.1648
621.5645,374.4191
582.3685,371.4755
627.2147,376.91
575.4785,374.9498
639.6015,371.7511
537.0572,370.4175
654.3247,399.1693
627.9418,378.1513
574.9721,372.8291
690.0836,397.3927
640.4116,372.3114
573.1689,371.133
655.9704,356.3673
565.6544,402.6787
608.9595,375.4727
651.8714,381.2916
580.2048,397.8373
609.8477,378.456
542.0001,376.6882
554.0023,408.7325
674.5272,372.4348
560.5129,363.9915
662.14,364.7586
686.5219,375.4499
705.9179,385.389
559.3167,410.2215
570.2907,405.1872
516.046,357.0904
653.0208,352.9302
668.4421,374.6664
580.92,389.1579
652.1096,391.4606
565.1592,389.269
674.5046,381.5563
672.8435,347.4866
600.6859,372.5299
576.2601,345.6732
584.2901,352.9144
663.7904,397.3757
664.9199,407.7717
673.3095,391.3559
578.3359,351.325
717.3267,388.8012
677.6395,384.0532
580.7113,388.1781
589.0879,379.5885
582.9407,353.5014
667.4929,364.7788
584.6518,387.3164
545.1672,349.7192
577.8056,378.2643
561.0744,355.1436
618.4563,382.9668
619.5376,377.4688
693.3639,358.5286
566.5187,402.6862
635.1142,377.4382
581.9592,392.1176
596.5715,386.3015
558.6418,396.4881
662.6002,347.7236
573.5299,396.8974
663.1375,368.8437
686.964,355.9997
675.7583,365.2065
581.8993,362.5504
636.1785,371.2853
644.5551,381.5573
550.2788,370.996
607.8178,374.9252
593.416,358.5621
713.1731,382.2206
566.6161,351.1621
664.6163,353.3496
548.3093,364.0589
676.9184,353.255
594.4248,392.0823
581.4455,350.1155
655.5479,378.155
650.7598,376.8955
566.9107,385.3978
671.7038,381.435
525.9741,368.738
593.1022,385.9475
654.2613,373.4475
596.8857,385.9337
619.7401,376.0567
550.6484,392.8346
613.9926,381.6128
555.6544,386.6279
694.4048,386.5457
667.5567,412.3987
672.684,404.9623
701.7221,418.4281
684.3094,385.2266
551.8239,401.1636
622.4427,381.3218
669.7078,356.6233
580.1984,373.7488
591.9718,384.3992
660.8387,348.4974
656.7293,369.3791
668.2808,384.6314
709.1277,366.8712
553.7974,356.9501
569.5972,383.3969
593.6679,360.8392
611.2408,378.2113
675.4252,347.0538
601.7635,377.4568
617.5351,373.1368
591.7928,396.7769
559.1027,398.3625
681.4475,355.276
655.0563,364.8126
629.6981,373.5789
634.2753,379.332
595.3331,379.5072
671.1601,387.604
701.99,370.5247
640.5023,375.1046
623.6573,373.0496
681.0035,347.1106
589.3676,381.4266
569.7775,389.4193
631.2941,374.1012
656.0801,367.3406
662.6205,362.5632
594.9821,367.1349
680.0341,366.0286
657.2259,366.1079
624.53,378.0737
604.8009,375.6443
742.3478,346.502
696.8918,392.1099
681.0293,372.0599
619.4337,377.1509
641.809,378.9201
589.1902,356.1185
531.0658,363.7173
656.5237,366.9911
604.4899,374.1699
547.7374,390.0347
587.6578,395.4585
654.7488,377.0492
587.5619,361.0907
676.4675,353.3503
552.0094,365.672
563.9901,396.2101
579.0333,397.0456
738.0063,366.8432
573.2502,409.1258
617.4492,379.6652
665.2341,354.5865
595.8578,365.8946
578.7162,355.3202
556.0326,394.9255
584.0042,353.2356
665.847,379.5724
665.4456,392.1522
685.6537,353.1217
591.6311,398.1038
718.1553,348.2614
621.931,371.7642
556.382,403.8365
652.3054,365.1364
649.7623,375.1537
655.9185,366.9894
595.4453,387.2203
669.7482,390.1882
609.8516,372.7004
573.8016,383.6246
661.3163,357.2203
560.4875,412.7989
674.1409,375.083
558.0678,348.2077
647.6962,391.0936
554.1723,381.1012
626.0024,381.2084
585.3837,357.6601
587.2581,360.2456
561.2315,337.9416
616.6103,378.21
590.2504,392.1854
657.0523,350.7849
661.1311,349.0939
622.8922,377.5729
678.7368,375.4515
735.5986,389.3325
573.6711,385.4554
654.2087,383.9896
566.1019,406.0159
607.5659,381.7697
542.9569,346.7755
662.9516,344.6467
621.8945,376.9136
655.3191,353.661
725.0729,397.5406
685.677,364.6786
657.853,392.1101
541.0044,362.2437
674.7611,355.4274
646.6501,383.9692
603.3757,378.9326
662.2397,345.7754
587.9099,358.2615
567.7841,387.56
721.8234,379.5751
567.067,383.1563
672.9822,390.626
591.2751,387.7885
565.5238,346.968
656.4857,370.5767
588.2912,376.4609
656.7027,390.248
522.4438,415.2636
541.8603,409.7026
626.9929,371.4113
650.6107,369.5423
540.2806,402.2099
663.0295,392.5417
665.1013,362.6455
706.3704,359.2086
653.9801,395.9061
629.0232,382.7083
648.9305,365.7509
579.3781,375.4279
695.3928,410.4135
588.2752,389.6865
550.4588,375.2723
534.1807,404.7941
568.2694,380.058
654.5319,370.5741
664.9465,390.4542
623.6796,379.7654
711.4942,410.9377
577.5695,347.3298
539.3876,390.7312
578.1796,349.0087
583.9483,377.5793
668.2544,342.5684
652.5367,380.94
615.9959,378.5177
587.6822,397.1579
647.1164,361.9222
659.4263,378.8046
617.7754,377.7155
640.6128,375.0701
680.4084,350.2512
660.2231,403.9366
586.7578,365.8408
655.5085,377.0854
629.5531,377.1537
587.7119,360.7238
531.7655,362.8987
570.6886,358.0336
586.0155,382.7599
562.2262,360.4818
568.8719,355.2922
655.3619,379.5806
584.8388,384.4724
507.0036,399.6113
576.3627,354.2407
630.8164,371.0994
561.2455,364.1823
682.9661,381.9253
566.7291,341.9576
500.8809,362.0142
578.7745,377.5972
652.7402,382.8546
674.0422,345.6393
649.4251,359.252
543.399,404.2901
621.5063,381.6766
662.9917,380.6652
637.1648,382.1322
637.7571,374.0068
601.3386,372.5866
575.8677,379.6895
589.8788,377.9772
569.5457,374.2476
724.2572,371.7542
661.0982,393.7132
569.9592,395.8232
685.4538,345.9569
665.0721,357.5811
671.039,393.9849
612.18,379.0739
678.5431,370.0589
535.9889,392.3709
651.1039,377.4749
690.28,377.2532
587.069,354.1252
684.9437,389.1752
550.3316,403.4914
687.3889,363.6599
639.6097,371.5546
591.5521,380.9461
578.477,362.1387
641.3718,379.7322
657.8794,405.2898
673.7277,371.5881
668.2914,383.5986
658.7226,405.8798
619.2253,372.0674
590.5434,379.5048
661.0623,393.7874
654.1627,400.1524
585.8359,351.7345
595.1545,361.6998
556.2999,397.8857
585.6093,379.6721
663.9925,362.5186
589.7119,356.0012
527.3572,356.0868
595.1883,368.5086
677.275,369.4113
691.56,378.3768
519.7696,356.0564
580.4698,398.1373
655.4216,391.3075
556.9733,402.8724
565.7449,382.8398
584.9336,385.9809
570.0711,385.8155
672.3255,348.1641
682.9506,355.3788
724.156,353.636
545.9857,354.0491
596.949,366.8241
671.6992,394.9973
596.6197,373.8528
644.8394,369.8761
665.561,366.2335
681.1453,376.1368
584.4569,405.7599
666.8821,354.6256
719.5945,355.1891
596.7017,372.2659
592.8046,360.9881
654.5409,389.7119
600.0613,376.5244
653.7097,383.7132
651.5427,383.8004
681.6274,395.7161
694.9138,347.9028
656.4641,353.1667
649.2517,392.5319
604.4397,373.7101
638.9816,381.4353
652.5923,395.6207
712.229,375.5682
586.574,369.7719
550.9717,360.3066
623.0389,377.1373
589.815,360.3757
554.9385,364.4417
673.3947,366.6173
683.5694,378.6835
540.4307,354.3437
543.0191,398.2628
570.501,351.2399
547.3156,365.188
661.8469,373.2323
650.3099,386.4943
573.2666,355.058
669.3326,340.6197
673.8295,393.286
532.523,351.7806
674.7282,390.8821
667.8379,362.5041
610.4276,380.3676
579.4102,347.4641
629.9916,381.9995
555.3923,387.2037
646.0317,388.6195
565.1864,350.8966
649.6212,391.1557
570.8471,390.9283
670.2614,386.1956
641.8931,375.1078
685.2225,362.3101
562.1527,412.0607
590.5324,385.1252
570.9092,366.2655
545.2528,421.3576
570.5744,376.5605
559.355,363.1583
614.3789,375.3493
608.978,381.8663
660.5105,350.3605
684.707,352.8625
569.627,370.245
683.3147,387.3702
558.6789,414.1143
706.1238,405.9214
662.3861,366.2819
601.7611,372.669
565.095,357.8627
646.9782,389.0059
624.1842,377.2515
649.8414,391.7792
574.8434,382.4767
675.3123,402.8214
565.9752,391.2391
588.2856,379.7834
618.2186,382.2577
644.4262,377.6905
708.2429,390.0965
667.264,343.1201
685.1768,393.8314
668.8125,400.2058
599.4696,381.9064
684.5947,362.4822
645.5853,387.2791
524.8532,410.7336
660.0015,379.9487
684.8959,344.6254
581.868,368.4111
591.0379,363.7592
689.6117,401.3722
537.2136,371.3774
614.3332,374.2055
653.9616,370.8588
659.5366,395.9743
559.8117,362.8795
621.3373,380.5134
661.732,360.1384
520.1884,372.2088
597.9532,373.5951
583.9569,393.2202
555.4217,398.429
679.0135,409.5786
590.1382,382.9598
626.2538,376.2576
587.5675,400.1809
603.2568,377.1556
693.5199,407.356
683.789,397.6099
644.2189,371.756
571.6526,364.0856
647.5738,369.2451
660.7742,367.2948
654.9941,373.7656
713.9977,344.4623
655.1755,355.4227
594.7393,377.0693
563.9689,353.3657
603.3593,374.2173
651.9656,395.8091
659.2763,365.9462
601.2396,374.5757
651.4056,395.7336
684.8075,365.1463
555.0181,358.4117
590.1366,384.4293
692.7805,347.9268
580.406,394.2503
656.5141,355.4004
552.2602,374.1475
570.9858,369.8495
653.5657,374.417
653.1604,384.4415
572.9877,405.4446
730.7927,397.0126
639.5769,379.9041
699.0896,404.6103
670.8677,353.9814
684.7435,373.172
703.5196,413.7341
563.2384,380.8673
687.0674,344.0648
564.5346,365.3255
623.929,381.5527
592.2601,360.1006
633.3755,382.2871
578.0215,350.4012
701.9422,393.7319
668.8531,392.4113
676.1857,372.0009
634.6622,376.8958
681.4394,386.5362
538.3287,340.7419
647.0183,385.4631
645.6751,369.5251
610.8681,376.7901
688.3735,383.6256
650.4261,359.6838
682.9243,392.3168
620.1202,379.1464
591.9921,374.1662
550.2462,378.2325
683.9976,404.1811
677.2746,354.0016
572.2575,384.5954
689.439,386.7664
734.6699,394.5368
558.0406,359.0234
584.3333,373.276
565.7999,369.8486
575.3998,370.1104
672.6365,410.8159
632.8327,373.6612
598.0052,381.3576
674.5392,359.1465
668.4517,365.9841
648.6398,365.1577
607.9516,378.4804
585.6865,401.6507
628.5629,375.7837
624.6447,375.3304
581.9909,395.0824
534.1431,394.6546
568.4594,380.2097
527.3481,348.4409
654.0737,356.2956
585.6004,356.1647
541.5308,388.7116
628.5126,374.5436
717.2369,382.1001
650.8223,356.1907
669.7127,357.174
594.0255,393.8505
622.9511,381.9905
659.406,398.2147
562.3702,360.5838
667.1029,357.3675
666.4991,373.8285
674.8274,397.2476
575.0629,406.4396
683.6252,366.2517
659.4161,367.7675
582.9071,347.8707
677.484,353.0003
609.3484,371.0608
653.6893,396.2124
649.6298,392.8472
657.8668,362.0979
547.0264,363.28
596.5628,381.2537
678.3857,351.3746
653.5356,378.3235
519.3118,333.5773
657.0942,364.0517
573.9505,373.1283
735.2645,393.9974
576.7864,402.0798
606.5862,382.0915
589.545,363.3307
715.354,398.4125
558.0456,349.2775
650.3012,367.6435
571.2921,373.0276
660.7108,404.2824
514.2866,385.5718
590.1589,358.8231
680.2925,417.0551
654.1919,351.6533
580.9478,383.1829
581.2085,377.966
688.2756,375.3977
513.1014,361.0552
685.8594,351.8381
665.4694,370.6992
585.3285,387.1171
569.2257,385.0409
675.7459,341.9914
674.0586,352.7682
537.4746,362.4491
520.7666,381.5344
558.5298,363.4022
592.4951,382.9832
609.7686,377.7067
663.8779,396.4813
520.535,418.1635
570.6755,399.6533
645.3923,381.9554
648.392,393.9634
570.7071,406.6898
675.3725,376.5277
540.241,394.3373
323.9955,402.9925
415.6367,337.3619
473.6722,543.0292
408.322,332.0923
574.821,514.4873
492.231,467.4527
733.2055,559.0095
444.9439,491.9251
500.4618,471.9757
491.5228,443.0353
678.4773,555.395
690.3888,336.9473
652.8023,516.3596
710.171,527.1663
384.0591,440.179
426.7921,558.2364
318.2381,565.8378
338.1892,326.392
614.8231,555.3576
508.0547,521.7
642.9873,525.9194
325.8747,538.9799
619.5829,392.7674
660.1408,325.4391
504.7388,452.2066
458.1129,477.3475
370.8713,551.3065
439.3045,369.9827
636.6534,482.4863
738.2193,505.5585
632.1979,515.5966
426.6307,491.3513
388.0681,516.0713
547.5396,421.7655
684.7985,368.6203
350.4428,522.7253
590.866,416.4363
477.1629,347.9565
449.2429,369.042
447.5588,528.2993
310.9524,346.7279
524.3083,436.6979
722.7502,489.2133
717.8941,487.7293
727.4601,417.9736
681.4373,431.8438
345.6992,352.2495
535.6206,498.8406
524.0341,364.6454
553.0632,427.148
540.9583,559.1012
740.5822,417.4994
335.2671,514.7707
633.2212,544.513
527.4621,564.1921
487.9037,370.6739
406.2961,471.7232
746.8707,507.4556
310.1445,352.6538
712.0862,447.6562
634.0741,335.6928
325.2498,392.328
406.1399,463.796
372.3625,391.5406
502.3519,513.6059
318.9023,463.214
602.6585,369.4467
730.6972,420.0141
609.6833,402.4006
327.7653,513.5351
407.794,434.2156
434.1134,436.75
360.0776,466.6881
484.6328,426.6631
347.2582,467.4916
500.5007,358.6859
532.1326,505.7352
539.6861,536.779
657.1338,462.5877
395.2109,416.6959
543.1457,472.5955
476.6005,432.6152
373.4136,339.2204
449.8254,348.5635
708.4118,446.7011
313.7254,556.281
384.9367,478.3607
637.6385,393.715
443.9021,351.7837
478.434,451.1377
549.1437,479.5747
319.2881,430.105
675.479,563.5317
634.4803,343.8677
548.4269,508.4045
516.3869,531.0735
723.8221,438.0488
387.5144,528.6329
697.6603,330.9679
425.2412,387.6439
417.9539,448.615
427.6102,449.7992
384.6971,526.1124
366.4612,505.722
648.9529,418.72
517.4372,423.3835
539.6924,358.3702
392.8164,536.2965
668.0755,398.3758
354.1297,403.7283
345.8403,362.8562
639.9764,472.1884
505.614,478.0545
392.5032,331.7862
698.5438,564.5485
564.3706,437.8086
703.5486,561.8721
735.7924,523.4684
325.1613,541.2989
663.0723,507.9481
721.7987,446.3142
387.3671,372.3331
467.4368,479.7014
424.8499,334.0101
659.8,366.6206
628.0855,332.7483
643.6678,469.7581
407.7406,382.0681
636.6885,515.3278
553.3578,423.5623
713.6994,502.7045
607.9125,509.2086
434.7663,554.5919
530.5695,341.2017
591.035,505.3013
525.4361,506.6288
313.3712,450.8782
479.2398,438.7653
376.486,542.0139
560.9338,423.3176
392.0186,338.406
360.0052,433.3434
632.2074,395.6005
416.1322,510.1194
641.6361,371.5769
412.7573,377.9471
364.7364,499.3249
696.1286,439.8069
467.1335,360.1441
608.1462,391.9178
357.7593,361.6552
443.9855,467.0479
599.1482,515.7088
700.5458,370.9686
595.9888,508.6173
653.233,377.5141
619.7225,524.7879
573.0345,468.2514
552.571,523.8567
377.7297,486.2422
498.2389,364.4081
678.1106,497.9419
361.3223,562.2282
690.2679,411.7052
594.0657,443.8288
680.3193,403.3867
555.5844,513.1923
619.6413,499.6392
580.3611,436.398
404.9616,555.2361
432.0509,383.4563
543.8985,518.0057
572.7245,401.6786
520.0414,460.8024
643.2334,372.6656
564.5932,374.3464
616.6935,492.1868
491.7789,421.0263
344.3276,405.2034
512.5175,546.5722
686.0799,511.9405
520.7634,418.769
609.3095,415.9917
653.0374,470.764
741.2334,409.828
698.6243,406.4528
594.2526,539.4201
461.6034,558.1428
509.4926,396.4809
697.2011,328.7181
652.4305,411.9265
648.7174,559.3982
573.9669,417.0108
699.2935,487.3151
463.5703,543.7339
599.1236,562.4651
585.1398,492.3808
319.128,461.1114
723.3382,427.1716
704.9528,411.5985
481.8846,556.6949
522.0724,503.6667
303.1906,389.0361
625.8911,518.6024
310.0438,443.6693
538.6057,561.5951
369.0839,503.768
466.3686,467.9952
677.3952,491.3674
440.5601,467.8079
352.6577,505.2424
655.9666,474.3358
564.8499,348.8
695.6259,504.8088
658.4734,521.6277
506.518,497.2701
643.8713,505.4259
540.8968,366.7443
396.013,554.5753
512.014,476.2996
445.402,566.3468
750.831,504.0536
719.5749,368.9923
442.9134,542.7816
