2,NO,4500
429.464,542.4283
433.7175,455.2851
428.1995,522.4556
398.0695,398.7826
445.7342,470.7386
430.3084,518.1877
413.4531,431.5275
416.7234,415.9639
446.2468,521.1869
430.7997,503.7454
356.4829,439.6072
382.9562,398.7727
438.5222,473.1796
402.4851,419.7943
352.9065,413.3268
394.8748,398.2597
395.4323,419.9821
428.0655,505.4545
445.7355,554.2637
429.8383,466.6643
367.4205,412.2345
351.7561,425.4611
422.8654,416.6223
362.6171,434.0291
445.4588,451.536
433.8633,543.7344
409.3299,395.9825
354.5144,421.1379
423.8647,415.4096
393.3877,422.4254
348.3785,450.3078
359.1849,444.05
442.8429,448.0713
432.0231,445.2924
343.808,436.3622
442.6922,500.2223
432.8471,498.8232
440.933,483.1407
343.428,472.7122
390.9563,393.0799
348.3509,436.9622
426.1869,425.6348
376.3046,394.578
428.2964,543.7389
417.9202,430.455
443.0882,456.9738
430.3417,521.9085
432.6165,492.0933
348.6128,410.741
403.3381,425.1636
347.1951,468.9663
432.8114,419.8652
400.9046,397.2468
340.8829,470.0255
355.0717,453.1449
430.0758,524.3641
366.4031,401.4765
353.2136,454.1765
424.4778,418.0287
360.2098,403.8826
401.4134,389.494
343.7873,450.1616
396.3322,417.6179
397.4564,405.6108
438.0843,538.0588
445.672,457.9895
426.9023,500.8164
335.3591,465.1193
419.4848,410.0074
403.9354,392.5326
358.653,420.2662
426.837,439.3577
365.8201,412.9244
443.0911,454.1888
362.0911,399.0514
435.7456,453.3583
361.4793,413.227
406.3203,394.2367
447.2941,525.314
436.4288,432.8199
429.5818,476.898
349.5457,419.7859
357.905,415.7252
413.6815,414.8535
365.6561,423.6641
437.0368,433.9403
430.4762,504.0324
440.4288,466.1292
413.0082,397.2416
343.449,454.1751
421.0976,404.1611
394.6477,403.673
435.2507,486.0234
431.9607,452.8333
436.0337,513.7685
402.392,417.595
408.7687,409.4667
392.943,420.4417
434.8257,512.3612
378.386,395.7285
355.5515,402.7128
446.5589,512.5073
437.3242,538.1623
446.6764,457.4102
443.5728,509.3958
411.6467,427.964
424.8676,469.633
354.8285,405.0408
425.5446,422.5028
445.7037,496.0692
366.6144,431.4223
426.0988,510.6791
341.5329,435.0896
416.7037,436.0654
395.1905,423.2388
335.1605,460.0647
344.4943,446.2467
444.2482,545.5691
405.1618,425.0606
403.422,411.557
402.8839,404.7554
359.0901,441.0216
444.4823,525.3158
425.2777,552.014
355.0899,412.7251
358.1279,444.5506
345.2963,450.209
331.5501,464.3785
434.8722,542.9793
366.0783,431.3767
343.0901,467.6889
382.6152,409.8977
445.5459,526.8365
423.497,410.8547
342.8516,443.7429
407.0786,399.2328
439.5304,472.4838
407.0799,394.2335
433.9869,480.8823
371.2854,411.377
432.551,509.5426
340.0041,449.2606
352.0545,474.6434
355.36,442.2945
369.4869,424.9106
344.4607,430.9367
354.1695,444.5221
428.8517,483.6908
423.6098,443.6269
337.5819,451.7645
428.8839,502.4025
348.1112,423.2118
334.6283,440.54
407.4613,414.125
436.7078,497.0093
442.3456,503.0687
388.325,389.6842
410.9117,409.334
437.7275,486.271
447.0435,527.3204
444.3734,479.6501
426.6394,415.7707
412.0904,399.4714
376.0926,394.775
343.152,465.562
443.3585,494.5362
394.8045,401.3367
428.301,503.9253
380.2102,389.9781
440.4537,495.3823
374.4941,411.2936
434.3401,445.6919
353.1233,453.6585
367.3836,428.3494
429.8278,442.5048
375.0021,404.5664
344.0413,468.7662
354.4391,437.1967
377.5751,420.4915
412.4015,402.8937
409.3649,429.7621
441.429,561.697
435.5265,438.8374
373.5615,421.0868
390.5901,407.003
443.9033,455.4614
343.0206,444.1153
393.473,411.0317
421.181,428.9744
351.3306,414.9764
431.235,519.9391
404.6005,423.6777
384.2764,408.6245
360.5864,434.9222
427.3302,464.2037
440.1927,557.752
443.3429,485.0715
350.4418,448.863
382.1905,394.2587
442.2476,495.2829
429.8491,454.5039
430.4417,532.6756
432.1518,477.8649
435.557,452.4389
443.3053,463.4558
346.6145,463.4291
428.99,516.2784
415.055,401.9227
434.9545,521.5529
401.4465,408.2078
361.5795,416.5165
427.926,550.7369
428.0513,505.8753
376.2163,418.1076
440.8871,476.0724
424.6,440.5189
446.2361,537.5239
356.7282,424.8188
425.6494,435.6408
419.7295,435.39
366.6377,413.0782
446.0792,541.9075
447.9773,553.9886
354.8299,441.7878
441.761,543.5074
370.4411,425.8296
430.6673,514.994
445.5268,469.3018
426.5587,409.7478
383.7859,402.3735
448.0736,480.4756
435.7037,479.8073
425.5714,515.4422
432.3294,477.6829
428.594,505.0921
394.8343,406.1784
448.1438,474.334
435.0724,531.255
433.6865,443.6842
350.5206,451.2842
444.9505,546.7622
374.823,396.8402
414.2477,432.4493
389.7568,416.8341
426.4045,557.0928
439.4221,445.8345
438.9186,502.4431
387.2535,390.1706
394.9097,412.8548
435.6568,515.3505
332.1976,458.3865
438.0215,465.9249
416.2389,397.5504
435.5109,519.9946
365.3056,419.8325
441.8882,502.5911
361.7,434.9153
381.7033,406.4303
441.7508,560.1927
399.2336,421.5942
339.3883,467.3825
439.4322,555.6913
445.4524,461.0774
420.4844,408.0178
420.5174,403.847
428.7729,493.2148
434.5651,536.2084
343.2104,472.581
370.6652,426.928
358.2235,429.7845
408.421,429.7605
367.8135,394.5659
344.3254,460.5435
358.6862,400.2758
440.4915,517.4496
441.7861,494.229
364.618,425.1853
429.469,520.1951
396.5003,395.3049
340.5927,459.5737
424.4233,555.2378
365.9566,404.5097
418.7723,442.841
445.1132,510.391
345.2159,440.1397
447.3531,520.9677
374.9665,396.7814
443.6655,522.0861
383.3514,402.548
435.9595,500.6827
444.4501,495.2475
349.5928,420.1075
346.0408,471.8288
348.2266,428.8593
405.0506,425.3374
357.7392,426.4626
408.4341,411.9565
409.775,428.7555
425.0547,512.1887
418.7803,439.5959
445.0365,453.0891
436.4437,500.4031
411.474,433.4878
366.2357,409.253
445.227,508.8059
395.3175,388.6444
447.7085,545.1217
404.8762,411.4074
353.8468,448.9409
403.8455,405.1105
445.1383,467.9133
448.0626,518.3666
412.9564,426.4915
440.1172,555.8911
443.4265,518.3522
444.0084,483.0074
434.8436,472.9615
364.0751,407.1565
351.9526,408.0305
407.3414,421.6176
443.0333,492.2358
348.9875,412.8405
434.5345,555.6546
426.221,555.7363
358.9422,441.2058
347.2234,418.9526
370.7157,429.9382
406.4623,410.1176
379.4245,400.1808
388.0767,401.8568
431.2198,475.7461
433.7045,485.88
362.7681,414.1342
391.5333,390.2997
448.1738,502.0591
444.9776,531.4848
432.5583,536.8302
345.2296,427.0793
442.643,523.4669
425.29,515.4556
364.5622,403.7217
435.3788,437.8127
441.4884,494.2507
359.6119,437.2787
394.0401,387.8216
426.2983,492.3023
436.031,431.8785
425.5351,448.837
422.7378,411.0219
426.7998,446.766
434.6911,532.6247
367.1455,427.9884
425.1702,452.5401
446.2682,553.6232
434.9587,466.6514
385.9558,404.8938
431.3198,481.6353
423.9838,458.6008
348.9982,430.6957
408.9673,395.9491
351.0072,464.1409
384.4467,420.9738
385.6763,388.394
397.7266,423.9427
446.9324,531.9621
427.3523,454.6929
441.6389,523.1845
419.4968,422.0148
424.66,522.6513
377.1608,405.7129
435.7133,465.5315
346.2557,433.3451
344.4993,449.501
412.5445,425.2954
412.3659,401.7985
433.3195,424.4127
409.3957,404.4893
389.5671,404.589
439.3199,456.7004
337.0973,473.6127
390.7855,402.7256
333.6,456.4487
444.0081,507.7174
435.6788,489.9647
427.7737,546.9283
376.4036,419.5094
444.8732,549.1876
358.5061,439.143
398.315,417.7386
435.1738,430.7796
434.2134,523.1837
339.2724,435.7947
407.0612,428.7562
406.7676,422.0837
346.3741,420.9938
430.0047,419.3687
445.2168,460.6868
426.2509,532.8816
399.6709,424.5682
407.0008,428.9874
409.9077,413.3459
414.8373,424.6904
437.4284,509.3405
425.3549,532.3025
388.151,422.3913
435.8328,444.876
397.171,402.8029
444.877,504.8406
400.5855,419.1108
333.8402,453.3591
428.5689,432.7398
428.3509,515.0367
434.9058,512.3469
448.1052,529.3054
371.4062,410.0274
355.0422,416.0658
415.1346,411.5532
347.4669,435.0284
427.1297,459.1322
429.988,510.1251
384.6835,387.8385
439.3254,475.948
447.5162,504.6747
343.9235,437.1943
374.6266,422.7242
347.0751,459.1638
441.0807,438.2777
443.4547,559.5643
370.6343,398.9537
387.2185,413.9978
352.2281,411.7212
424.9949,449.979
428.1109,486.388
342.9331,454.4994
391.4199,397.322
380.6545,407.4202
444.9833,453.5019
445.7468,459.4331
363.7866,404.6067
428.9229,556.735
426.6953,523.4369
403.6708,414.2056
422.5203,444.9827
428.945,421.6508
343.9164,446.9346
428.5501,431.1452
386.6985,410.5532
429.6016,434.6391
341.7821,469.3961
393.0321,416.7502
378.3613,393.8858
430.0138,490.0104
407.8495,395.3649
428.784,428.2393
342.0766,447.1299
349.7018,425.9953
440.2475,482.9813
432.7676,482.0321
426.0314,422.8093
381.743,408.8558
422.2933,422.3265
418.6261,418.3108
381.0361,407.7462
379.7703,414.6087
376.4552,399.7741
427.4181,554.2647
407.3555,400.333
338.0006,439.2182
398.3568,400.5123
440.5935,545.192
365.4108,420.885
445.3505,530.9908
432.3902,454.2455
386.2325,415.0583
442.7912,499.5113
341.6102,613.5407
306.911,583.1636
314.836,581.8499
307.8067,501.127
319.3723,525.4803
345.2135,475.6694
311.1494,507.2085
300.5554,519.4642
304.664,550.202
317.1944,486.0917
343.5932,480.5247
320.8061,492.2328
369.1461,483.9583
386.1863,473.3034
345.0732,466.0254
303.3734,559.8546
312.159,534.9331
312.4968,508.8273
358.4815,466.6688
320.5495,498.3537
390.0715,476.1498
304.1361,550.2407
345.7013,464.7297
321.0833,550.5846
311.8957,532.8515
375.3821,456.4868
334.821,480.9438
314.5052,570.2923
308.6181,581.8384
412.8172,476.9208
355.0175,599.9778
373.3672,467.3608
359.8221,471.8844
303.4582,525.7244
387.128,481.5758
309.3408,560.1444
388.8416,460.3902
355.8555,463.0243
398.0052,469.9782
302.22,532.5622
313.6381,498.9144
325.2054,594.043
308.3184,512.2413
302.9547,525.072
355.018,611.294
387.7206,480.1119
326.8315,470.2642
394.8191,456.1261
311.2286,583.34
331.3673,576.5958
336.2438,477.0494
315.8052,494.8845
394.5625,474.3165
373.9811,486.576
310.9304,495.9728
328.9568,599.8636
324.7601,573.6869
302.1251,567.0724
310.7108,497.6089
313.8058,527.7415
351.6202,473.6344
318.7889,488.6664
307.5185,584.1247
316.1695,496.6281
405.6889,458.5256
390.0518,475.4041
402.5213,480.8465
376.0332,487.8331
314.8046,530.8876
310.9147,559.8224
337.9442,464.9224
341.6172,611.6952
308.936,537.4663
412.7973,468.6095
317.9656,501.3104
304.8685,558.0797
322.6777,565.3326
351.7539,602.7279
369.421,464.4889
336.7059,468.2411
346.8926,482.4913
304.6724,555.6944
313.8975,547.4847
310.5813,561.4163
393.4264,477.6264
318.8529,601.6705
357.351,475.6948
375.5541,474.924
327.9435,582.7989
316.0874,485.9766
304.4872,559.4058
343.0142,611.4607
317.764,513.8689
313.5206,534.1028
371.8814,459.117
408.2512,475.9752
346.4077,478.6431
352.748,619.1029
311.6666,561.6159
328.5421,482.1617
310.2271,529.0577
319.0125,476.9027
370.2113,478.5271
318.4851,516.9115
326.472,496.1742
317.7223,518.8745
368.9151,474.4645
331.7106,492.6809
337.6779,467.8687
331.1678,491.7436
361.0511,477.7062
341.3808,490.9643
322.5196,605.2862
415.952,482.422
328.3554,504.0217
411.9407,466.046
352.0476,598.0322
306.1383,504.0496
310.1799,489.8073
304.2072,554.3417
309.5248,590.0772
406.2671,472.6185
333.6922,476.4321
317.4802,574.9873
327.055,495.2095
352.2463,477.2295
313.4776,571.8411
313.6396,528.4138
375.1162,474.7124
321.0529,507.1017
382.0893,459.5335
372.1049,458.5471
418.106,490.182
362.7166,475.2943
318.6602,526.9616
331.4141,470.6296
335.6456,478.9314
409.0367,483.9936
366.972,459.2578
333.0234,581.4265
315.1857,530.9745
324.3628,511.2864
359.4475,464.6051
362.3365,460.1548
390.3059,490.1093
403.0662,459.7991
322.3489,546.48
311.9168,552.9486
357.0582,609.2869
370.28,471.5797
378.3078,489.4047
363.8975,485.5233
325.1888,596.8162
307.143,496.1923
412.3848,467.3403
357.8031,464.5288
326.1348,483.3146
329.5746,584.951
347.5478,610.6441
364.0555,456.2629
299.3032,547.1135
319.8172,494.4797
306.2301,544.8164
416.7685,464.5351
360.1804,474.2517
328.9861,490.8985
315.6919,502.3858
332.1249,497.5807
391.9111,475.0662
353.8585,603.7427
337.0431,587.1626
309.4746,584.8137
384.8581,456.307
318.9266,498.939
318.8253,519.1787
339.7987,608.8961
320.1303,510.0949
313.8516,487.8062
357.6655,612.2125
417.6842,476.2583
372.5222,475.7343
355.1561,476.6287
317.8994,585.4642
407.7668,476.6371
354.2184,477.3533
356.1456,461.5788
329.6698,472.9169
329.326,584.1369
357.2288,599.9773
322.3647,580.3507
336.1901,606.5964
309.9864,577.475
383.9452,485.1515
303.3744,554.1839
326.5525,608.897
299.3863,533.0298
333.389,472.7523
399.1663,462.376
337.1049,492.6595
311.1484,560.9672
309.8886,502.5215
323.5433,492.8517
399.8671,467.1906
323.7556,586.3304
310.487,589.3029
326.7376,470.8904
309.0607,547.7315
338.457,496.1049
327.1472,504.7281
339.1837,472.0577
326.4415,516.3744
370.1428,466.7977
355.1672,487.2737
311.7124,493.516
354.2161,611.0798
370.8267,463.5747
348.453,596.1483
348.8358,467.6973
364.1362,459.4339
352.1814,489.1025
332.899,495.7904
361.6716,455.5656
329.427,593.001
308.6709,563.274
416.9284,474.1545
322.0545,488.1865
324.7913,568.1535
343.3857,623.6125
352.4905,474.5736
323.7162,514.1439
323.382,495.8524
335.5628,593.4086
360.1777,483.8062
340.9711,587.0855
406.9275,456.3378
342.4295,461.3183
370.5845,456.621
337.5447,478.7619
346.7697,623.1409
349.0658,460.1687
327.4173,574.2878
393.1083,457.8625
342.2956,615.5928
304.9517,524.3332
353.0118,601.8022
308.5048,516.4863
361.8342,489.1007
381.3437,478.3733
303.9967,563.6938
314.9355,511.5991
305.991,571.745
312.3894,520.3873
347.9598,457.9548
338.4606,485.7891
352.5951,472.6908
395.8513,467.8168
302.0533,515.7296
301.706,552.5832
311.0351,590.5537
399.1096,474.1855
394.8499,481.7496
348.2557,485.1031
333.2773,618.9025
321.8472,578.9123
352.5331,484.7354
347.6877,613.3597
371.8797,459.2754
404.1565,472.9213
319.9686,583.2431
335.6798,483.4039
315.2049,547.126
358.1796,611.5437
336.8143,588.6069
312.0188,488.8822
356.1448,610.2776
331.0483,605.8839
323.129,559.5122
396.8758,468.1529
358.1799,596.8505
333.5473,586.1993
395.1477,462.0798
321.3734,573.1807
318.7368,592.8447
392.2361,486.3888
386.1016,468.4557
308.5124,561.0789
328.7865,592.0554
318.8729,538.553
343.0707,605.0816
354.2698,462.509
346.4363,458.3097
349.0572,597.1736
311.8153,486.5712
311.9859,508.0914
301.3952,520.6491
321.7931,606.4359
387.4884,470.463
328.0897,476.272
318.0023,539.2236
316.7284,547.3549
319.2356,528.0416
301.256,549.8693
320.5959,474.1501
341.4223,618.8171
303.587,567.2831
334.7033,599.7937
304.7496,564.2295
341.2733,485.4757
310.3665,490.193
313.7908,557.7295
365.774,462.0096
329.5751,606.0741
346.0585,613.0965
396.5779,460.4124
353.5107,462.6462
348.3331,479.726
397.7616,456.4598
305.4505,539.1512
394.581,475.3383
310.4261,544.9055
307.3708,523.9046
380.5395,460.7111
306.4276,506.366
300.8122,543.8476
348.8939,596.6012
314.5245,550.6051
319.4992,512.4748
315.9192,570.4858
355.5278,489.0394
314.8078,515.4333
308.5063,532.873
408.6023,459.0403
369.5113,470.0176
362.1531,463.9864
357.8262,595.8783
308.4516,545.8337
306.2598,574.8289
341.6092,619.4652
322.8314,502.0721
306.4458,570.7501
327.798,481.4061
399.2338,481.4074
346.3555,463.4355
346.1818,608.891
339.0948,478.2077
316.716,498.1315
327.2532,580.6954
359.8206,486.4823
348.95,461.4798
358.3379,612.0685
351.5607,488.3047
405.7003,478.1519
302.4031,525.0676
306.2876,575.9053
401.5789,470.6442
353.3687,625.0849
316.3838,508.108
308.9493,545.158
358.5216,464.4624
343.0562,481.2542
312.8633,532.6615
386.4082,460.0951
322.2873,590.0896
343.0157,481.5854
376.4806,477.395
378.1277,487.1496
374.3484,472.2469
353.4657,618.823
416.9752,456.1863
318.1011,598.3907
390.3201,466.1073
324.9978,470.7333
406.6324,486.8651
326.7038,502.5962
417.5013,483.5363
302.4329,548.8139
315.3479,503.8332
319.8912,564.5267
318.0818,513.5647
411.9484,464.8425
313.4603,491.1886
368.5896,460.8758
308.7393,565.1322
413.0952,471.8566
366.1363,463.4076
335.2231,612.2285
350.6764,615.3894
416.6838,457.8237
402.8928,486.3763
325.9826,514.7906
351.421,612.3119
305.9796,543.2709
318.1008,540.375
314.1376,489.4723
367.9306,467.1235
370.5414,476.2661
404.2946,475.6769
402.2881,470.3918
405.9407,465.66
416.9092,458.1632
308.9655,493.0767
336.2023,466.6897
385.6161,460.6327
355.6994,625.0857
359.3855,483.489
365.2457,473.9065
332.2508,601.2424
388.0073,462.5534
383.8891,474.4045
323.031,584.2689
356.194,604.3172
414.9306,470.8397
382.3697,466.8932
344.0445,492.3359
337.0387,603.8191
316.9549,510.9013
318.8241,505.0228
340.1974,472.2096
402.2365,478.2892
381.1934,472.0953
407.0664,461.4024
302.8659,571.2446
312.1451,564.7388
355.7346,485.4349
362.3646,488.8731
333.7259,495.001
309.3233,543.9293
305.8353,513.7685
310.7878,579.5153
337.7833,595.3397
316.4099,487.6062
339.1175,473.5759
303.4863,548.1664
356.8127,460.8197
403.8274,487.1275
369.9056,483.7087
314.4834,550.0035
361.0708,473.0733
348.849,487.9659
344.0816,462.9423
380.106,475.3439
367.5505,485.4074
317.5269,583.6175
377.5655,471.0679
331.8223,502.2558
322.9453,584.0357
322.4969,570.1147
350.6321,481.9408
307.4184,502.9392
310.5499,586.7159
324.6046,473.0259
306.3484,581.0923
303.3988,512.6296
375.989,470.8324
329.5859,509.8307
397.3392,474.4622
363.2839,484.0772
307.2725,574.4049
315.4059,526.9637
335.0039,602.7147
341.764,607.783
321.3707,550.1321
377.8391,480.3309
302.0057,556.5162
314.1946,593.3093
417.2064,460.677
321.2454,506.5969
342.1936,619.4959
414.0107,488.4809
325.4298,492.6012
340.4744,610.4975
341.2979,470.6389
403.0073,476.8831
318.954,553.7858
353.7861,592.9902
499.4134,547.8072
503.8462,516.8253
561.5037,483.3594
608.5775,484.7749
517.3864,493.113
563.9582,468.1244
513.2761,566.342
532.095,467.571
520.248,505.5948
550.944,609.6559
588.5818,454.1761
510.6375,526.83
515.1342,530.3695
588.3478,472.533
501.5619,544.0729
514.2909,511.6673
584.6478,472.1222
508.1517,568.9867
504.1279,505.3719
524.7056,483.4646
596.1608,461.496
569.0847,453.5534
510.3309,577.5238
518.7976,485.4437
516.2545,521.6074
603.3624,479.6299
499.229,522.3329
554.4391,456.289
531.4411,460.5782
549.651,588.2764
591.9897,463.9953
527.8343,605.8679
528.1163,598.7231
536.1296,580.8284
563.8614,455.3225
553.1197,602.2428
527.6622,581.1815
609.2915,466.5274
501.6087,564.3129
602.4095,470.5925
529.4222,491.6686
548.6044,587.8772
510.6464,574.8852
514.6946,481.1607
586.4919,481.6859
512.2423,547.7211
507.4393,524.5165
563.7431,461.5587
505.9459,577.5098
584.3274,463.3173
526.5526,564.6752
586.2725,456.0428
580.2437,464.9282
561.9932,459.5808
611.972,469.5728
539.1863,455.7285
561.2049,478.8788
501.0756,529.524
510.7419,540.8718
522.9817,478.086
501.6253,516.8103
556.8139,611.2732
514.37,580.5464
584.5284,468.4204
561.5427,479.3497
562.7914,459.334
547.178,614.0032
547.1498,460.2445
571.3554,459.2995
557.6784,453.4771
511.447,510.4916
516.1449,483.805
513.3273,570.95
585.7958,484.9295
514.1358,538.2211
520.3056,562.8809
573.3433,463.3255
595.3346,482.9129
517.3883,513.4777
613.143,469.6284
570.7024,477.2182
606.7877,457.3383
566.6032,474.6131
505.204,526.367
515.9765,530.8956
536.87,462.3958
538.1172,592.8342
509.9663,580.0925
547.8212,595.8051
515.9819,535.6431
503.117,566.4689
522.7932,575.8752
508.1994,577.1994
539.7928,598.7013
511.2777,544.9349
598.9279,484.5828
589.0704,462.7184
565.2607,474.628
517.2763,473.1741
566.1064,482.5958
614.9119,472.6633
514.6438,481.1512
519.6413,567.367
544.1609,456.9989
561.0681,453.5164
505.6435,521.1374
521.9309,507.7629
602.3662,460.0574
594.769,464.0316
566.5688,473.0956
501.8629,522.4488
556.8194,466.6253
559.5836,472.9046
511.4428,491.4537
504.7487,571.3406
524.2572,495.4441
507.8958,548.3354
565.0566,456.494
500.7566,550.2122
602.915,472.8196
565.4875,471.554
531.6522,487.4584
599.8595,481.4668
501.3864,525.0881
496.9163,541.4072
555.1444,453.1674
573.0632,460.3259
506.4873,535.6137
499.2337,511.9564
529.3036,589.0476
510.4983,520.8389
515.4056,494.1986
508.8622,502.4992
599.4821,468.1309
502.391,521.7985
499.4196,558.7395
605.6862,466.5409
540.496,584.7859
521.9431,594.3437
500.8009,538.4088
527.9479,502.4832
538.6444,481.3066
533.0729,461.2978
604.6543,463.7427
538.6836,612.5994
563.4445,473.8458
549.1177,586.6634
545.9602,612.6965
546.0124,461.991
548.9074,485.1189
540.4925,485.2829
528.6183,590.7893
544.6665,607.3862
506.1916,525.7604
511.2697,532.933
506.3794,529.2469
541.4906,584.1019
518.4174,472.1129
509.0924,572.1876
534.7959,465.973
508.734,494.8349
503.4797,556.8668
605.285,472.5352
534.89,577.1365
517.2671,497.061
510.4137,561.6825
505.6884,545.1533
547.2083,604.7742
544.1995,463.2479
591.6536,464.5662
518.0418,571.8767
524.8288,495.4086
532.7223,572.6122
529.7574,470.5099
518.8719,588.4239
502.7619,536.7958
603.114,459.3604
601.2784,478.1606
552.8252,476.6392
536.1722,578.3293
528.8495,495.3473
538.0744,604.1493
510.1228,552.2786
581.8567,481.1532
518.9583,502.9935
615.5674,472.2882
568.9943,462.4843
523.8134,476.8069
509.6358,495.8967
544.7426,481.1697
546.9655,465.9292
538.9344,584.6667
500.0197,528.6979
608.0278,459.89
541.6664,477.4495
531.4948,608.1008
596.4379,464.1313
541.1507,486.4461
508.1926,521.8137
551.2087,459.7248
607.4174,459.1025
504.8358,549.4281
581.7475,463.1318
554.5259,602.5308
521.5902,499.1576
513.9624,567.3519
554.8411,590.1875
543.1725,486.9566
518.0678,523.4396
503.4727,505.0637
537.79,490.3107
526.7531,590.4484
519.8575,500.4678
547.9542,469.6748
601.6834,473.9906
504.8136,509.6656
513.7703,524.4974
610.3316,473.6174
516.4791,521.2679
531.7974,591.2952
525.0786,580.8869
519.9993,520.7388
510.2992,510.3558
578.5625,455.2283
583.8378,477.5574
537.6081,465.8314
542.4917,472.3922
548.0279,463.2129
542.0998,609.6805
520.5376,547.7555
518.0058,474.2562
607.3349,471.7929
520.3596,590.9478
510.138,486.786
499.3252,526.7146
584.2551,460.5555
593.3158,475.5971
558.2218,456.817
513.4935,538.5713
521.8538,515.4865
529.9851,466.639
522.0907,498.984
536.5615,609.0497
541.5631,469.9146
564.871,464.759
584.9203,481.7471
523.7525,588.8225
521.6565,572.7019
518.8395,558.401
529.9846,492.6841
503.23,532.7925
542.8138,473.6457
537.7753,471.3204
508.9227,574.2702
509.7538,494.9289
613.4339,456.9827
522.4878,579.2913
586.5046,471.5859
501.1383,544.2017
583.7687,453.0788
523.6262,565.207
568.4989,480.2807
527.1565,605.0077
612.9017,480.9123
614.068,466.2867
499.3127,545.4111
509.3586,568.0801
555.1065,475.7768
497.3839,531.6069
548.7208,454.6143
518.9333,581.1442
531.8402,463.6594
531.1085,585.4073
508.8774,537.4695
519.5707,505.0242
522.1965,560.2659
522.7998,586.5452
545.5955,613.1956
514.1495,527.7283
538.7651,591.5975
514.2874,551.3516
559.3021,464.7283
589.4051,474.9872
528.0672,567.207
501.5431,534.6807
532.8054,581.1198
563.1857,464.0437
566.5241,453.6022
539.1852,490.32
501.2958,555.8392
559.2388,471.7578
549.3441,613.5346
556.3336,473.62
513.7426,579.0575
519.9489,472.3972
586.0344,459.0864
518.5979,474.3783
569.6148,481.1576
544.8755,483.9466
532.7837,482.5252
605.453,468.7226
510.1632,582.0312
550.2591,613.4469
544.5866,473.3663
522.8189,559.5237
516.2884,552.632
528.0312,492.0815
527.6476,569.6486
553.5572,476.6494
506.6294,574.6495
539.6311,486.5506
524.87,598.8144
508.495,567.8291
515.2736,590.6546
518.8767,506.6987
507.2083,552.8901
508.697,579.2751
509.0615,553.2602
526.5587,570.5777
544.0215,603.148
533.6793,470.8485
513.3484,530.4233
517.7911,588.0858
544.2744,472.989
520.563,529.0519
504.6822,570.9975
569.9767,479.7417
550.4569,614.2564
504.5562,519.2246
510.9172,577.2895
605.0572,459.133
522.6322,497.545
539.942,612.4025
563.6987,465.7573
575.1725,479.3772
541.768,608.0945
536.7736,602.0657
522.4338,488.1899
519.5751,595.7782
527.3535,481.1088
547.1532,453.9389
534.3112,606.9076
579.1327,479.2881
516.4139,544.7587
524.8905,576.7778
544.1102,465.7253
503.2463,540.14
596.6307,479.4781
503.575,567.2575
589.1746,477.9671
546.9112,586.3735
538.1852,588.1894
514.655,510.6763
581.0868,481.4464
515.6746,574.0911
505.8308,554.0892
515.1813,538.6315
605.7803,473.3067
514.1102,501.5729
535.0223,459.8577
507.021,525.8384
579.1375,477.9039
503.9971,546.7932
503.3428,562.3533
503.101,543.0194
552.8572,455.9285
545.5121,595.187
508.386,534.9115
514.7787,477.8293
575.6909,471.4133
511.7958,532.7376
504.7968,542.1138
508.1745,544.5658
513.1693,576.7093
537.4898,457.8397
532.5443,471.2743
600.7044,460.5579
526.7525,496.7729
592.8829,461.6554
564.2369,459.2132
527.6943,597.9917
586.152,455.2768
594.5686,460.4376
546.4847,457.9968
540.7597,467.6211
506.3638,495.3413
514.832,497.4528
555.9763,479.1711
555.2545,484.3697
520.1003,542.5188
571.3762,460.4431
502.2812,502.2631
512.053,565.1004
543.7961,593.5773
578.3526,484.4824
589.588,470.2932
541.7022,604.9727
589.8931,472.5884
548.8049,458.2677
580.4575,482.2972
542.5421,468.7717
518.6916,544.7612
512.9439,536.4607
568.9174,465.4656
537.4747,485.9475
536.0105,458.1402
504.44,563.0107
521.4427,491.4672
584.2085,481.6284
595.4048,481.9416
543.915,606.2138
550.8902,462.1308
552.5761,483.2758
543.9627,588.4375
526.2884,489.3631
601.3303,477.3125
543.8943,473.2802
506.951,519.7542
539.3584,591.5573
544.5329,593.7379
516.2304,482.17
525.2395,598.1456
500.0488,545.6205
554.3484,471.6433
550.811,468.9624
615.8455,457.2216
509.095,568.2706
539.9877,476.1605
509.7675,552.5753
555.3937,476.1168
524.1187,582.4391
611.0482,474.3389
556.0606,455.0654
548.7324,609.5954
542.4246,583.2167
545.5141,600.5408
518.4407,552.0968
553.0066,465.716
528.3981,577.4419
518.8134,543.6962
530.6754,574.2594
517.9794,538.4587
518.6477,531.6972
527.7917,471.3661
596.0358,480.42
508.9732,489.7088
514.7456,573.941
521.1549,487.6943
553.0988,601.3854
524.2516,572.3586
507.4105,531.7414
554.8874,599.642
530.5439,569.8567
538.815,480.7661
578.8915,452.7376
511.8902,571.3894
546.1261,600.385
608.7513,461.2609
523.1109,503.7313
512.7187,513.5063
562.9981,463.4403
576.4413,482.3803
529.8506,568.4026
520.8067,579.6351
542.8465,582.2518
517.4887,584.6898
505.5939,560.9657
541.1503,601.4633
518.9859,513.8463
499.5547,520.6468
610.9476,471.5571
521.28,504.0443
512.7767,566.5947
520.4982,558.4596
529.4906,495.042
299.1384,169.8578
280.2984,175.1445
258.1671,179.2269
264.398,102.9565
283.7726,128.4113
282.2645,147.2469
291.1638,180.6492
273.4421,129.9708
262.1626,161.9995
272.3878,159.2234
289.1086,151.7589
306.2744,158.1774
316.152,151.0071
301.7722,166.7585
291.6017,179.3251
290.1005,160.0003
345.0018,158.2983
338.4031,114.2398
267.2653,179.8354
323.1844,161.4785
317.0201,167.9166
284.1617,172.9648
304.5562,187.675
362.6711,156.852
277.6776,169.1661
292.394,158.2394
332.3683,151.7262
328.0103,171.517
297.722,154.4188
269.5632,174.0265
220.9951,197.0123
280.2522,166.4975
310.6467,143.6389
281.2138,168.7309
315.5544,176.2889
281.6932,141.5083
284.4365,164.7541
330.9901,159.5842
298.9266,159.8583
283.0123,163.1248
296.8703,178.4611
304.367,153.7047
227.2504,171.7779
255.3401,148.8097
304.2542,177.7766
350.2265,168.6662
323.9369,174.9039
271.1164,132.9086
310.0526,173.167
314.7829,176.9718
258.4679,150.808
291.7447,112.6263
340.3107,174.4615
305.8831,143.7217
281.4405,145.8626
289.394,172.0362
325.5083,193.4657
262.2856,149.455
276.1508,144.9184
277.6852,162.9206
333.9191,150.4036
288.3221,169.0217
241.0661,166.7108
263.6628,165.5065
278.0989,134.1762
332.9944,153.6201
280.4704,181.895
253.0726,174.8012
296.9943,143.9327
281.4396,182.8552
260.665,182.4086
269.6864,175.9607
284.0921,142.8836
308.5972,144.9549
306.1484,162.0672
271.4623,178.6341
306.8287,191.9538
287.2459,171.692
313.3284,141.9101
349.0808,176.5572
248.4601,160.7336
280.7338,138.0105
304.0544,177.6582
321.3183,160.6264
283.9594,148.9479
256.9551,183.1305
277.0515,144.9285
268.1103,177.7636
308.7793,171.9355
290.6621,198.7678
211.7723,148.2421
297.8425,167.8604
282.5465,124.3617
326.2693,156.3852
295.9222,133.1715
276.6903,133.1014
289.4518,166.3976
270.8403,151.492
294.757,147.7904
271.7598,158.5083
221.2908,154.3449
378.8727,157.6999
295.4184,168.8937
297.1569,162.0999
297.0065,145.4804
312.4062,156.7914
283.5769,164.6107
291.8951,173.8118
294.145,160.7318
321.3795,173.3526
312.1112,165.3137
313.8431,176.7611
245.8638,161.4458
236.7852,159.4221
304.5541,143.3541
266.0744,160.934
306.7186,162.047
256.2518,181.7159
290.0108,158.8178
335.843,139.2508
341.9573,185.1822
275.1352,181.1225
321.2614,154.8087
233.2707,143.4682
292.5814,153.747
275.1273,155.3751
318.7012,171.8955
281.7298,158.0518
304.192,166.4087
310.9192,147.0557
323.5384,157.7742
276.9137,152.8118
249.4502,144.6063
248.936,145.964
275.3778,174.2934
290.1763,178.0348
308.2877,159.4297
242.3553,147.483
326.9567,175.9475
288.5765,163.4534
317.9377,191.7978
293.0194,160.6074
279.3346,145.0577
229.7593,137.799
272.5535,173.2934
304.9393,161.1583
264.0108,166.0091
304.0642,177.1429
275.3151,153.3801
222.4184,170.6754
321.3261,151.6449
300.5834,143.571
268.0261,157.4835
344.4414,186.241
272.926,200.9782
285.6453,151.2914
300.8161,205.2826
300.6364,165.5691
332.4493,163.7268
338.5402,137.4251
302.0283,159.9612
287.7241,175.3036
306.2589,190.9606
285.4979,170.37
314.9681,180.6849
299.397,183.7422
329.9608,144.7088
241.2555,169.0849
373.5755,157.7995
337.9447,139.719
298.674,161.703
323.2317,145.8645
301.6833,157.5744
259.1999,150.0719
310.6454,171.409
259.294,164.5566
321.7195,176.6454
304.6886,172.1717
266.0664,176.1021
322.3076,167.5077
347.5647,174.1749
258.8211,178.5539
258.8352,163.0081
258.1481,186.4428
276.5035,190.6911
252.6795,155.0296
309.6417,170.6493
302.414,138.4458
260.2638,173.632
288.5908,153.7032
305.6043,155.1639
275.6246,139.0782
284.2313,201.7103
293.0194,143.1961
262.1175,131.7762
253.6942,188.2526
325.1989,153.8166
248.4992,183.4613
265.6098,175.2993
320.7277,160.5966
302.8999,170.5476
242.8473,185.1336
236.9356,151.894
281.8687,199.2587
295.8216,154.4505
296.705,154.7099
295.2422,149.3529
344.5523,137.895
344.2179,162.6415
258.4017,169.1707
308.8378,172.2654
300.8826,131.6922
297.0324,165.5215
273.2742,189.6869
353.5168,161.658
224.2493,138.7153
246.006,165.6928
244.4556,165.1625
264.9055,171.0895
324.2302,187.5762
301.5695,135.4523
295.9781,179.516
250.8632,143.2626
285.3847,144.3944
290.751,155.3339
348.4481,145.2728
284.1742,174.5202
220.1217,175.7081
213.8647,172.6033
303.1877,142.7849
248.9309,194.5316
271.9457,165.3808
302.5314,169.3568
270.7431,151.5847
255.2199,187.4043
297.6344,163.221
281.4406,169.4865
291.6853,128.7019
297.7529,171.7921
284.0851,147.8533
271.6386,191.2801
304.5147,193.3052
317.8949,150.0602
303.174,153.6786
274.6635,168.3692
317.0998,147.5712
314.1692,142.5351
315.3179,140.1078
250.5735,161.1057
316.0024,160.1994
340.2848,159.4637
275.5078,163.1346
279.3799,155.5763
314.8579,165.514
314.7479,151.3213
255.1996,130.1858
313.0214,189.9748
295.5612,169.5555
294.6274,170.3501
343.0961,184.9506
336.2022,186.314
269.9939,139.6152
299.2851,133.3719
333.1618,184.2964
296.6432,149.8427
302.7444,181.3934
351.7817,161.8628
298.9258,126.5551
341.1892,154.7902
316.1143,181.2671
288.5663,162.0825
236.9969,138.7732
300.7908,143.1395
267.7813,145.3036
328.4514,169.8927
247.9629,159.2112
281.6699,183.0398
230.2752,149.6488
313.3892,133.5043
303.7768,153.2689
300.7133,140.068
345.0569,165.9748
313.3455,114.8491
297.9504,148.9522
274.0633,182.4373
348.3494,131.9099
335.3183,154.9288
306.9213,162.5128
364.7691,156.9679
269.5745,166.3123
301.7791,182.6949
227.9841,177.556
305.3788,162.4958
339.1504,156.5691
306.1209,178.017
313.2178,125.5321
272.2163,139.7885
256.8948,164.6178
298.2251,158.9753
237.3858,179.8759
273.2056,194.7498
296.0824,140.3127
329.4464,146.5283
331.8723,133.8642
237.863,168.5307
370.3756,168.7036
308.0079,156.9972
285.0832,177.0537
304.8592,167.5728
296.4027,176.3575
356.8223,162.6363
304.6124,160.6616
342.1347,139.5079
267.933,146.7009
304.0019,186.1403
341.4959,154.8544
258.0961,155.0303
312.9961,182.9511
256.4593,147.3301
305.2624,132.724
299.4827,141.0898
282.2808,153.9601
328.6315,153.7272
328.4554,180.6689
230.7229,130.7906
337.9481,156.7886
298.3078,165.4347
300.6898,182.5352
248.2919,175.2906
311.4239,163.5205
351.5474,219.2724
336.7306,145.2926
253.4097,166.9845
329.5716,153.0259
219.1721,177.1557
271.1831,178.347
240.1197,168.3266
347.1702,105.8865
267.4723,159.3387
336.6087,135.0159
309.5436,168.293
247.7372,144.3117
316.6973,122.7995
295.9319,141.0636
309.82,152.9759
269.048,169.0799
296.3031,132.3399
297.654,164.6842
332.9086,131.1512
285.5594,164.0572
241.7241,172.5077
285.2193,182.6986
299.969,168.7834
310.5825,149.9406
297.3788,142.3976
285.0263,150.8312
316.8471,196.0203
275.272,160.947
287.7283,153.4815
306.1438,175.73
319.4136,146.4334
304.2181,169.5671
269.6671,145.349
287.8198,158.1952
279.589,142.6806
244.2973,142.0112
306.7761,171.8709
288.5892,165.5005
274.0589,129.6086
331.3755,146.1038
261.5612,153.8072
274.0657,171.6582
259.3319,175.7485
286.5111,123.3838
320.7402,183.215
281.7362,146.399
266.9978,154.6094
250.0882,176.9196
311.9762,171.0181
305.2629,179.988
352.0127,163.9533
298.4426,164.8421
262.4977,198.7779
252.9434,131.7591
311.6093,143.5055
282.5094,201.3399
258.1176,167.8525
272.6309,139.5242
342.8128,191.3864
285.1789,145.4682
276.0626,149.9608
314.3466,159.5311
324.2988,172.1971
291.4814,145.967
326.8828,185.7824
307.8885,161.904
337.1736,162.9935
335.2348,171.8391
317.5518,133.2294
289.3653,173.682
299.0631,208.6997
247.846,135.0457
261.8069,167.6065
268.8216,128.1555
318.0172,156.5004
262.7935,175.081
405.971,168.432
293.6864,160.7226
298.274,176.9305
301.5553,155.4654
274.3062,130.7537
250.5239,183.1517
286.8281,138.2457
291.3734,158.2548
289.0656,163.5093
304.6614,143.6063
298.2241,157.3817
295.8959,168.4721
331.8643,142.6219
312.3352,178.6919
330.3437,145.0286
309.9675,150.0004
305.1075,151.4014
276.1928,173.6088
306.6646,186.0985
301.1239,135.1982
312.4094,147.8518
329.3771,147.6021
255.6353,174.8288
280.8062,192.0674
330.7715,139.6527
352.1123,136.3429
299.8694,149.1417
220.3607,140.0789
290.3407,140.6608
293.3108,141.517
317.6592,153.1811
334.5015,151.4352
321.0679,151.5753
330.6315,160.547
243.0294,190.8695
339.3926,168.2304
301.2695,173.0569
216.4777,150.085
291.3642,172.4833
289.2136,145.8935
317.1676,173.6301
254.712,155.9206
222.4088,181.7805
239.2471,160.381
268.0313,172.5085
323.3467,192.7432
271.3295,168.16
308.6201,145.2721
255.5852,164.5005
291.0786,160.5485
279.4091,176.9546
313.4506,159.8644
252.3073,177.0489
310.9667,164.9707
275.939,145.3682
293.7882,156.8248
299.7117,148.5843
272.7692,150.8489
267.9988,202.4198
328.9989,128.6038
312.6263,165.6365
351.9911,175.9863
250.1556,170.693
309.4301,179.4578
293.9663,150.7466
268.6363,192.96
271.1526,135.2792
347.9885,137.5613
296.6262,171.3276
535.1764,393.768
505.8782,374.9988
521.7243,349.4805
527.2136,354.4862
521.1026,379.166
535.2366,402.7451
540.2537,390.6818
534.0939,426.2642
573.4629,370.7443
509.1804,391.9725
521.9501,411.1799
520.938,373.5128
525.2234,390.3653
538.6786,367.5076
528.7092,405.748
525.469,410.2316
531.8931,388.4748
515.1905,375.5197
534.1303,436.1235
544.0816,383.1259
537.1153,420.3721
489.021,386.3166
537.0157,407.3584
552.3358,392.6421
538.5817,332.7654
545.6465,394.8402
555.8407,382.294
535.3343,368.887
541.4151,374.418
531.8271,378.5379
538.2224,383.7241
538.047,394.6892
559.4441,375.9817
536.4872,378.2136
529.0307,369.6112
542.0786,368.2315
512.5499,378.7277
537.7061,370.3469
507.6243,388.5643
526.9428,352.4312
536.2274,406.9633
540.8645,429.9071
529.3818,344.3425
536.7729,375.6483
531.1599,368.2255
532.3762,362.9999
528.3941,391.669
571.5799,389.4741
504.0569,379.5132
508.786,372.3428
526.9271,431.7429
520.5934,349.7763
533.2325,363.4789
521.4604,377.3682
534.7075,358.981
498.2888,361.8228
526.489,386.385
538.3742,407.811
545.1189,376.5288
547.0577,392.3399
546.0284,367.4716
526.3748,363.6812
557.8246,383.9612
532.5019,346.07
542.8007,366.2613
542.7027,382.5399
517.9711,380.3222
541.535,420.0892
535.2241,412.2882
512.3766,365.8978
554.0755,376.6715
518.3281,355.1191
552.3013,376.4739
536.9738,393.4712
540.485,379.1636
508.455,386.8863
532.2881,382.9908
536.4764,389.869
526.2592,355.2756
548.6225,370.1589
515.5875,379.3984
549.7878,390.1752
532.018,362.1298
538.8445,365.7718
516.9871,370.9206
533.4503,408.4184
511.9155,386.5456
533.5327,343.4936
564.2422,388.1625
531.1907,352.5706
504.1729,374.7681
529.4509,311.9786
540.2384,394.8893
526.7221,363.3384
537.7025,391.4204
529.209,404.7314
530.3884,372.5669
534.555,391.5394
530.1602,389.302
523.3639,389.805
523.1351,410.9476
541.784,382.0102
545.0236,385.758
533.5056,351.1936
514.0703,391.3601
514.6396,388.2699
526.1997,387.8151
535.1384,362.0396
515.3193,386.0579
520.0997,382.8042
520.6249,306.5458
538.2865,416.8938
524.3898,383.3703
527.0541,378.681
536.0198,403.5892
524.6534,385.8639
526.8648,408.833
513.7377,364.4303
540.7391,367.6322
542.2175,380.8144
528.1175,419.9574
529.4861,322.6309
499.5669,371.2453
553.463,366.5763
522.0144,398.4468
528.4755,410.1875
541.707,373.9555
524.7094,389.6014
489.1658,389.0889
529.2365,394.6758
524.9839,436.1521
507.7533,391.1279
505.7952,369.8991
524.0283,408.243
520.3698,352.3058
501.3497,376.6748
505.5158,366.0112
519.7571,357.2775
550.728,372.611
530.256,377.746
532.1182,367.9571
544.4562,383.5484
548.6652,384.3678
535.2725,428.5585
535.7814,378.7666
514.1579,384.2871
515.7916,364.4893
522.2669,374.9369
533.7036,354.4592
485.7849,372.751
535.3119,426.0804
490.0079,375.5244
525.1942,405.4274
516.4389,371.1788
552.75,378.4738
528.6369,395.9779
537.2413,363.6541
525.2868,401.9615
496.5023,383.9465
528.6536,375.8571
524.7162,371.9305
579.162,376.8378
525.1478,395.259
547.8026,394.9403
540.7034,383.0769
524.9873,360.2997
515.1685,377.6699
527.8815,339.1478
545.0743,371.4923
541.2496,379.3472
521.159,366.5943
526.9735,371.6709
518.8337,361.6007
502.4876,363.5371
532.9667,396.4437
535.0305,389.6699
513.1222,365.5848
538.0142,345.8809
552.0281,385.9564
523.6973,303.0756
520.9274,390.0388
513.5197,391.422
536.4626,417.0913
526.3538,368.2871
527.536,426.6305
524.735,398.1363
528.9492,364.589
512.3153,370.6598
525.8038,376.2052
522.7485,357.4402
537.6527,357.2326
528.9322,400.8867
521.6433,357.0175
527.234,326.7144
531.0577,416.2037
519.0148,357.4224
503.145,378.3269
534.8001,360.776
521.5403,346.2586
539.4451,347.4666
536.6703,405.5956
520.8741,388.8124
555.8888,381.2902
534.3167,375.2881
545.0429,386.5307
522.5686,357.3106
503.9829,372.5276
537.4091,408.7088
533.593,393.302
530.6097,343.0291
538.7076,385.6335
532.1974,385.4107
528.9184,379.3242
521.4769,344.1265
535.9856,413.3467
544.4348,365.5814
522.1977,381.5241
535.6429,401.2488
528.3691,368.1029
503.4019,363.6329
541.2833,399.3177
518.1138,343.7849
528.1852,382.9263
531.1222,388.3882
521.1039,336.3516
546.0716,395.173
537.5016,372.0082
536.8136,391.3921
541.2006,387.7726
526.2111,368.6414
532.8335,434.1325
533.2526,400.2064
505.4543,379.2609
550.0687,393.1244
541.5629,412.6178
531.7523,363.9307
537.7221,375.7123
536.4116,356.0525
517.7196,365.8432
517.3716,310.4827
536.5272,409.7035
576.529,395.2551
543.7837,388.545
495.6767,373.9042
540.829,406.675
522.8545,372.5382
535.4819,322.9422
536.515,348.1176
508.0444,367.539
539.5009,410.7755
505.3992,382.9391
526.6462,427.9608
515.5821,376.2225
555.8325,384.6942
536.4209,369.2648
527.0638,372.8044
522.3298,433.058
512.8083,391.7847
527.6215,421.2604
527.1211,417.1382
531.4053,359.5757
519.9509,375.6931
558.7835,394.6511
528.1572,394.0635
521.6956,373.6131
537.3459,414.8231
501.2906,370.0003
546.0116,366.32
530.3403,376.2645
535.691,406.4373
539.7344,400.2666
527.8959,346.3409
527.9845,427.473
519.0908,337.9946
527.1637,413.5467
531.1553,395.2031
538.134,400.7016
529.7888,392.3587
554.3502,373.2034
529.5654,373.6951
520.2591,404.4362
534.4014,373.7605
519.1597,387.9378
533.1274,338.1872
512.1792,386.4807
531.1702,364.5427
532.0272,381.8139
510.8605,385.4299
549.4592,380.3151
567.2857,393.862
553.631,377.1728
535.7835,351.6019
521.8819,421.2498
530.8334,375.1695
525.061,415.0847
538.854,394.9585
533.0326,390.3867
518.6328,371.677
511.1268,377.9055
529.0355,387.915
531.7061,357.585
533.3564,393.8176
552.3553,371.1244
519.1956,388.1325
523.7548,339.4801
526.8181,362.2015
536.9938,405.2747
500.1521,362.8319
531.0624,376.3037
518.5693,359.2862
527.5926,331.9577
537.7282,360.1273
561.3102,395.9467
526.9126,392.5986
517.9014,372.8299
541.1851,411.8462
520.3247,397.3365
528.3608,349.0015
517.5455,386.7018
563.1258,377.2956
524.1477,400.4475
534.4878,413.5443
532.848,388.046
566.0868,393.3648
504.6308,390.9947
505.4242,390.6817
527.527,396.5999
495.9304,373.7008
517.8751,371.3734
527.5311,375.9062
525.4122,398.852
508.3083,371.4127
569.3829,369.8245
528.104,351.4754
551.4889,371.0331
524.9263,409.6549
525.8672,373.9939
541.3181,381.591
526.9339,392.3837
534.0829,439.0469
538.8485,422.7629
533.9221,385.784
536.2646,357.9898
509.635,379.403
536.3737,389.4738
510.7606,366.982
533.9147,398.4764
544.2394,368.3396
509.7811,373.0773
534.9337,338.0388
546.4787,366.0514
522.471,364.5037
534.0947,392.2455
512.6001,364.0089
523.8702,404.2943
539.1806,392.585
546.9542,386.2743
528.5212,355.155
525.1388,375.7431
514.0895,389.8811
535.4434,352.017
538.6899,370.9076
529.7649,398.4105
521.737,379.7044
493.7812,373.9409
520.4191,390.441
550.0897,390.7724
529.8268,332.3547
541.373,383.2523
533.8602,366.6439
543.7371,391.0883
531.2505,416.3892
535.211,394.5833
516.8754,371.2997
524.6787,320.3196
547.0745,376.6882
524.0795,413.4295
532.4313,389.1547
522.3854,368.5919
539.3503,392.8376
527.0977,407.6767
534.7158,371.0302
535.871,374.08
533.0524,420.8592
535.7292,429.0469
560.6015,368.9538
531.0803,369.319
528.6394,322.5489
528.6292,387.1538
527.1897,400.6602
533.721,366.733
527.3089,354.1426
506.8537,373.6427
537.0831,373.1339
532.6245,416.6812
527.7311,343.0479
539.1703,370.8114
502.8862,370.2772
524.2952,352.8912
529.827,330.3801
572.9154,380.6668
498.8891,390.6599
563.6645,394.1065
533.4399,388.7166
530.7213,370.0213
536.0528,364.6164
549.2471,388.5987
524.0627,354.7407
524.4172,437.1057
563.5868,380.127
524.4058,400.565
539.7622,387.7205
552.2207,376.3682
526.0222,396.0404
517.8817,368.7306
512.1873,386.2047
538.2454,338.5062
519.6715,355.9539
553.6238,368.5365
567.4326,378.5182
522.7237,391.9886
529.8592,383.5552
493.16,386.349
534.6583,368.4184
541.5376,373.0569
538.5566,388.9851
520.603,365.8536
509.1663,382.3386
509.1074,385.1305
517.8579,370.957
533.9527,371.6467
522.7266,348.2797
518.9256,336.4717
505.38,371.305
561.7712,367.0051
537.7441,406.6076
529.9217,393.2094
546.8959,380.392
503.2079,375.4648
554.5328,385.5235
509.6274,362.3268
532.3456,370.0089
539.2029,397.2611
539.2051,378.3302
559.6641,366.4731
557.6178,376.2992
538.2581,358.8742
540.5983,370.3314
534.3215,370.5742
534.3563,384.3469
539.5097,365.8536
524.9398,366.498
538.0581,398.5769
545.3803,384.5252
537.1622,339.9644
515.9041,368.4668
525.6996,454.8987
533.8206,368.2504
536.4525,400.9519
510.8139,373.7826
547.8017,393.8628
545.1324,368.7081
521.6206,383.217
501.788,375.1057
519.36,358.3777
533.9433,392.0632
525.6763,402.4256
537.5481,399.1579
516.1425,380.9339
522.928,360.8639
535.1365,385.1555
524.6653,283.0668
539.3519,372.0154
526.8754,361.9966
535.4946,399.7526
534.8811,396.0981
551.2945,422.4503
584.8854,452.978
569.9658,394.3174
581.4861,419.9325
538.5415,431.9219
538.5293,421.6491
595.4226,432.8803
557.819,418.8044
575.224,434.1336
542.1119,436.0447
537.7309,457.7988
574.2996,396.8371
561.0922,412.2494
551.3427,434.2579
546.4603,440.0708
549.2973,425.3718
543.8993,442.0485
565.8012,445.7179
552.1887,455.0365
588.999,441.7929
577.7473,450.0366
550.068,440.4332
586.0782,427.2875
572.2544,448.8135
597.2493,415.4457
574.3091,397.472
570.4063,417.7692
581.4449,431.3373
565.2411,414.8362
574.6098,428.4507
579.2582,390.9312
537.8908,397.1456
542.4449,411.3069
577.1146,393.4523
543.1413,468.7046
553.7474,421.9955
546.976,453.623
563.6536,432.0548
564.8804,447.8427
564.5072,426.1221
561.5987,412.7116
539.4235,407.3022
586.7561,452.3698
585.4785,400.3075
585.0468,449.0927
585.4201,427.5106
542.8929,431.324
565.9981,462.5902
573.9407,458.17
565.0505,444.4747
594.0737,426.5885
537.7888,409.405
549.4945,428.7513
598.8329,429.1937
581.9525,428.4021
563.6175,457.9579
557.7909,412.7757
600.4193,414.478
568.8265,393.4096
547.6667,464.8045
536.6819,394.2502
556.6961,438.025
552.0507,407.5257
546.2435,384.0234
557.5157,415.3999
578.1524,404.9402
581.2955,433.1551
577.3922,458.7577
551.9075,413.7422
540.7009,448.543
583.1442,405.8948
560.822,391.0681
552.1101,388.1605
595.39,443.4527
548.4934,457.241
595.7741,435.4636
565.3459,448.0162
537.469,445.043
567.1185,382.805
569.9075,397.1255
543.751,467.7063
551.0552,438.4525
556.6577,404.5038
572.6337,423.584
600.1864,434.8841
557.2419,466.5
533.1686,390.0349
575.4105,445.6948
583.9779,429.1765
540.2732,397.015
568.2705,414.0634
542.368,432.2765
541.1736,376.8001
567.4483,463.0939
568.1521,446.4087
584.6286,450.2876
540.9945,387.7966
562.2932,425.4668
542.2038,420.3364
557.4709,382.4348
576.3165,401.6017
539.0954,400.9753
567.9475,433.5426
552.2264,383.8942
596.9477,413.6497
549.675,396.8939
571.2717,392.2293
538.8591,425.5933
544.0014,408.8175
557.287,446.5378
540.8074,448.1626
535.376,435.6076
578.8959,415.4093
540.2051,469.801
577.0045,409.3646
574.3214,459.2543
551.0197,427.907
550.2863,438.7049
576.8916,409.3426
537.8902,404.121
563.5263,427.339
558.8649,388.412
569.6852,426.0135
569.2683,434.8406
546.8413,392.3725
599.0239,412.1913
579.0942,388.8399
554.6571,381.6213
596.3899,433.9515
587.6359,418.6507
582.6611,429.1403
540.8977,460.4721
537.8689,418.2349
546.1804,433.0786
571.2654,395.1954
545.1755,447.2296
571.1385,417.6304
538.5883,382.8001
539.588,406.8899
538.4143,410.1489
549.1095,388.7221
574.1183,400.2055
583.405,414.1524
539.8113,441.8163
549.9343,379.1456
536.5409,400.1403
579.6462,446.8444
563.735,435.4154
542.817,425.1686
588.3444,405.7311
558.7502,418.6797
547.4415,388.0014
554.1688,402.2674
577.3748,424.8632
554.7585,412.6511
567.7562,437.6273
534.9858,430.7094
588.8861,443.4462
581.6843,404.8309
546.2972,423.3912
577.7097,414.6041
573.6099,402.973
536.4755,430.526
550.7237,419.1471
595.8924,410.4812
559.1288,409.8844
542.7493,418.0718
559.8858,406.9506
540.6623,403.0276
545.4725,380.3679
565.7137,396.1724
539.146,400.7586
544.3327,389.6674
555.5133,398.4512
568.5113,457.1306
568.2389,386.7184
572.7268,402.3651
537.0702,385.6139
561.3923,431.7808
545.6964,445.3715
536.312,452.5118
537.7246,388.4375
578.0794,423.732
545.6383,393.93
562.8168,445.9291
595.8506,414.5409
547.1583,404.2167
544.8703,382.335
586.1036,428.0031
581.8828,423.8926
570.7968,403.9257
534.129,384.0561
588.6863,407.8829
596.3658,423.6218
578.8555,452.1827
586.1414,398.2622
569.4894,417.8881
534.8809,439.5045
586.415,394.9425
562.7607,455.5011
564.8594,394.7862
547.9925,392.4269
544.1834,383.7243
564.1134,449.9621
548.6865,464.2144
597.9798,408.1468
594.3343,439.1151
534.2481,403.9379
569.8417,385.9651
553.7342,427.0694
545.1073,419.0218
562.4819,383.9778
537.326,415.8059
552.3564,394.4915
534.1689,421.6035
581.478,409.5016
581.293,428.3716
537.6792,396.5771
532.9408,376.6731
542.0803,418.5919
539.5734,417.8108
570.4422,432.3471
600.2518,413.7034
591.2259,398.43
589.0953,421.2772
540.1826,455.8178
562.3783,403.8771
600.4146,430.0258
554.0706,377.999
546.6007,437.7426
540.0421,435.413
593.6838,410.9035
593.4057,401.2849
593.4767,406.4078
546.707,455.0036
586.4646,406.7821
540.8114,395.3733
546.2345,412.3417
574.6986,413.0712
569.5557,406.9703
583.1677,428.0269
569.5745,425.2974
545.693,400.3458
541.1326,413.153
545.4834,395.6988
564.3324,438.3665
570.5385,462.7884
578.4789,392.4605
554.5736,424.1933
561.1212,442.4676
573.1844,408.8188
551.99,389.047
557.2009,434.6133
560.8123,436.7876
580.1688,439.505
537.2627,431.8621
582.2725,408.622
577.514,388.9622
585.0307,429.0352
561.5329,397.962
545.736,384.1851
535.5761,393.7322
576.1401,390.3321
583.0898,440.3726
575.1274,453.4146
597.3581,425.9745
563.4184,412.3404
576.3787,416.8045
539.5372,397.2964
581.6382,438.1237
552.6079,453.8596
563.5844,382.9249
541.1239,378.087
578.132,430.6655
591.0048,435.3073
566.7611,430.9675
578.1847,459.1202
551.674,420.5727
533.7015,426.9535
567.8317,410.4297
567.5165,399.6684
589.2114,425.7869
532.6244,375.1433
543.4689,457.2145
572.2873,408.2726
578.9064,447.1207
552.1082,396.3451
576.8886,448.6895
534.9723,427.8659
582.0985,435.6678
537.12,465.0076
534.8864,414.7085
574.9847,411.6752
584.2549,449.279
547.9707,424.268
555.5767,408.8929
582.909,447.4549
579.9142,398.5228
566.7939,400.4313
549.3661,411.567
558.3496,380.7485
569.3659,452.2889
569.5418,433.3159
565.2457,429.8253
562.5923,454.6712
582.1905,411.2464
559.3458,453.4758
582.7489,392.292
536.5119,451.7104
544.3015,388.5243
546.8612,406.2923
575.0812,459.8427
538.8923,416.2269
558.8957,456.5738
594.6799,428.8083
569.0947,396.18
553.9992,447.1902
571.6938,409.0282
540.6789,415.8701
567.2152,457.239
578.5664,420.3958
549.0691,422.4705
563.0592,382.8016
561.4475,417.3528
563.6191,417.8357
542.0265,427.0457
565.6721,409.7572
589.9594,407.616
581.4139,410.4058
559.4941,448.609
585.0344,395.2315
562.4276,410.3506
546.4336,393.7512
557.4476,416.9934
553.5964,442.6051
579.6419,457.6338
551.7235,449.7999
579.9225,440.7057
590.5036,435.5268
555.225,433.1583
545.1591,429.2243
601.739,422.3473
558.1965,444.7929
539.6876,405.4702
565.219,406.3347
563.8633,453.0545
548.0892,437.6186
546.0664,383.0228
540.2585,450.3215
545.3195,425.7516
592.5225,402.359
577.5413,397.6456
544.7737,423.3559
570.2965,457.2302
586.54,430.7355
256.572,507.7678
305.4457,413.2817
245.2097,433.8255
257.2058,500.3756
257.8828,505.1249
263.8563,487.9915
251.494,421.1331
270.1565,415.0317
333.919,412.3614
254.6179,420.1276
263.0845,503.7808
376.694,401.0662
248.5558,501.4441
275.4323,403.4349
275.8397,493.8209
256.437,491.6372
210.9574,455.45
275.1467,419.5627
293.6804,414.1065
241.388,489.7371
271.6177,413.0439
223.8906,475.385
249.5507,436.6687
269.8859,415.421
258.8286,493.1224
235.1023,491.2756
271.7767,425.8015
299.8538,416.0824
323.4465,411.086
272.1659,507.2807
321.5375,414.0511
232.9625,432.7013
365.2229,414.8749
254.5433,486.5547
213.5543,447.2968
344.5426,417.4019
285.1674,414.959
237.1778,433.9394
277.7172,415.9734
219.7162,462.1848
230.3424,468.1324
233.7275,429.3103
262.3961,419.8789
245.9392,490.6837
238.5337,460.3696
237.6245,418.9746
359.9747,414.8596
230.5258,454.5029
292.4728,420.8186
319.0721,400.0549
260.24,507.2832
247.294,415.4673
259.1992,485.2033
313.1885,416.9063
210.8196,455.3804
290.5038,514.9499
225.9421,489.5505
290.9969,499.2605
216.4522,471.9517
291.5058,403.688
228.6819,432.1224
342.5019,417.4532
229.4209,429.8459
233.4135,471.1844
255.8711,502.9412
298.3551,404.0475
243.0287,477.922
331.2107,410.4351
210.6699,459.9554
264.3663,414.126
266.9594,490.7391
261.6407,426.8003
325.8011,420.1852
240.7124,500.579
316.6042,404.0173
231.721,434.2344
214.0197,468.139
238.7334,435.4586
275.1391,500.9742
259.9082,407.7127
211.5092,458.7569
260.2836,413.0966
334.6615,414.7831
310.2665,416.6753
294.5662,415.1466
250.6677,490.4012
344.293,405.9873
275.8285,406.8801
271.663,515.6874
279.7397,514.4521
329.0544,404.3488
270.4598,495.7342
263.1948,506.6699
286.7253,412.3877
219.9949,468.6651
310.2142,405.316
248.7123,430.2719
372.2478,405.168
292.0176,400.298
280.0907,403.6591
257.3123,492.6514
331.6711,405.2131
276.3742,503.6605
233.0211,451.9091
264.5524,491.8293
236.9323,487.0487
232.5231,488.2616
237.2864,501.822
290.9478,405.0787
265.9602,499.4147
228.0934,431.5165
263.55,497.9303
305.9082,411.885
214.1893,462.9222
272.266,424.6392
289.5647,513.3952
330.1386,414.6846
346.3302,403.2006
254.7773,507.2459
270.0896,411.4084
228.4063,489.1007
229.1472,490.139
371.7002,418.4286
233.5454,474.1407
308.7111,420.6725
311.3716,407.211
232.9988,485.9977
352.4494,418.6208
260.3458,505.3111
251.8513,493.3693
236.711,496.2962
279.23,514.5329
343.0268,418.3201
241.6304,416.0261
284.5337,403.6231
366.4189,412.088
351.28,416.5419
228.8554,464.0662
281.6396,421.5937
269.7536,505.017
267.4788,508.1808
233.1172,492.7456
220.5372,481.9064
233.9273,468.1813
267.3861,506.3877
270.2753,417.8891
378.705,402.8162
248.6141,507.1193
228.8462,486.7866
361.5769,404.3087
259.4518,426.9219
292.7194,409.5319
369.0192,412.2209
216.3879,476.2165
375.2891,407.955
320.0617,419.1869
248.7547,417.2987
377.8195,403.5267
222.0031,486.2675
223.9262,463.7317
366.6694,400.3879
230.4395,453.6114
283.5657,499.0615
370.9012,416.0459
368.218,420.3539
259.0034,407.3391
269.7961,413.1618
325.1736,416.2432
331.3158,407.7879
222.1126,442.5801
230.4438,425.0789
235.1218,417.5218
216.7679,451.7043
235.4341,501.3564
302.6022,404.6329
225.5942,433.8507
272.2177,405.8383
372.6395,414.5529
357.9655,404.6282
265.0789,403.7029
266.6633,413.2269
228.3854,450.7812
266.0045,495.7943
243.9471,499.6898
256.8721,487.0551
292.6675,496.1966
327.7085,402.8575
253.5443,414.4459
228.2602,462.5162
318.0181,418.7639
230.0799,467.3723
286.025,401.9525
237.9495,428.3426
224.3539,477.6053
242.9961,435.5667
232.8231,441.3376
284.3969,410.4596
263.4257,427.1471
286.2475,401.7447
256.8281,495.3355
330.4525,416.0601
248.4847,442.8565
239.2675,498.2675
226.6499,492.3755
222.4929,458.6509
304.7914,411.4461
252.0868,416.5699
328.3725,421.7611
258.046,405.8863
284.0231,421.4725
335.5366,409.6018
253.0882,500.1878
308.0172,410.2477
223.2999,446.9009
252.1635,502.9749
239.2627,423.781
223.4773,445.6218
213.4327,472.8826
241.7648,472.3554
260.4801,421.406
237.1524,489.1282
237.0629,456.5163
271.2491,405.8098
323.2418,409.0714
241.8534,430.9163
227.2512,428.3465
355.8349,413.2087
234.4719,469.8287
224.3709,462.3792
264.8374,513.5502
211.7853,463.0282
219.3023,486.4516
280.9696,505.4516
365.0333,420.9528
276.9842,413.8228
365.8369,416.2795
300.6767,420.8352
336.9242,410.1248
226.8923,427.5077
250.7595,433.2404
275.0688,407.3876
286.4001,505.7238
241.4401,502.7159
376.4415,406.73
243.1102,428.4518
229.3185,436.9282
348.5264,413.4169
317.6086,417.5537
266.3991,504.1347
239.8184,414.9981
247.9791,498.9426
219.6511,445.9464
264.7874,423.7596
339.9131,402.2332
224.2248,429.6651
236.4699,465.6216
344.0429,416.4748
220.9545,444.7552
298.8414,413.0612
236.6626,458.3291
212.2819,461.731
238.6591,424.0036
353.699,404.3791
238.9734,492.6415
278.5361,512.2386
248.6946,500.0604
229.196,437.4105
340.482,409.9859
292.7876,417.6968
270.9157,405.632
234.6126,486.8763
322.9085,399.3756
360.4541,420.1377
256.8062,509.8081
338.3615,402.1948
264.8594,510.6347
225.1586,489.9366
262.0703,491.3411
345.7324,404.1149
246.5205,413.4303
344.9153,418.2646
268.3813,508.0441
326.5504,404.9626
334.3551,406.539
350.0805,408.447
243.0313,425.657
255.117,434.5171
241.5701,456.4818
245.943,496.7871
258.3447,510.414
326.9881,413.3245
250.5494,484.8799
262.4664,413.6544
254.1451,483.0707
265.5126,426.9246
302.7539,406.2232
319.1038,401.4655
243.1017,478.2474
223.6805,482.9862
244.9576,437.4465
281.6546,510.0436
321.9286,398.4271
282.6744,500.8208
222.8087,465.942
227.2142,435.9197
280.8329,422.8581
240.3488,413.3527
290.4747,506.323
363.7281,405.0456
258.3684,512.5178
243.3393,438.1485
300.6032,421.0925
372.4405,407.4643
247.7385,495.5896
307.4236,413.9207
229.173,479.003
362.4857,409.8666
361.7118,407.7982
377.0868,417.9906
233.4735,496.523
272.1186,419.4682
327.6901,402.0258
330.5592,417.9541
294.6648,411.2218
241.2697,451.3416
366.0192,406.2881
238.5339,465.0372
246.4071,475.7315
284.2876,503.5708
352.6624,415.8494
237.3358,454.5798
308.1075,398.9048
227.4928,443.6855
245.1965,472.4061
284.7748,403.308
232.1864,498.4227
234.6787,473.358
257.3603,428.3366
375.7793,406.1029
332.835,405.1919
320.5626,411.1018
267.3168,420.6946
210.8746,449.7217
373.9763,398.7269
230.6684,478.4222
335.2477,415.0051
253.0317,414.754
338.081,413.8277
230.0247,421.6505
264.333,408.7449
292.976,498.3083
236.7766,490.5526
226.1969,451.9401
290.1482,406.0034
241.6429,463.1529
293.164,408.7504
300.5981,403.2005
254.7382,502.6503
313.9829,408.2278
285.9729,406.6048
275.1547,401.0539
285.4775,497.2856
367.6046,405.8406
219.9057,444.6836
288.512,498.5356
222.8957,459.3452
252.3018,504.7719
304.039,401.7848
251.5379,505.8315
282.888,412.4778
215.7529,440.3257
342.7103,416.9414
278.1329,410.2355
273.5983,416.5587
344.4193,416.8219
232.905,496.6927
373.0796,416.8765
359.626,406.283
232.1235,420.1245
222.6469,464.2627
300.6095,407.6875
277.9289,511.7457
366.8825,398.994
257.4263,419.3564
243.8814,499.2615
268.4821,500.131
246.6424,494.1217
299.3488,419.6643
230.8722,489.0313
237.7018,501.7645
254.5155,500.9794
273.1406,511.2559
344.9836,403.2954
345.5283,400.0767
265.846,421.3265
266.2882,512.368
245.4345,500.9637
315.629,399.2143
287.5035,495.4849
300.4919,401.8188
351.3806,419.6257
249.642,481.2826
228.9368,469.5395
276.7375,403.5634
216.9547,447.7477
239.0694,430.8962
308.2987,404.2974
233.5512,440.6617
324.8715,406.2632
252.1541,482.4802
289.0448,402.364
273.8565,503.2796
227.6391,468.2431
234.1422,454.2587
209.8168,459.3081
288.7646,499.7054
218.8465,477.8047
262.8372,492.1613
306.0745,412.8839
231.2919,447.3308
212.7881,454.3256
247.5295,410.7773
274.0835,501.0336
292.0595,408.0092
261.493,504.2249
269.9181,512.8007
338.277,405.6648
260.8575,417.8008
244.073,489.9762
291.9159,518.0862
247.4943,423.7972
238.3105,478.5921
249.3011,480.9269
331.3864,404.06
235.4472,434.1584
232.6172,467.5193
250.5912,508.2677
299.86,406.2009
245.59,493.2135
274.717,503.943
292.802,400.7513
243.8566,486.9407
294.4766,405.6975
281.9341,402.7888
325.7467,410.3902
242.4568,470.7694
216.9426,465.1553
255.7588,433.2016
252.9485,436.7045
261.45,492.4522
344.4609,400.9544
222.3126,453.9586
282.244,411.9745
250.961,481.4579
227.6748,493.4195
375.2159,407.7069
264.729,415.133
306.6592,406.4575
280.5783,416.7893
280.3198,515.2987
267.3029,402.995
253.7921,421.4553
217.6575,444.5741
270.3084,411.0146
285.4144,504.9458
244.1951,470.7953
229.8823,429.5259
227.0341,476.3132
286.0235,501.7325
339.3649,414.7358
225.7347,436.5872
283.1304,505.3032
300.6792,411.1923
222.7277,484.9005
244.9281,420.1556
405.4144,309.8955
425.9614,264.7712
414.5805,309.0014
455.8779,230.4425
508.4836,252.4134
469.0624,243.1605
415.3478,264.3974
398.3082,275.0745
391.7268,264.561
406.2542,297.7285
414.312,323.682
541.6356,253.9779
520.8464,247.9293
438.9306,331.3169
409.089,255.6322
437.9652,248.6233
549.9137,252.2281
410.7282,278.2912
490.6928,233.2165
452.493,252.4674
394.8627,312.3887
464.8846,244.4789
401.0143,272.9848
459.5036,349.0417
395.8063,280.4613
391.5347,278.0094
433.4278,338.4669
393.4957,310.1555
397.6409,255.5452
479.7917,248.5382
382.0983,294.9919
453.277,346.7287
443.5332,338.1064
464.003,233.7758
455.6171,238.9157
431.8102,317.5683
391.1483,278.9725
380.9099,288.1103
407.1203,249.9966
419.4317,246.7602
416.1196,273.2915
528.4045,237.6947
468.461,237.3715
400.8629,268.7355
427.3196,246.3139
485.5695,233.8498
448.2718,246.3011
464.6339,330.3745
408.3463,299.6871
418.4245,249.5859
482.3843,233.429
427.3226,316.3475
392.6792,285.8079
401.3315,250.4266
464.9274,349.3508
402.6112,267.262
419.3089,248.7319
531.2954,251.1477
500.3249,238.5324
407.0781,272.8128
424.6452,260.5106
424.0411,331.5199
440.6968,323.8783
534.7739,247.5501
448.0283,329.4975
454.5705,241.7132
396.53,287.7911
436.979,237.7281
422.087,315.4364
393.6437,256.8203
414.7198,261.7661
382.9545,278.9193
460.1917,248.2768
463.578,251.7782
437.5067,237.0762
498.8715,230.8039
410.6224,311.6282
451.4275,236.4187
466.8368,239.6897
470.8141,236.2345
395.8741,285.89
431.9429,244.8394
410.0353,262.4405
487.5577,241.1994
461.0293,346.4507
438.5422,339.7972
413.5427,305.1181
443.5325,238.667
392.8437,266.5032
380.9886,295.8382
479.3228,238.6044
410.9688,291.3512
453.0157,329.1313
457.4613,326.6783
410.8228,273.3316
446.4572,343.9366
401.1011,259.054
451.0698,328.1909
462.5318,337.5432
412.0915,276.5635
523.5695,242.3922
419.0532,340.6715
420.3175,246.3084
454.8105,345.538
542.4622,243.9371
412.4774,263.3067
531.0148,249.1808
445.9733,236.6018
536.8376,243.0613
510.9726,246.6538
446.4977,253.04
462.3865,253.2314
422.2489,262.6634
412.5588,315.6264
411.6015,257.9317
395.7261,288.8218
420.9991,268.3399
403.2076,317.5685
465.9318,241.6268
543.3521,236.3893
527.443,243.8567
438.6122,242.9312
419.3686,247.8813
466.6102,242.4824
448.2773,252.3785
443.3508,327.8506
418.3893,313.2588
543.0409,237.3016
482.3761,237.3187
420.6088,319.8766
398.9512,274.0568
461.7776,249.0049
435.6352,342.3434
446.5911,241.2179
412.8445,290.4796
430.7216,320.7699
418.308,268.726
393.1716,275.4981
420.5466,240.4216
413.6085,250.3685
411.024,289.5963
533.8809,248.7366
470.7963,237.4039
420.6051,256.9865
515.3419,237.5555
416.7124,307.3929
398.6028,310.3009
447.4038,246.8293
451.1081,325.094
498.6235,238.3722
448.6268,337.257
438.951,258.1558
416.7655,317.2213
424.5353,258.2388
405.3592,277.9486
431.8152,243.958
398.7761,259.7283
428.3577,252.7158
424.0793,332.1194
519.3911,243.9866
408.9007,289.7557
431.738,246.276
456.1182,251.1107
462.484,233.5722
391.6632,318.389
534.9066,235.6486
388.7154,300.9514
455.7732,252.7339
454.1726,235.023
434.3622,319.956
396.0133,266.9402
388.4029,277.91
386.9308,287.7947
411.0807,280.6414
445.1645,326.5095
418.6787,309.8723
408.566,253.8735
521.7246,243.2742
428.6975,246.2259
484.9963,239.0592
455.3474,248.0924
401.1879,309.6892
418.9369,306.702
413.6093,324.5484
478.8963,231.203
432.9699,323.3676
401.7303,268.5802
394.2683,263.4875
444.6318,248.064
384.1567,302.6272
425.2729,243.994
447.1645,250.0328
448.0336,232.6045
391.9695,298.5102
392.6432,300.6579
411.1347,251.9521
441.3745,254.6757
434.6652,334.9576
542.3267,239.6157
513.6189,253.7245
464.618,330.7084
432.1754,324.321
404.8247,260.685
389.3626,263.1095
508.2374,253.8573
448.2307,334.5734
467.5134,234.9672
448.0943,233.0909
402.5544,317.888
426.4119,322.3224
403.3803,296.5495
437.1256,240.4969
477.3996,250.1154
435.7769,326.7756
387.9345,264.4073
392.1126,297.6988
395.8598,282.017
546.6866,243.665
405.2544,262.7055
456.5806,248.4909
532.9424,246.4108
412.0363,297.6922
406.5266,330.9364
547.3274,232.0801
482.4974,248.9378
440.7382,343.7052
523.2371,239.6668
547.6318,238.8453
484.7224,243.8658
402.3659,251.7818
423.6199,332.8618
509.0486,233.1127
383.5604,291.0297
510.6923,237.2633
500.2889,244.8529
529.9229,245.3997
405.1984,251.4143
415.7534,306.1307
546.0979,235.3141
409.1019,246.5718
441.4332,244.1195
517.3921,252.8793
548.2108,238.1426
393.1375,284.296
538.1641,241.3492
398.9682,322.6553
433.2636,251.1925
473.4999,248.7413
458.7226,248.6497
412.0251,247.7275
536.8151,250.9441
511.8393,241.5024
488.5523,236.6765
418.4614,310.354
499.6739,236.0234
387.7579,269.5568
411.0279,334.6538
429.4486,323.0436
433.3308,244.7852
442.03,326.954
507.477,248.5437
414.1165,336.2552
450.5542,347.7886
409.4148,322.9198
452.6926,339.8985
410.6338,317.5335
458.3185,233.6763
395.1023,284.2493
458.302,232.9404
420.1456,322.2996
491.5873,240.8752
399.5103,271.7841
452.8874,245.9728
401.4411,303.8965
449.3069,236.5438
439.2872,236.3079
414.6157,304.1647
413.5018,251.0947
526.1258,230.5685
421.0248,248.5442
417.3094,254.7497
400.5773,266.8986
456.568,250.5036
484.3738,230.8608
461.5742,242.7824
399.4571,317.7898
398.5623,270.3611
415.7238,312.0246
414.474,261.7591
426.2392,249.5159
417.8473,253.4114
481.4469,252.0222
478.6022,253.2534
441.6228,239.467
495.2402,242.579
390.8827,269.5012
507.7072,242.6777
412.1191,278.7327
397.6683,273.7611
410.0666,272.8646
384.8755,310.0586
468.9876,239.8591
440.9978,256.841
507.6491,231.3504
405.7916,281.6017
389.4183,306.4557
431.8861,257.729
386.7667,289.2268
451.2307,325.036
384.8371,269.0507
519.1474,231.3783
538.0231,231.5708
531.8968,230.5131
400.6694,282.5211
387.1817,282.4583
417.2603,265.7056
435.7401,345.8832
527.4275,234.5984
396.2011,311.7035
459.4984,246.5019
396.8279,274.6592
393.2193,273.9608
424.2156,247.4944
414.9827,266.9773
411.8282,249.0902
420.7791,314.9944
535.0833,235.9392
545.7315,232.0601
515.4196,245.277
453.7012,325.4575
392.241,262.8021
403.7913,261.4866
422.6497,331.9246
394.6154,257.7521
525.5342,233.9155
490.9202,251.9439
451.0735,325.3488
406.3233,266.1829
418.4237,316.4573
419.6374,333.3011
433.4735,245.2574
476.0012,248.1544
403.1716,319.8404
496.9791,239.4155
454.3606,336.3275
415.4196,273.2668
408.8693,251.7209
436.9816,326.9582
396.6559,270.555
412.2485,293.251
457.0324,240.4145
405.2929,313.545
456.9585,341.5876
510.7414,233.7254
492.4932,239.8933
429.2848,324.4549
444.9684,335.094
393.9657,257.3249
418.6088,320.9224
456.0795,343.8569
412.0812,318.9934
463.302,327.5591
415.1402,302.1461
395.5191,265.0837
484.9655,245.3026
416.2444,317.1432
493.9403,242.5921
413.8477,268.7559
549.0616,236.0405
462.0855,241.6261
446.7329,238.0132
522.303,246.2881
424.8361,244.0439
412.9839,301.3299
408.7622,289.8172
404.2977,300.7884
487.4717,235.3379
399.2565,262.6069
540.1578,247.1991
405.8646,304.7612
534.3421,243.5171
453.9801,343.8629
478.1465,241.8571
529.2539,246.9383
462.2372,235.4321
433.1988,235.6712
535.0433,246.2241
410.5144,323.2291
421.8459,320.1267
419.3811,308.4248
453.2614,234.9936
445.3357,251.1281
533.7138,232.1385
468.1946,248.8274
442.6458,345.4291
427.4821,343.3236
537.9509,237.7208
390.355,275.1407
449.6986,348.2861
430.8381,338.9498
507.9622,249.3823
403.8348,311.5628
444.0652,342.5434
492.4315,232.7648
468.0125,245.7702
396.3244,294.7444
471.9896,246.6914
393.4189,308.1136
490.6449,245.2643
413.814,330.1782
517.0178,241.7624
511.5453,234.2842
415.4397,271.9395
400.6376,304.9658
421.4012,242.477
488.3575,250.3418
418.9372,329.4618
434.7161,248.1676
528.1729,246.6623
451.3675,247.9817
398.0823,260.4324
511.8351,249.5897
423.1764,332.5618
445.6059,347.9735
427.8124,336.9453
527.285,234.9469
511.1723,234.52
410.2751,256.6518
434.4389,325.9358
492.7095,232.2333
379.9807,291.2889
469.5477,247.3594
425.8303,329.56
415.2956,327.2836
400.682,299.0386
425.1645,255.6599
511.6266,230.7205
535.6317,247.0484
432.0737,325.727
529.6647,230.9904
409.1906,310.471
494.8393,235.8151
463.0926,236.3958
385.433,276.4629
387.9071,281.0258
399.5445,255.7388
518.0848,238.7512
437.8487,337.0372
392.5746,264.6325
519.4116,250.076
437.6119,322.6168
398.9274,285.7567
388.6097,306.2216
532.0104,237.6672
538.5366,250.9657
393.1739,288.5247
413.3635,256.0108
387.0513,276.8423
450.9004,236.2164
401.4049,289.5387
514.8471,247.1445
416.5581,256.9252
415.5795,274.9845
534.123,235.6261
466.8146,253.4682
438.115,236.5763
548.0681,240.9986
415.7801,315.6461
544.4209,237.45
444.4541,243.8344
407.7447,295.528
397.5616,265.9286
488.8156,241.9756
435.4826,336.9779
393.5513,308.5015
647.0942,465.1169
704.3649,435.5683
735.2378,469.4857
749.4255,486.2511
674.1675,505.1144
683.7522,503.23
691.0019,528.9196
673.5552,519.3712
740.5388,453.432
678.9213,512.3703
719.6212,469.757
648.1719,471.0398
659.6744,503.5112
664.0403,472.0046
739.6388,447.7662
665.2508,501.0913
665.7501,491.1294
717.9344,470.7645
750.476,496.6083
757.3405,506.0668
726.4732,439.6921
690.6297,507.4174
707.0046,488.0611
644.1445,468.4682
715.4826,487.3588
741.9229,512.9099
731.3479,503.8396
703.3079,467.7272
750.398,482.4769
705.0839,494.7277
745.0981,461.7316
672.3888,448.2428
718.5078,499.8032
752.0415,502.3164
726.0309,472.3389
738.4887,521.226
687.9417,453.2898
638.4849,491.3277
753.4848,510.5283
701.3103,468.6452
696.964,477.9542
747.407,459.6522
689.3985,451.5359
736.619,494.0067
744.2577,466.2894
708.6651,474.6858
747.9069,491.7364
670.8706,467.8036
659.7373,499.8799
633.6997,476.6516
695.6042,468.9901
739.4507,464.8095
733.6556,466.3244
661.9339,475.9418
662.1447,455.0586
690.9899,451.4581
648.379,470.9841
660.1071,504.5741
633.7733,473.9969
684.351,519.3575
693.6287,478.0631
681.2596,483.849
748.6511,502.5134
674.0265,458.1241
697.6855,492.2756
708.488,489.7232
689.9129,498.5268
650.0802,478.1585
671.2767,480.7802
721.8504,524.5683
724.4413,450.8673
744.4199,497.3517
708.966,480.2548
653.8834,495.2111
708.6332,525.0001
673.9699,440.2822
648.4601,452.1116
758.741,487.3965
703.8833,468.3864
702.2454,473.0968
640.6656,479.5969
685.7636,509.2471
705.7546,467.2873
687.409,503.3823
698.3833,527.7839
719.0482,490.4836
703.575,507.7256
690.3356,529.6022
728.136,489.8592
700.9114,451.1945
659.2203,484.6139
684.1966,489.0116
709.2668,508.8864
678.3162,456.8033
653.4314,496.818
707.7957,502.193
640.6788,492.3559
668.9332,469.8438
735.5485,459.7715
663.0512,460.4236
707.5083,449.6135
673.798,497.6842
738.3383,465.1815
641.1617,471.3457
723.9574,468.0522
716.1075,440.7825
727.5999,520.8758
724.1191,471.7732
667.149,506.0661
722.8641,467.5893
672.4131,456.9714
742.5988,500.3744
709.274,496.9421
765.6769,475.951
671.1529,455.0117
765.0451,473.7063
754.0771,487.4009
637.7287,483.3082
639.4996,492.3154
665.711,454.9231
688.8847,499.2844
751.7529,512.8109
717.091,475.3205
712.0781,444.8454
683.0213,441.364
715.2538,525.0617
689.8581,485.5066
670.2981,474.9529
677.0844,448.1169
652.394,494.2474
715.2388,493.8508
651.1906,491.122
741.0434,464.611
747.5141,465.3388
739.7949,473.615
714.8924,452.0669
755.4309,468.136
712.0489,443.3886
757.5153,503.7022
648.0099,459.7475
708.6997,505.9338
694.7482,529.8909
653.8763,461.7524
674.6683,492.5268
679.4811,478.8841
700.666,522.1293
681.5679,459.6928
711.9738,480.3196
668.5318,513.2143
724.912,502.5304
642.5692,471.9375
717.1825,486.4052
732.5589,508.8756
739.2179,518.5606
764.8738,495.1256
674.1177,516.2103
740.1897,480.3787
679.4257,454.6606
700.6537,467.9077
653.9154,453.3418
662.7099,501.7758
666.9383,462.9793
745.3847,462.6779
701.0463,530.633
701.1641,476.9465
761.6493,464.7685
650.9909,465.4139
755.2936,477.2818
687.773,475.6777
668.1143,472.1322
671.3141,462.0761
740.3805,482.2522
708.0919,515.3841
669.0594,513.7545
678.4161,474.4643
767.5666,481.2391
733.4483,492.4785
699.441,459.73
657.2964,476.7287
742.1215,513.2108
677.0928,437.8105
650.9538,466.4593
654.2769,510.8759
710.8026,509.2907
654.0956,455.369
708.1484,475.5175
645.8742,463.2454
717.8681,489.4532
693.3002,508.4103
745.3419,476.5858
689.3838,524.4887
706.2026,499.9595
720.5648,498.4593
651.1722,494.4376
640.6477,501.299
660.6681,521.7174
653.2757,450.8802
663.3081,461.1187
663.9205,463.977
670.008,522.2888
735.6121,451.5642
650.9848,511.7066
744.3833,470.1358
732.8956,483.1382
655.3661,461.6635
652.3475,505.3075
695.7156,487.2011
708.1018,510.2759
698.3953,443.0499
679.2483,472.2348
758.2265,461.8915
748.4358,458.8276
759.8741,494.5384
633.7166,475.369
706.8723,487.2236
662.4117,485.525
719.224,520.6932
739.5282,457.7797
749.1336,500.4446
720.9894,518.521
697.3005,460.8592
705.7388,469.7931
718.1561,475.686
725.5624,483.1855
685.9858,481.7442
715.1481,485.0547
684.4859,458.794
679.8717,494.6084
689.7525,469.5469
687.0965,478.7442
699.6259,523.0663
735.3432,465.6707
720.0013,482.6116
735.8029,514.1044
648.3699,460.4736
658.6239,494.9224
670.0046,482.6988
637.8531,496.5666
741.9131,469.1792
722.9095,492.624
645.0318,484.0396
676.0495,445.2211
745.1419,455.5367
741.6861,487.8011
673.0993,439.0982
752.8644,484.1543
676.8392,508.0562
642.6392,465.0642
695.3075,490.3308
656.9124,512.964
681.2294,505.1885
686.9961,506.5516
651.7525,485.4044
646.286,491.7029
735.6657,522.31
677.4053,493.0422
679.0073,520.8779
661.1025,477.2623
675.7805,453.9024
764.7065,474.2855
743.1845,504.0848
645.3161,456.3796
671.1801,463.4581
745.5382,497.8985
700.9524,445.006
714.4019,502.3185
684.1533,505.6135
700.0902,516.9915
751.086,463.3115
692.1429,467.1986
702.9367,470.0531
675.7536,506.7438
653.9036,502.9625
743.5066,472.1382
659.1884,474.8893
723.9442,455.1991
733.1721,500.2863
643.0702,477.5893
695.4505,463.7215
712.5227,518.0985
642.4374,474.5492
747.0916,502.6353
730.6737,492.9828
716.7894,469.8149
707.168,479.6079
687.0224,451.8792
682.3484,449.3692
674.844,520.9817
742.9596,447.32
713.6116,498.1969
742.3445,499.1037
636.5328,478.4051
749.4529,453.7487
752.8631,508.4433
695.6627,506.5016
721.0325,519.4394
718.3139,495.9015
728.4216,440.3444
691.9313,473.623
680.1875,457.1772
654.6705,510.1483
646.2806,491.4431
652.4831,517.0485
710.8694,445.7045
729.2008,513.5615
719.8076,466.5629
660.4734,472.2915
744.0333,462.4557
711.1284,509.7735
693.9466,453.5722
669.1219,440.6926
745.1337,493.0891
691.8824,456.8202
690.2649,468.1167
745.5257,510.2337
749.5421,458.9153
749.3857,472.6501
722.3346,509.101
732.9353,446.543
641.9734,486.7094
706.204,499.4029
659.1088,515.165
699.7422,475.3218
761.5928,491.7509
665.8467,464.7261
680.8419,510.7342
717.5346,462.9032
661.9084,486.7787
690.4888,515.213
712.4147,502.0651
643.8021,484.4503
750.9696,484.1079
740.0948,472.8292
758.1239,472.061
684.1589,514.2069
635.5662,485.4151
670.9387,458.4446
693.5529,460.5125
700.9794,474.4483
727.5885,449.1908
647.6863,480.7993
696.1928,512.0067
680.8537,474.3878
647.9645,491.2312
712.5361,484.397
689.936,451.4854
639.2428,473.5771
722.1745,502.9811
675.2125,499.6244
664.1212,477.3003
655.6543,480.4755
687.7209,441.5875
738.2128,454.7236
719.7065,468.1055
757.1685,497.3356
720.5669,481.0209
756.9513,466.591
667.8085,449.2708
716.1128,469.4619
677.6823,442.6225
677.33,502.3159
671.2103,444.329
682.0275,496.0838
643.6604,467.9968
665.2653,469.5188
691.5878,460.4816
640.8174,499.0659
664.7602,442.8818
670.6627,520.5434
744.6772,505.0358
762.3337,492.694
705.3734,459.4058
721.643,481.2791
720.273,495.0289
729.4475,510.6908
668.0943,475.7745
700.0291,456.6157
645.5251,492.5088
749.5271,511.8182
693.8067,463.7504
752.1351,501.3662
665.2059,486.1883
733.9358,442.5863
645.5114,472.4663
653.8603,502.2139
669.2867,466.0186
648.8885,470.1751
764.8975,469.3816
671.3556,460.4162
651.0883,478.5038
679.9344,480.7243
742.2517,498.123
703.0136,522.8176
646.8945,512.3227
723.8555,461.6384
679.0742,501.5798
659.6999,479.2179
723.2268,476.6463
640.2112,462.6122
695.9428,519.0562
642.9201,479.1481
747.8575,511.0787
694.8415,511.0503
727.7146,484.7994
670.7889,448.3694
687.0129,507.5522
745.8861,504.8589
685.3441,472.9817
711.0781,507.2419
675.7139,494.5076
678.7998,511.0152
669.1772,500.1385
664.1578,459.7968
709.3983,440.2495
650.8712,465.2472
715.9025,484.7273
671.4318,470.499
756.4533,456.2868
688.0288,518.8287
733.0792,521.786
678.1412,505.7249
741.9706,505.776
655.1592,452.7475
709.4189,523.9869
655.634,487.9757
688.7245,499.4926
743.3394,473.5789
637.8424,476.5281
650.1595,488.0449
721.6003,451.5922
736.1608,503.4202
677.9282,492.5177
683.6478,490.5129
686.796,437.6361
658.7844,496.6121
732.4027,514.6252
689.8863,454.3643
694.5094,500.4819
766.3393,473.3557
710.6212,477.8678
670.0323,507.9188
752.733,512.8855
671.2503,517.9232
717.6045,473.399
710.9683,473.8843
702.6966,511.3639
736.8386,457.3449
718.1383,456.9225
718.9114,454.5476
698.682,506.4152
717.5251,525.1942
671.8082,484.7144
721.6855,486.981
710.9205,472.447
660.972,459.3192
636.358,466.1221
751.9514,513.5886
672.6352,460.5934
690.9761,477.2324
675.0843,479.0724
755.8403,506.2537
672.6028,443.8432
655.3049,501.0161
727.1814,439.0165
706.4931,509.3746
688.7201,458.8934
688.6751,506.8041
638.1734,499.255
669.8485,485.2848
718.9486,516.0931
710.8098,454.6742
702.3585,490.9303
676.6491,454.5317
666.3001,504.7156
696.0396,493.4052
326.882,145.8268
707.0765,240.4037
237.9025,505.2494
217.0959,310.7099
774.1468,162.1975
562.8881,541.1533
371.8721,211.3736
340.3108,531.842
283.6935,242.6474
409.5624,297.4461
536.9637,137.9682
403.3391,422.6862
534.1689,421.7048
394.6085,524.5461
339.6893,448.78
270.5351,487.8347
372.4104,187.1666
359.4743,106.243
361.2353,356.7819
543.8905,342.9056
709.5449,295.445
351.0462,352.8167
455.5796,123.2458
279.6024,428.1989
473.5672,257.8548
671.3799,334.3686
660.2141,465.3229
328.4278,453.7279
700.383,428.15
673.5114,356.7114
496.9309,238.2672
602.6485,625.8724
480.2514,409.0142
277.6369,181.181
673.072,441.6509
515.8981,456.7188
397.2377,268.2335
237.8867,410.4303
360.8262,507.1532
431.5488,393.141
356.2342,348.2238
223.1079,418.183
709.0945,609.6299
366.5391,253.4934
213.2875,467.2855
274.7544,431.8154
543.6383,567.1414
430.4608,522.1621
214.413,530.7443
372.173,332.5468
398.651,126.5156
691.1636,218.7829
703.5112,368.6379
490.7616,342.5288
546.5943,145.2561
613.5702,374.0816
704.4412,547.0449
216.4126,229.5812
214.3193,521.2384
673.8348,594.6592
326.4899,614.3925
590.5906,301.4123
695.9298,615.4912
229.1637,188.261
531.919,595.8068
605.3357,549.0085
773.5413,459.0879
311.8052,276.9808
303.9542,299.3917
555.4138,397.8353
733.5135,628.5708
516.6531,208.6137
642.0196,350.0478
333.7803,576.7627
211.6846,436.2558
673.0956,144.2896
689.96,327.9097
544.4566,618.2256
666.5634,180.7149
225.9285,150.8899
334.9293,366.596
585.3575,276.1475
313.881,327.168
527.3395,357.6373
649.0602,233.0273
708.5444,272.5886
698.8304,381.3715
364.9108,366.2321
623.4716,346.5537
766.0692,630.258
317.7747,356.1248
616.0155,576.4743
343.6014,114.4697
626.7575,404.8541
532.1259,275.2387
553.9347,635.0339
678.0452,481.2404
460.7201,598.211
630.5481,343.0216
251.696,108.89
674.7694,376.1608
388.3192,241.9208
638.0661,205.8383
564.081,114.9408
358.2465,191.2557
290.2502,172.4476
572.1034,204.862
401.184,435.7861
588.5099,618.8201
719.8423,421.432
589.1597,606.9923
395.3376,340.4452
453.8043,493.1489
225.6144,591.975
255.0246,357.7382
253.1666,621.722
323.6963,127.1799
713.5605,258.2495
515.6127,288.1697
338.9618,160.4276
345.9523,506.4356
269.0828,356.2246
534.9442,121.8289
269.7558,520.9843
491.9225,222.8907
378.4156,163.2708
776.9769,448.1924
735.1707,232.8421
311.1108,298.8648
325.3358,321.6913
742.4421,363.8979
455.7954,123.1051
744.2954,622.2393
214.3797,269.4613
715.2654,593.0024
559.5334,541.6069
667.2568,582.68
706.7316,262.157
262.8473,347.9059
490.0578,188.0529
625.1002,370.2003
409.8862,415.3256
244.9113,181.7874
326.6891,422.9595
362.8551,617.1934
672.8686,174.6608
208.5707,449.5112
273.954,105.1307
590.2151,369.1089
528.9932,130.4979
524.1935,309.1061
356.2696,288.0834
496.9749,552.1616
493.0688,96.7324
273.0944,162.9404
608.8844,294.3226
590.4008,183.2131
554.9053,520.9014
530.5069,272.7883
467.3968,433.9081
348.97,351.0875
387.6573,332.3401
299.4899,345.3625
246.8547,204.9592
552.5878,232.7507
689.9798,192.6043
227.8481,141.2552
235.1345,465.9225
650.3433,444.6779
681.1627,189.1009
497.0917,211.5021
580.4791,314.7031
737.0385,432.423
201.0901,122.9257
215.8956,375.1319
675.5146,146.1943
521.6748,590.6146
567.5642,376.9805
595.2019,192.1442
351.0018,267.9817
526.0085,424.4896
221.223,401.7208
460.5572,400.6002
715.0185,311.2741
496.2341,463.4809
398.4572,123.3512
533.6993,627.1371
306.7043,472.6114
554.7808,593.2914
396.6851,498.6239
705.8604,200.4644
288.3835,336.1432
364.1564,619.519
272.2674,118.0569
668.4291,358.8644
768.0799,377.9975
385.4505,337.3633
646.0412,616.667
545.0598,314.8294
531.8614,547.2079
214.5539,312.3799
413.1347,174.8351
624.7483,376.4128
477.1481,211.5269
678.5825,375.7495
231.1628,608.4353
595.3382,522.4567
205.3062,97.0796
342.4384,562.8665
739.5929,554.2298
554.6003,312.5286
486.2803,480.7938
329.8687,143.3912
206.7573,520.7274
442.9751,184.509
764.7113,330.5307
309.332,284.7652
489.6705,171.3785
463.996,533.3995
664.9199,596.9842
415.6587,304.9762
293.2594,328.1402
580.8579,521.7476
730.5764,359.4611
335.1873,375.3169
