2,NO,5000
356.2304,426.9155
313.9473,422.1955
317.7382,406.9563
308.761,426.3428
350.4268,453.1007
305.667,500.7899
286.3962,483.4109
336.1957,474.1042
240.4113,484.5015
350.2725,442.3714
339.5733,480.5537
330.8098,489.7937
323.385,525.0187
350.4732,441.9204
365.9614,410.2337
301.1518,388.2405
311.8898,420.5325
368.872,495.1274
346.4506,473.2805
351.9855,471.3981
346.0344,425.3473
316.6948,384.4398
311.9784,413.9466
320.4294,384.2465
307.0331,426.9923
308.5002,508.2497
273.8786,441.1584
326.9462,482.4718
339.3137,443.6434
352.4381,436.1173
340.0863,479.5731
347.1197,456.6281
278.8782,423.3506
356.9336,501.8563
330.2667,483.1264
240.0035,439.1337
304.0364,521.1416
372.0421,477.1662
241.1945,417.4612
353.3049,447.487
314.3602,511.5247
346.9601,476.3116
285.4717,415.8494
340.5691,482.7547
273.5953,510.0508
256.242,466.5695
287.8281,489.6594
271.851,448.1116
324.2379,428.3056
306.4509,408.425
277.3531,477.3696
342.346,382.4964
272.3348,429.7511
313.7977,421.8861
333.2941,487.0896
332.4806,497.1548
292.993,505.7091
342.5165,480.6786
363.0519,478.7011
347.7658,433.8594
283.7679,480.4604
327.8954,497.3936
307.8501,512.3728
347.2721,510.9569
258.6329,453.3494
276.2866,514.9593
258.4411,419.6653
338.0667,507.9827
319.6005,408.1595
272.2021,460.1785
243.2192,479.6617
355.9487,410.4667
308.4167,497.1289
363.3886,459.676
275.6439,500.2806
264.4944,454.6446
274.4834,488.5917
338.1452,420.6723
314.9008,417.463
325.2217,430.2132
320.7685,428.8093
384.8136,468.4033
279.8751,446.4877
275.1503,435.433
332.0698,436.7491
336.1873,430.0543
306.1185,415.0262
306.8545,396.7527
276.1399,475.5145
293.9539,422.7163
327.402,419.5711
235.1572,436.9965
337.4524,434.3879
325.1932,491.2853
344.0282,411.128
346.8187,520.2172
264.4232,457.3646
339.1387,417.297
395.6439,418.8283
205.7669,464.1253
295.1446,429.4607
310.0353,422.2081
300.9637,414.7045
303.9234,522.3007
319.4746,410.2038
288.6951,493.1769
323.0892,487.1004
276.5495,479.2569
273.7826,484.0916
338.0509,452.708
337.5999,475.899
334.3495,520.423
301.4233,428.1808
280.9804,441.3119
278.0007,500.6859
310.9161,388.3301
360.4661,442.9616
259.668,495.3602
311.5848,420.4665
278.3701,434.4708
277.382,491.2897
257.8188,488.4613
279.4436,438.3356
307.6004,500.7164
270.6077,464.9156
369.8556,453.4886
307.9163,530.3199
243.4243,486.958
272.9284,452.6171
340.1515,462.1212
355.0892,506.9675
342.5239,432.3861
263.2616,425.6319
290.6121,498.9556
223.7322,502.7753
273.3407,433.894
321.5183,497.2161
280.624,412.6043
349.9533,482.0969
274.9486,392.3001
346.2652,510.2463
363.8784,425.591
361.6451,483.9274
304.2943,490.8854
343.6188,419.2075
286.3269,428.0081
337.5574,413.8028
264.2012,495.7554
331.4151,385.4319
252.6111,493.5349
289.4031,487.6431
288.0613,492.7583
290.9357,497.2712
353.0878,422.5765
332.0926,408.2597
360.1989,468.0607
281.561,438.5927
300.4867,514.1435
278.2417,515.6313
345.1401,431.0716
316.6453,496.9514
234.4461,446.3181
355.8818,442.7664
240.574,463.9244
339.1564,489.9948
332.8655,501.6505
256.2807,509.4373
292.2464,491.8092
325.1085,411.0208
284.1122,437.6629
366.4902,430.8864
346.2465,423.8139
364.25,453.238
313.2206,424.4829
276.7219,525.5356
283.9701,431.4352
316.8428,517.6762
272.2736,465.7461
295.0288,429.3028
356.9638,458.9457
276.7193,494.799
265.5703,518.9943
287.6491,426.2155
338.6118,477.7648
336.3918,518.0112
265.2954,518.0371
251.7049,412.7019
365.7592,476.3424
332.9505,433.4928
247.3569,449.5091
332.3347,417.0651
358.2055,456.7364
281.3891,424.1901
358.9131,464.1269
372.7985,447.5756
337.0078,441.7044
314.6154,426.4293
306.4233,494.0096
316.0852,422.6415
369.5663,434.2522
343.171,430.9213
332.6274,419.5626
348.9446,481.6494
354.6416,415.054
333.6912,540.1813
292.1352,430.758
305.1129,425.5286
358.7014,436.1688
293.8329,500.0605
330.159,428.6439
320.3123,402.1916
282.5429,489.9238
349.2321,479.7689
316.5775,496.2082
319.1313,518.1012
302.1513,522.5529
246.6558,456.696
380.1336,449.8151
297.0866,503.6918
346.7372,471.1055
265.4314,483.854
247.6321,461.263
283.6989,490.0131
294.6715,391.2777
273.9404,454.566
273.1192,451.3994
266.5008,457.4314
284.3028,417.728
279.0956,482.8686
280.6651,440.7929
288.1302,427.0506
235.3646,483.5628
297.6431,520.4073
273.6395,529.8786
360.4742,498.8062
322.2692,427.5767
326.0301,528.3769
258.6162,480.1587
311.0483,415.6542
281.7795,531.1498
277.2105,424.6612
351.4466,470.5779
341.9181,438.3077
343.9771,417.5116
319.8053,507.7978
272.9946,420.2274
314.311,497.0543
309.8401,418.9807
317.7087,407.9121
322.5624,516.3428
299.1832,403.7342
324.8043,514.8497
342.5995,471.3717
321.4132,404.7836
291.5758,504.0197
280.6246,474.2962
320.1818,557.7846
334.776,473.943
347.9779,446.2941
238.1941,490.1237
287.4008,494.9253
320.4785,504.145
334.4369,508.6986
342.6248,470.2716
370.3835,446.9492
276.8809,477.1197
249.8273,412.9367
272.0658,491.9684
270.9406,416.0261
333.5861,407.2836
364.7879,449.8027
250.8673,485.4663
298.3445,520.8632
275.9637,457.146
291.5981,392.9219
320.4236,428.0895
300.0506,416.7036
329.1667,500.9205
324.8292,506.9229
275.6745,430.1714
295.7255,493.8933
341.2652,432.7975
329.0783,434.0059
322.051,484.99
253.9121,436.0888
275.6906,405.7151
318.1743,507.2097
342.2165,419.8882
286.0816,537.6426
321.6859,403.6669
321.2398,510.288
270.2913,508.8132
340.5009,428.9533
336.4089,476.3764
348.9537,450.0625
340.5197,470.6335
279.7388,429.7968
308.506,413.0918
273.4178,391.1072
268.6153,432.4839
338.6995,428.2743
279.3894,425.6472
272.3622,489.164
290.1625,423.8215
362.9454,434.1549
316.2314,489.0914
369.7194,413.1785
282.9714,527.7636
309.7444,402.5724
296.27,493.6138
330.328,393.3846
324.6918,428.5824
279.1886,436.5898
332.5646,436.6683
358.7449,474.744
243.1089,445.7146
343.1744,486.58
287.5908,508.8433
363.2338,488.5098
264.2815,473.7052
279.5835,473.5998
284.1603,438.5228
355.8331,414.0461
272.8973,479.5836
297.0299,498.941
273.5436,501.7157
309.1537,415.2963
338.5885,408.0282
367.129,516.7472
331.8343,431.715
355.6713,424.7799
270.5722,421.3167
357.4533,466.2323
369.3157,489.3075
356.5016,448.846
310.4706,402.1158
358.3965,433.7699
356.7346,472.943
305.79,416.7556
241.0946,494.5144
336.2804,435.6795
351.949,387.7557
284.8996,488.7576
326.1466,515.3966
279.0499,438.1895
228.9404,453.587
324.9694,488.8618
319.3648,425.3556
267.0032,520.7092
234.1192,516.4395
337.7536,480.041
287.3173,483.6484
341.8486,458.75
349.7645,495.1132
330.944,422.0503
315.7291,502.3427
271.8167,460.1694
326.6018,426.3019
329.217,480.8629
317.2473,518.711
266.185,499.0618
365.4514,466.7795
341.6764,488.2981
281.0229,491.1086
319.8078,418.9152
306.8215,462.2007
307.0737,449.6944
317.0051,456.5208
311.0671,440.7349
309.0327,461.328
315.5737,456.0605
306.0829,472.8726
307.1259,452.9023
318.4037,475.4223
322.6995,459.5215
304.9163,453.0118
317.7149,453.1091
295.2939,463.331
312.6427,469.1819
315.2748,442.925
312.8736,456.871
296.2794,440.9199
291.7535,443.7954
320.2331,456.8031
296.9937,464.1216
317.5871,468.7213
304.7369,448.1776
313.6813,447.2317
317.5305,458.2963
324.0987,448.1051
298.0204,474.288
306.7256,462.5096
306.4917,457.7733
302.1198,466.4816
320.7569,460.2413
290.8348,456.9412
313.9333,456.2201
309.2274,466.6131
324.7217,454.1
308.9457,441.1259
321.4253,440.8089
296.2752,470.6758
316.4384,450.3975
323.583,445.8842
309.9766,453.5767
301.837,454.0665
321.6383,463.3764
315.3811,460.1739
306.168,447.7104
318.2866,461.5371
320.1941,465.5837
302.4295,441.1327
313.9914,469.3806
320.6801,466.8264
297.4976,448.3327
297.2744,469.1079
325.5344,458.1263
316.1078,475.3159
315.225,469.1004
314.0364,465.037
311.2177,441.9973
320.4463,452.5039
301.7754,475.3408
313.1173,466.4927
290.9275,474.9689
294.3193,465.9448
321.1636,445.5695
308.1613,452.6167
312.5948,469.5291
299.3028,460.5545
293.8997,469.7407
305.9098,472.1857
311.7247,452.4382
316.4004,464.2519
306.9306,445.6125
323.1178,466.5499
322.8299,443.4504
309.5559,456.6089
295.7233,467.0993
290.8715,471.0805
319.4147,470.9729
315.8007,444.7407
326.0519,455.0093
310.7797,450.6057
305.815,458.8393
291.3627,467.1029
295.0935,465.1821
309.5746,457.3618
307.0919,453.2469
309.9794,470.1308
315.1326,464.6904
310.8249,457.8676
290.3449,465.1745
292.4732,462.3084
320.128,469.1776
292.1343,443.0443
300.5773,459.6736
311.7587,464.8974
312.8967,467.8657
302.06,448.771
292.1465,462.517
296.337,446.8504
292.7387,472.6434
304.7555,464.9318
293.8066,467.254
318.0473,459.2594
320.8596,448.9489
313.2362,443.1646
298.1138,445.4278
292.4344,447.6101
298.4003,441.7469
304.4681,460.4457
292.2322,446.3413
318.2484,446.205
319.779,469.8146
305.103,465.8649
295.8837,469.4531
318.7047,448.8583
323.9621,448.351
318.8455,466.4285
303.7496,458.1672
320.06,447.6272
306.963,451.8806
300.4031,454.1748
302.9018,467.6883
294.0916,446.6239
316.8866,441.4356
309.3882,449.8437
293.404,463.4982
300.1768,469.4876
298.7992,450.1902
292.031,442.478
297.7516,454.4073
295.7936,446.9208
323.2216,441.6923
311.6369,451.7831
292.5947,452.2405
301.4289,461.9451
302.4142,441.6991
313.249,469.9496
326.0182,447.3373
312.3355,467.0498
297.0196,456.4919
307.3166,460.2545
299.7203,446.8685
325.8451,450.8247
315.5602,466.0086
298.6598,468.0902
305.9297,451.3869
324.8176,450.78
289.6907,471.7093
302.4256,460.8833
303.4784,456.2831
302.4906,449.1191
311.6494,454.8034
323.3842,455.6696
315.7573,469.5556
319.4564,471.59
321.1379,451.7718
310.5687,455.2839
294.6517,467.4755
324.0815,473.1091
311.3638,449.357
293.6521,468.9633
319.2071,460.3523
293.2579,471.6438
294.1802,448.5757
307.3025,463.2399
315.1661,462.6637
293.6005,467.4112
306.3318,446.5838
312.4632,460.7744
312.8404,440.7786
292.8789,469.127
292.2041,462.1409
307.7496,454.5319
292.0308,461.5201
312.6986,451.7652
305.4213,466.9644
316.9569,444.7097
321.9565,473.529
315.8277,468.5416
299.7788,440.6999
307.7302,448.9203
290.4614,459.0076
296.7492,443.0224
301.9215,448.3538
297.2881,462.15
300.6548,458.8571
310.3675,450.2014
294.4347,442.0728
304.2208,463.0958
310.6465,459.8504
304.0578,460.5874
308.8622,440.161
293.4626,455.7258
313.9613,453.2041
316.0655,445.5346
320.8078,453.4441
316.7566,443.0629
322.4171,466.8359
317.6632,449.4775
309.5217,463.8863
323.3594,439.8933
291.2852,458.5777
301.7918,444.2342
306.5765,445.7042
297.9191,450.7506
320.9147,449.9055
311.276,463.3158
314.6973,442.0056
325.2311,472.611
293.3052,472.2134
296.2713,443.2153
318.6878,442.7714
298.7931,460.1023
324.4988,443.2776
311.9734,440.1589
299.5239,464.8875
319.5302,458.2888
319.958,444.4739
292.1909,462.135
317.1462,453.9634
290.663,464.4441
321.2717,444.9507
312.6392,459.8557
324.1952,458.3501
306.7857,454.989
301.5861,464.9041
301.4003,453.9131
315.9155,469.9864
319.0507,461.3345
295.4204,460.6008
293.4952,472.7613
322.1061,444.6081
295.081,461.7167
303.4331,461.4523
295.4246,474.7451
302.0777,475.0594
325.444,467.1157
295.4197,464.0765
298.4786,446.7083
302.6456,460.9937
307.1544,465.2339
310.2902,453.1607
314.6412,469.7831
314.2064,441.347
305.9696,468.4922
304.273,443.9743
315.3791,451.6815
312.1933,457.2335
293.2415,450.7215
296.5085,446.7008
311.6412,460.2874
313.8728,457.7044
319.8803,455.4644
290.9472,453.5693
314.0605,470.9157
313.5259,462.0458
309.5595,441.3794
308.9739,448.9915
319.6486,461.3705
322.1725,444.7122
299.6619,455.4261
323.9258,452.9654
308.1223,451.9882
308.4472,440.7596
300.1243,467.2108
314.6499,475.5491
323.6421,445.9492
298.6341,467.1179
312.9758,446.6466
300.6803,452.9794
303.2846,440.659
309.1914,459.6188
312.878,452.2867
292.0474,460.8335
312.3242,455.8037
321.8277,448.0816
322.1091,445.9078
323.4084,451.44
307.1969,470.8111
320.6863,461.2299
307.3121,472.6724
292.1664,475.2618
316.9564,458.1261
300.6472,457.1171
309.2452,457.8092
300.1058,463.0689
318.5101,450.9664
320.9741,462.6224
324.5828,447.1756
308.6437,460.028
291.2873,461.8292
321.9318,468.4987
299.2867,465.6333
316.8918,466.9512
292.2548,446.4641
301.1408,466.4599
294.5421,445.6087
311.4865,467.3652
307.7917,440.5693
316.2585,448.3402
311.6532,443.8377
306.9361,448.9114
314.1805,455.464
324.2048,443.2906
302.5306,475.8029
304.4744,445.3219
310.178,448.8865
311.9947,471.6303
303.279,474.0373
311.0375,451.0431
309.1586,450.1625
300.7361,462.771
306.7195,473.6865
320.9057,448.314
307.8086,463.7977
316.89,474.1354
310.9002,455.8024
298.2274,465.8121
310.1633,448.3065
305.3795,458.1991
305.3009,452.598
291.9086,460.7087
323.4654,466.1757
305.164,455.2
291.659,442.6345
307.2153,468.1238
319.9105,473.9735
306.2779,463.8623
300.9981,472.3035
291.6623,468.3226
323.0388,453.2816
325.5739,448.6158
291.9463,461.5907
291.027,453.6841
299.2292,450.195
298.9393,452.5314
324.4098,464.7276
298.3693,457.7517
321.2311,469.4751
311.4476,454.2857
297.745,461.1294
296.4709,450.1845
295.4374,467.9302
292.724,451.3537
312.6901,452.1668
311.1687,446.6264
294.4895,455.719
293.8653,471.5476
306.0127,474.8659
326.1786,451.299
324.6232,472.3966
300.4438,470.8387
312.2897,475.0227
317.3913,460.041
303.5759,466.218
324.6547,453.3348
299.3552,454.4567
302.2733,445.66
310.4667,464.6773
312.1585,464.3348
315.541,474.7187
301.456,472.0618
291.9217,473.6774
312.4552,464.4787
295.6359,460.7363
324.7313,448.8169
290.9572,456.159
584.2452,349.2505
651.335,238.6093
637.5944,219.5423
562.3182,205.7535
544.0545,285.6486
646.8939,256.814
586.6389,189.6433
539.9869,274.0453
589.0782,342.4329
636.3858,325.9438
610.7775,190.6653
601.4953,350.0816
616.9828,340.2637
602.0354,341.6058
631.0008,319.2835
633.9731,214.8057
604.3838,338.7156
549.2453,310.5547
620.3862,197.5774
643.5398,210.798
585.8092,194.6806
616.6667,347.2722
593.8525,192.2321
550.3682,304.8381
552.6405,240.3551
617.5549,194.3321
627.1086,340.9553
621.2902,192.4615
657.279,247.3117
643.3433,228.8955
596.952,346.3998
639.0664,318.8039
582.6974,199.8286
581.6204,183.2938
552.9892,295.6608
541.6318,264.1496
590.144,340.1513
639.4058,219.3818
594.5678,190.8096
647.5453,237.6455
544.1899,275.1151
638.1253,322.3985
556.1625,316.4313
648.8514,308.975
549.7791,219.7127
567.0337,322.6967
588.787,344.6617
555.5276,217.3516
627.1525,324.9755
657.0855,251.3857
566.6235,330.3833
604.5462,179.3818
559.719,320.7597
547.0874,289.5933
605.0505,190.0004
556.1359,232.4654
651.3724,276.554
574.6697,195.081
557.6535,317.8269
577.7481,194.3383
590.0797,334.8189
545.3121,235.6068
615.3659,198.7206
609.3952,346.6673
644.1505,241.4791
548.6863,297.118
651.0893,293.3009
550.6774,227.7674
627.1446,194.068
552.8108,213.8426
649.7482,284.9955
544.8208,232.2877
595.4905,191.0886
548.0774,256.161
601.6552,347.0214
633.6139,210.3635
614.0523,331.1924
599.9455,343.2151
554.2315,221.5539
543.8339,247.947
555.078,226.3426
556.9722,223.2433
562.8107,217.0741
613.389,332.0874
579.2477,346.5835
626.3811,202.5856
551.7443,286.3357
551.5631,224.8917
587.6108,190.4574
540.5139,246.81
609.0312,193.3145
543.5221,248.0711
560.0823,221.4006
550.5333,286.0008
655.5709,284.5516
541.7966,241.4888
638.0534,219.4468
607.6385,335.1621
624.2206,189.9189
578.8865,186.8956
624.8847,324.1757
545.5617,260.4038
654.4623,243.7422
626.2714,337.6361
600.8028,180.8822
598.9821,347.8689
541.5337,279.2859
649.8237,253.5283
618.2769,340.5485
621.8805,333.3538
550.4434,262.2649
647.4541,271.1248
651.6332,296.9077
647.6704,257.0289
637.1784,310.2662
646.0989,231.6036
544.1539,259.7302
545.4404,262.4746
561.6489,326.8217
542.0592,280.6842
613.9936,182.2788
612.8995,339.3955
626.9024,206.5982
600.9361,346.1588
611.9541,195.491
646.2895,274.3665
578.0744,194.3756
616.3635,342.8149
548.911,222.3186
645.4583,308.486
646.8253,279.649
564.3526,196.4979
550.449,295.324
554.4464,229.653
651.3417,302.7256
648.5507,311.6674
648.8373,272.5044
655.7256,287.4045
620.1033,194.0373
643.9583,291.2266
558.9986,221.0118
640.544,203.8624
549.1357,251.882
634.8617,213.5132
629.3869,325.237
562.1549,313.7459
586.6402,181.1351
584.5728,194.7236
620.514,328.2133
540.9296,286.4292
569.2198,327.5945
539.4729,270.3139
552.0902,304.1169
654.032,275.9065
561.3141,324.7273
548.1878,264.482
594.3439,348.655
649.2515,234.6284
575.4199,204.1037
549.3752,296.3818
620.9828,328.7325
603.5438,180.4078
553.9995,235.2412
568.0131,331.5597
596.6445,178.8039
629.2178,338.3981
553.7373,230.054
554.0849,236.7507
650.4589,306.8186
559.7133,317.7539
641.7889,317.1836
582.3927,183.8807
638.0134,215.1204
639.7934,306.0366
637.56,201.0941
577.0675,334.4511
630.554,207.5798
566.8994,193.7799
578.6735,194.8813
641.0902,213.314
567.8388,326.2442
612.8879,338.2109
555.1867,217.2509
654.4462,273.4025
560.6623,199.0141
640.0984,227.4385
608.2782,333.938
650.6137,240.8026
575.7736,202.2279
551.5545,301.6574
635.7295,311.3942
567.5725,337.5513
607.1772,335.2737
629.8275,197.1737
549.6115,235.5092
624.3178,201.8199
538.8455,265.8372
642.7795,292.0773
654.6875,248.2372
649.8439,264.732
560.9303,198.8552
647.5194,258.4551
548.8945,227.4234
601.04,350.1634
644.8117,317.9875
595.0373,184.6154
546.066,284.2452
541.3988,281.8871
628.5893,338.5641
554.333,307.6054
643.9464,308.9534
607.8319,194.1179
628.2203,327.8152
650.2477,220.8364
551.3999,301.6333
645.2248,290.9227
547.9775,282.1958
603.4203,337.814
600.5118,349.2888
626.257,341.9015
547.9969,302.6881
600.3779,190.1054
614.8248,341.2431
657.251,280.2136
650.1983,289.8038
649.1601,243.3988
639.1531,311.3202
582.5553,348.1009
562.3537,213.1825
551.4325,305.5016
631.4607,317.9629
562.2141,208.5073
635.6714,328.5413
592.0674,183.9594
593.3864,336.3747
555.1801,216.1979
597.2768,348.9909
594.8379,337.4351
600.4542,192.4785
626.7011,331.6924
582.791,193.9311
562.5435,314.3142
568.838,331.4453
647.3375,302.1513
546.1707,224.8017
636.8577,220.2415
571.4547,204.7267
560.3221,213.0156
612.1713,182.215
651.4829,227.8641
645.2227,298.6609
609.3729,188.5337
550.2547,299.4107
641.5516,297.9793
643.5333,320.4298
560.251,203.6971
629.3413,325.7947
642.0648,209.2216
565.1684,201.6754
561.0997,220.7585
569.569,203.8352
652.3707,283.0328
644.1346,226.304
648.9974,222.988
550.3947,289.1931
627.7936,325.7518
647.3522,243.2445
587.7815,346.4858
620.4287,186.936
563.4063,211.8339
570.9507,324.7282
599.07,348.5241
576.3778,195.6847
652.4909,273.4091
600.0082,179.8395
640.1482,310.7049
548.385,284.9968
632.1034,208.9916
628.387,335.93
611.0374,348.9996
654.1495,282.9446
540.4093,258.2282
547.0123,308.2152
639.8174,323.02
629.7648,318.532
551.046,310.0868
602.1933,340.7161
557.745,318.5927
605.9066,179.3383
555.2129,296.7389
632.1001,210.4749
653.4297,236.832
569.5492,198.1389
545.766,296.1745
646.9559,313.8448
548.6649,239.0534
581.3254,344.1493
620.7662,187.6978
546.306,248.515
640.6285,227.4184
594.3412,179.9312
564.7657,333.4492
561.622,327.345
551.185,301.0971
627.2496,330.513
610.8583,183.7711
548.3495,291.2369
635.8851,211.4739
649.3806,303.5665
630.9087,203.5245
598.432,348.3049
578.5007,201.3427
581.3116,189.2745
568.752,338.3249
552.1791,305.8237
558.7952,325.6379
601.2801,192.4002
570.921,339.7375
620.5998,189.8229
544.0892,273.9229
619.0989,191.6391
649.9759,260.6674
653.2533,297.8429
544.5192,236.8283
620.6215,328.7785
610.7255,341.7135
619.3399,194.0383
622.5768,201.6767
539.9232,272.8047
633.005,208.0696
651.8134,278.2694
564.7546,326.9076
645.63,250.9641
549.2677,291.5472
611.2161,340.9493
650.5328,229.0455
647.1422,232.3886
645.7709,284.7185
555.3894,308.4026
569.128,195.1461
622.058,190.0109
595.8747,195.033
569.6424,329.4678
651.2939,223.2109
647.3535,268.8382
543.38,232.6251
623.3724,335.2611
638.5938,206.2773
586.1344,338.7144
567.8415,191.6371
551.5039,224.2476
604.7466,347.8158
627.2095,336.4676
548.9589,302.3532
647.599,237.946
615.479,189.5937
584.4806,341.767
654.3956,278.4121
566.2627,320.1667
638.645,312.1664
550.8673,318.5884
549.8443,316.9711
560.7621,313.3702
655.2932,275.5523
655.292,253.3589
634.3291,219.1992
617.7086,284.1084
622.0548,292.5744
609.0538,293.8617
619.3142,283.1933
603.8006,292.835
593.1508,284.7217
595.0545,246.652
619.2099,257.8285
591.8954,242.5605
619.0422,232.1467
600.2474,247.3492
575.1624,282.8363
592.2696,295.2268
611.2086,284.6067
598.8517,290.5712
630.6926,222.4156
613.3748,274.857
617.3078,292.5466
571.8803,227.6087
586.9465,238.7741
583.4245,247.5266
585.9819,280.7377
583.6572,287.8176
613.7784,241.7228
578.3554,275.9913
610.5002,279.0838
601.4429,239.2566
577.7692,283.1856
575.7744,287.5168
614.798,262.8663
576.235,259.3951
612.2099,298.3273
620.5677,284.617
565.9723,224.8528
622.0997,264.0932
617.8834,284.3561
617.1645,265.4449
618.7084,296.9149
615.9401,266.6896
594.7564,240.5139
603.2098,238.7935
632.3201,223.6281
582.9819,288.3139
576.5871,262.8174
618.9619,230.6146
578.2866,245.3178
612.4729,267.3061
621.6186,296.9123
599.838,235.0191
588.8013,287.8968
586.2715,257.4141
596.8005,242.3394
614.6083,275.7787
618.2914,291.1071
617.7837,242.4396
564.3959,219.8636
583.6652,269.7776
623.2032,305.5945
589.9007,233.8125
621.3654,237.9491
581.0641,264.0645
568.9002,311.2706
586.8666,232.3947
602.8205,294.1094
593.8394,286.2636
567.8078,226.9634
579.1075,294.5837
607.1723,293.2675
610.5161,272.9724
585.1093,238.8591
580.6458,258.9236
578.7818,281.7539
626.1241,306.8186
594.8868,294.7711
588.8074,287.6906
599.0342,233.7052
602.7442,235.0153
597.6824,295.203
575.0575,290.2661
614.2845,293.8413
615.8243,235.7275
617.9378,262.8629
599.9183,292.2862
575.6296,258.0778
583.7193,287.5509
593.9977,291.5675
576.787,239.0332
583.8315,275.8323
576.7739,277.1693
583.1153,274.7125
605.2558,295.1931
631.4241,224.2999
609.7757,235.5448
598.4595,297.9899
604.5979,290.1398
619.4541,298.1035
583.7303,275.9553
615.3449,294.734
576.2506,254.979
594.1492,283.2817
589.7576,242.7634
606.5119,298.0625
569.6562,229.8852
584.9187,260.715
602.3073,247.2046
594.5256,241.0051
587.7468,295.9798
622.0923,266.2661
623.7787,235.395
614.5094,235.8509
585.904,270.628
568.9392,226.5973
605.9164,296.1546
610.8378,256.4897
620.6634,292.2025
622.4086,304.1891
585.315,247.1076
588.8627,291.2119
619.039,248.2324
601.5622,236.2745
621.7577,235.8438
610.993,294.9134
595.506,293.1334
576.3811,242.8061
606.1416,244.0027
629.8916,312.4127
577.7596,299.0525
603.1587,239.4105
578.7391,245.1105
578.4899,287.4323
614.6847,291.0104
574.1938,301.5933
582.9091,299.5513
616.8731,297.3659
588.9235,296.2337
604.1677,284.0453
605.4505,239.6036
582.3127,252.057
621.0545,297.0521
594.1776,291.0183
603.3362,287.0989
588.4289,296.1448
610.1662,230.742
575.4736,255.7508
612.2795,279.8773
604.3846,238.6282
618.751,278.2674
633.0722,222.2036
612.6473,295.1838
610.6865,274.4143
608.2803,296.9388
611.7209,237.1301
567.4282,227.0469
578.1596,251.5102
618.2727,253.6281
598.9957,289.5801
581.3668,260.7438
585.2698,258.3089
616.4785,282.3725
591.1025,289.5388
598.5069,243.0819
576.4693,300.046
603.0059,289.5832
594.2958,237.6805
598.5796,243.5276
605.1916,243.305
584.1731,273.7645
621.3868,272.4746
578.0319,232.3793
583.6026,269.6498
575.5378,252.165
616.4164,238.8383
621.6698,270.6879
589.9075,238.5035
570.0894,229.9476
606.8589,242.7132
621.8341,253.7541
576.6409,278.7581
610.7774,268.1293
611.5508,238.9876
575.9321,286.1179
633.626,220.5675
629.5906,226.2166
622.3831,276.0735
576.8927,276.6337
627.0176,229.3681
610.2245,291.1115
575.7949,232.6291
593.7855,287.0111
581.4972,280.3681
616.8792,262.8179
571.7046,227.0367
621.6001,277.5488
582.4816,284.4516
573.3981,235.3597
596.3837,243.568
603.5387,289.4057
617.6826,288.3202
612.2724,273.909
591.2421,232.2085
616.7554,242.1438
616.807,287.5022
583.4342,239.4106
596.3171,238.0868
579.723,249.6027
618.4391,264.1112
572.0855,311.2317
577.6099,259.9529
584.1463,249.948
629.6443,228.5923
582.2415,299.8934
579.461,274.6086
621.0178,260.7537
620.819,274.1831
584.5975,261.2285
619.9982,287.0695
579.3346,258.116
589.7567,287.4113
613.2172,290.9116
616.8987,274.424
583.5262,231.8791
579.7174,246.6351
587.2642,290.517
613.4901,253.019
582.8869,295.0669
587.9045,289.8445
612.9846,296.0634
615.8152,239.0766
612.3684,242.6804
606.4664,293.4448
580.2443,279.1934
584.3051,244.8222
576.4442,249.5137
598.5706,244.1931
621.9982,241.9934
611.8244,272.7622
579.0818,258.0399
622.3602,273.8721
584.8352,261.802
619.2118,246.3434
597.3195,235.9663
592.1464,293.4994
602.2811,232.2362
620.1031,263.7561
611.7182,276.6362
619.7726,259.3305
619.49,252.8159
616.2445,240.1572
603.2333,245.0317
618.4788,255.9524
612.9292,233.7537
616.0921,292.5563
584.8562,289.7092
616.173,240.8268
598.1723,248.0269
617.3443,244.0321
620.4057,235.6987
599.4656,237.8813
606.6078,230.7573
604.0809,295.433
588.439,237.0221
580.083,256.2301
586.5453,231.0925
578.5987,270.8491
576.9096,298.6097
622.343,243.0754
591.5759,293.5509
572.2351,232.1615
611.0499,272.5416
569.8161,309.2783
622.0346,298.8883
594.3383,287.8422
585.2846,297.2334
619.4812,299.2948
600.7499,298.929
578.9774,266.513
617.6308,242.9471
607.359,238.8127
604.1931,295.5096
617.0774,270.3281
578.5081,293.0241
622.1516,275.6958
607.2559,297.5127
580.2207,282.2998
581.7144,282.4555
585.46,271.7932
576.5301,296.4587
608.1517,237.8139
411.7615,348.7519
333.493,362.5517
338.2835,346.8934
363.9626,366.8631
441.8878,422.5602
431.0387,421.8948
350.1925,390.4143
434.7636,404.9658
402.9026,427.3963
354.1908,398.8774
443.3841,368.6753
431.6282,345.6805
340.5687,390.3467
439.2391,368.963
357.442,401.4356
357.3366,361.5488
472.2903,374.2416
436.2482,367.4414
399.6045,420.0408
369.997,395.5042
393.0455,347.4789
414.628,410.3352
410.794,405.9898
393.219,332.2291
371.2038,404.8693
426.5517,399.3745
380.6414,331.0113
419.7125,410.5829
343.6335,339.9066
414.777,352.7301
341.2993,381.0234
372.9454,427.848
353.0782,374.9708
381.5853,416.2859
391.6517,458.5138
433.9584,373.6507
458.8989,428.9605
372.4131,412.1065
432.3841,437.3701
362.0329,338.8315
457.18,380.246
326.0667,399.8508
431.9799,374.2765
415.722,338.9801
319.2096,408.4633
428.0357,351.1843
379.537,320.5845
386.1217,408.7565
454.801,403.5505
430.9617,370.6026
347.562,405.0197
333.7677,403.3485
435.4652,337.0038
365.9984,392.9748
377.8154,329.084
450.6996,372.2162
442.9295,338.8953
362.5289,405.381
352.6888,356.6134
432.8524,399.8375
319.9504,267.715
449.6858,437.6142
355.4758,370.8184
421.603,428.3612
434.8082,355.8199
370.6118,392.4715
439.3309,422.1036
445.6719,402.927
435.1212,471.175
380.9037,434.68
367.3317,369.0064
364.675,343.1878
350.4061,369.9341
376.6726,445.8085
323.4035,350.3374
359.1823,372.8201
406.5589,344.9254
435.9478,357.6607
424.1196,410.3488
429.4669,362.4159
423.2275,352.9009
433.3608,311.0005
416.4372,352.068
441.0975,350.9729
383.6651,458.6811
420.2118,356.0685
381.2504,413.7432
428.3244,361.9838
361.0954,309.3762
387.6297,325.24
389.3181,311.8357
437.1509,382.1382
470.6732,401.5761
322.3288,381.753
361.1514,388.7607
418.3607,317.3414
422.4192,402.5981
439.9161,360.5064
372.2474,403.221
349.5493,431.2085
414.3603,408.46
425.4102,410.5999
441.3056,355.7208
363.459,375.46
354.4501,324.2855
374.4604,422.2945
373.9171,326.2657
446.3639,342.6994
395.2315,420.8076
420.5113,348.2467
445.9027,311.855
432.372,423.4638
411.9971,421.5082
428.9483,382.9093
386.5524,466.013
398.3974,408.3133
448.4594,342.746
379.1692,346.4754
431.4195,387.3153
394.3778,412.9179
434.4059,347.845
373.5716,402.8147
349.2592,376.0288
426.1152,366.0925
375.2203,463.8096
376.4702,424.8079
373.7558,345.0622
333.5522,367.3373
376.7801,346.4105
310.0186,355.0141
409.2729,332.214
394.8628,328.8
352.2635,384.5754
366.2363,370.7751
369.119,347.8816
418.3248,403.8168
350.1063,371.2769
439.5425,409.2441
415.2098,416.0812
458.5283,406.1145
415.4963,434.6107
434.6652,388.2466
426.4304,413.4567
432.5425,379.7867
403.531,456.8239
395.7803,447.2487
400.5243,342.8662
386.4375,406.7367
403.7355,460.6166
424.951,414.3904
402.4316,348.5396
329.5581,342.1336
410.0064,324.4223
447.5743,440.6782
417.2935,411.3213
431.2671,374.5848
388.8424,344.1239
443.6086,455.8037
397.7923,337.3849
427.9239,389.5229
447.2383,343.9308
355.0155,340.9322
432.5187,441.7809
433.9661,400.9513
378.6264,337.0055
337.8564,386.4123
390.2838,415.4091
428.2351,378.702
385.8062,325.8647
470.3246,389.1792
459.5886,333.2276
341.8309,359.7505
380.9855,350.7263
389.4705,413.0833
414.7636,350.994
378.1691,327.5326
359.6337,391.1498
354.2764,409.3099
317.5075,388.4145
386.254,327.885
449.534,435.3638
362.6934,356.0353
359.6037,358.5553
371.0663,392.9509
411.0209,422.4891
358.4929,331.3421
352.2415,348.0073
438.7053,407.3905
440.3172,371.8247
446.7651,369.3973
398.3636,336.1074
359.1343,356.9607
403.4505,332.5431
429.4532,343.8358
441.3103,408.1124
433.6555,384.3515
362.8724,354.8418
381.572,418.7126
417.8194,405.6643
349.8749,319.5979
376.0228,346.8577
442.4936,366.7247
399.0401,345.9657
362.441,345.5657
377.4659,405.7364
427.0137,357.8534
406.0952,444.6873
346.0804,343.0008
366.8036,371.2324
435.4119,408.3887
410.7531,415.5232
401.2988,455.9641
365.4048,386.236
368.1921,348.615
345.995,376.575
422.4664,399.8294
380.2321,409.3756
430.2129,378.3441
352.6112,391.5338
371.9447,411.3465
377.7924,352.7796
425.0068,398.5737
393.6637,325.9686
385.6744,344.2684
466.1147,392.2831
390.6214,414.1774
432.2028,343.2227
404.5689,307.6539
436.8949,327.1973
442.4835,400.1978
419.2575,433.141
393.267,336.8029
429.2214,367.7889
432.116,409.3629
342.4678,390.167
371.2616,321.481
393.0284,427.7206
403.5411,328.8754
444.239,331.2853
442.8711,387.8523
361.5667,346.3428
404.3562,341.1907
410.2796,348.3128
376.1507,330.4621
353.0746,438.562
364.0046,374.906
358.1728,393.9505
429.1897,344.1783
349.5847,412.4628
343.2223,353.8265
345.7779,397.0849
418.086,342.6019
422.7561,428.0234
357.148,358.3589
409.6153,349.3409
382.2007,341.8632
433.3485,343.2928
457.2113,377.3571
423.5513,412.6741
373.4615,316.0804
441.3188,323.2962
439.8854,356.378
400.5996,489.3268
334.0284,381.9803
376.4285,340.8048
430.1661,439.3222
427.0385,328.9744
351.6632,384.3541
334.6612,344.8754
384.4891,427.6205
375.015,350.7622
384.0265,331.0978
401.1918,340.4731
361.7727,418.053
382.5898,415.067
396.8587,417.0822
376.1769,456.8549
419.5089,324.0415
373.3487,469.5567
416.1344,454.5115
445.1317,386.1878
463.1043,402.1556
432.8815,392.608
403.9651,332.0088
407.6538,423.4067
428.7505,345.5002
428.2743,341.1712
433.7459,349.3762
421.3577,430.3746
338.4417,317.1105
367.979,393.6541
354.3305,376.1545
412.7943,320.9081
427.4572,388.8424
368.4973,386.6018
421.0117,331.1337
439.7857,423.9402
437.8435,405.9394
323.7436,305.702
435.7806,381.4791
439.9527,423.8023
341.6091,386.1684
376.9628,334.7791
401.3505,417.3227
446.2088,388.9241
355.0237,437.497
361.8914,320.768
408.727,418.4147
431.2397,365.3812
443.1105,402.7928
427.5776,414.6936
361.7064,371.7631
398.8599,426.5905
365.1909,335.6325
426.5524,363.2679
373.3531,337.077
408.5438,407.5262
376.0365,421.9626
397.4994,340.8754
390.7405,344.938
391.5631,318.1288
404.0499,326.2616
435.0136,386.1389
386.7467,433.5303
350.6451,344.1645
351.7646,329.6626
431.7704,328.2262
440.0292,327.8316
354.0094,343.4644
385.3887,331.7513
416.6783,346.7872
366.4942,472.2134
359.3118,345.875
378.5168,334.7615
381.4052,420.7277
376.6062,336.0811
338.7533,377.1565
413.2657,329.5782
393.7481,305.6808
435.4384,318.7458
335.1005,412.3176
317.6674,368.3459
410.1685,411.0895
420.0052,332.9589
345.4063,348.4693
432.2871,375.2467
377.796,342.1882
430.0516,358.7201
373.6478,261.2144
408.9929,412.3062
446.9531,377.8556
415.4188,341.8764
464.9513,347.9502
418.1221,460.7045
362.1134,362.0505
439.1169,340.0681
390.1348,336.0716
458.6537,380.4314
388.854,426.8357
395.1123,330.7395
362.5175,354.3215
356.9247,346.2296
357.5433,376.6092
404.9116,337.4257
378.9129,336.8557
384.2142,383.8406
390.7092,363.6168
388.3093,386.0388
384.0692,369.3519
404.0429,368.8189
409.725,365.8988
381.1731,391.4298
411.6243,387.2112
383.5458,378.1231
384.9391,385.1857
410.4826,369.7193
389.158,398.6282
409.7091,384.0379
386.9883,390.338
387.0642,374.1356
411.3376,361.1852
410.4875,398.1189
382.6723,368.8549
401.8097,356.7403
400.7831,369.1958
403.9499,364.9889
379.2201,388.1899
380.8595,383.3387
382.8965,360.2001
405.4638,370.2082
392.1209,398.7399
404.7245,371.9034
414.2529,370.9524
414.1625,369.3871
391.66,398.4115
387.5427,366.1542
385.3417,379.1488
395.1681,388.3451
401.6055,390.1632
416.8379,373.7341
382.9051,373.1821
391.1349,359.1333
406.7813,383.707
378.5868,388.1996
382.0791,366.0373
405.3845,397.2051
408.1936,384.8692
385.0305,389.0203
387.1586,397.4163
415.2639,380.6835
414.5403,378.0163
416.3037,389.4847
401.8313,400.9173
418.7546,382.8189
390.4567,368.7939
384.4103,360.4129
381.9031,360.5812
411.246,376.6809
393.2252,358.9441
395.6008,394.3577
400.7985,359.0803
408.8717,383.2665
411.3146,371.5903
387.4048,389.8921
385.9533,374.267
408.9421,377.5282
388.569,370.9594
386.2865,378.6369
386.6447,387.0812
413.868,369.7217
407.9459,389.3939
416.6075,390.8755
390.1002,396.9494
378.4266,382.3231
389.8552,389.8033
379.113,362.2846
411.2313,390.1751
392.3212,400.0052
400.3908,394.5512
394.7151,359.7656
384.709,359.477
384.4087,366.5446
389.9261,370.819
384.1955,372.8202
407.8364,388.1162
381.9712,383.1766
401.7489,388.1521
406.2508,396.4541
401.1653,394.4963
393.1572,391.2712
399.1369,362.9337
417.8079,385.5668
410.9311,380.0256
410.4645,377.7292
411.264,385.7959
407.9715,389.8014
417.135,369.4875
395.1115,355.4824
390.4295,388.141
391.489,361.2209
407.6419,390.3195
401.6037,364.9373
398.8804,394.2052
396.0106,397.5705
412.2658,379.5504
382.2781,361.9147
415.0918,363.2724
408.0829,399.5515
405.9521,362.9198
395.3935,362.1729
384.3763,374.6251
406.7677,392.5461
410.7605,388.3661
418.2637,376.8407
392.1968,385.9844
387.0377,368.5699
375.9678,372.2129
405.7568,385.5928
409.0768,359.8145
384.0689,361.6701
409.697,376.0655
383.1074,375.2175
390.7042,388.4284
381.3958,383.3631
405.821,365.8246
411.0719,393.97
377.1787,375.1677
404.9264,397.2713
381.2487,378.1242
406.4942,375.135
389.4984,367.0506
416.2587,393.0508
374.4712,375.3045
388.4956,393.5032
376.9093,376.2019
398.6168,400.7936
375.3536,382.0884
414.5515,392.1003
386.4026,391.0791
398.057,395.9295
398.3609,396.286
385.7257,381.4286
387.5717,389.9008
374.9585,382.1043
413.005,378.5987
419.8993,377.0301
392.9809,399.2477
411.8799,363.9859
392.3881,362.5739
407.3495,357.3062
405.9017,392.5941
408.3591,360.275
405.6504,355.8404
382.3073,375.872
388.943,371.4905
397.7406,364.8796
393.3295,390.9999
413.524,386.4027
410.8638,383.2657
415.9292,383.0002
409.7472,365.644
409.7663,362.6434
409.8555,373.6879
397.1452,356.8652
386.9263,392.3442
419.3855,380.9158
384.5155,357.7752
386.2579,358.5918
390.4189,396.7825
401.0403,387.6316
400.7256,397.4971
414.2091,395.1374
388.9495,398.7936
406.1392,398.1743
389.5307,365.3205
392.1347,368.4978
394.0227,368.7593
384.3522,394.4845
402.9809,369.401
387.1779,389.8028
410.7129,362.9688
405.0384,370.4327
395.2921,392.4883
405.5684,364.9181
381.4864,373.7629
386.3412,366.0608
408.976,367.0891
415.2645,368.3623
420.3634,379.0396
416.2147,375.8248
403.9817,366.0982
387.4884,377.4571
394.1109,364.4042
383.6055,390.6231
398.2499,368.9037
376.5171,373.7429
391.8949,361.468
385.4283,380.0102
386.5745,371.1948
402.6233,399.209
410.2238,373.9961
412.9068,381.8979
386.5176,356.5721
406.6867,385.0639
396.389,356.4363
395.9655,395.2611
396.0494,389.5043
389.3504,384.3742
381.7014,383.5878
394.6452,388.0166
394.5693,391.3312
392.4141,361.7459
396.2236,387.5109
386.5567,382.5891
378.8558,378.7828
382.821,376.1161
408.6727,370.7088
408.6253,369.239
408.8811,362.5957
412.6852,372.92
394.5626,366.5538
383.1117,385.9047
400.0251,399.1079
409.4898,372.1283
410.6122,383.1752
383.4385,372.9651
384.0787,357.7814
411.1317,361.0471
413.8948,374.708
381.5297,394.1811
417.6757,372.7399
385.7064,377.6228
416.1367,379.561
413.0825,361.7054
391.6786,357.1037
390.7667,387.1513
391.1733,370.3494
418.3195,377.5311
374.5678,378.8683
415.5733,383.4169
385.3931,375.5128
414.4387,393.7456
397.9796,396.0213
382.6284,393.0952
409.7411,382.1559
418.0191,380.5523
419.6342,381.9617
378.3952,370.8529
383.781,364.7916
391.71,392.7931
416.7144,385.1512
398.8959,359.9151
408.4132,395.8097
388.9973,376.7221
379.1222,374.6284
388.3106,387.4457
407.7396,393.928
387.5079,382.5484
387.037,376.7811
403.9224,388.1092
411.8804,385.7687
409.9943,381.3399
381.5813,360.8124
405.2293,398.3187
414.799,381.6173
397.8528,398.137
383.9939,393.7154
410.1735,369.6716
379.6638,374.7057
409.4602,391.2883
390.1332,387.6928
382.8639,392.97
397.4571,388.8648
378.0533,364.6632
400.2883,397.992
411.5563,379.2947
416.0039,371.2381
392.934,368.2613
380.2971,368.8092
384.012,374.2847
380.3807,364.8981
400.7905,359.3068
403.1467,356.258
381.9161,368.5519
416.4269,370.8954
408.4475,386.0415
407.1871,392.7747
387.0107,370.5301
419.4067,387.1855
384.0523,371.2468
382.4435,371.6463
408.6587,374.3917
401.3235,368.3236
390.53,399.621
390.8795,397.2385
387.0501,376.5635
390.2621,389.6631
383.4468,376.0987
385.6851,369.9897
410.1494,362.6464
398.5688,391.5162
394.1328,387.7668
386.1507,363.2144
396.8243,361.1588
388.3788,371.5825
387.1458,376.2542
412.6594,364.8079
390.3355,356.2634
390.3244,361.5011
381.1311,367.5364
377.8496,367.6141
380.6986,390.4903
391.7577,368.3128
405.5746,396.2238
389.8176,367.8878
399.8461,393.0619
420.896,385.7386
390.141,396.4549
416.1619,384.9647
387.2782,355.9268
391.2777,387.1085
406.3989,357.7345
401.368,397.6279
408.1222,381.7696
394.6183,360.8091
410.7388,369.2159
387.8242,377.2484
402.8589,396.7684
382.5165,393.4299
410.2533,377.9405
394.9651,363.2586
386.993,364.5011
389.5346,365.0752
414.2447,368.1788
414.8461,381.6018
381.9552,386.5663
411.1824,374.5509
384.793,359.2357
413.8408,384.1972
401.2087,398.9988
412.3118,372.0298
404.7051,360.2558
389.9065,363.2914
411.8968,362.7371
393.5895,394.6202
380.0106,380.2763
394.4249,390.7436
402.7835,389.1985
421.0086,380.1864
400.5721,397.67
410.3633,396.5258
407.8317,377.6673
401.4554,355.8047
382.0369,369.5251
387.3664,364.1117
394.5674,391.8289
385.5869,372.2495
407.1523,368.8772
382.0446,375.8196
419.9517,371.6717
392.2285,385.6468
400.6473,400.6358
403.6627,369.9181
406.0689,370.9796
379.9984,390.3891
416.1337,364.8535
392.5534,369.382
407.4924,374.3127
397.3053,390.5483
381.6822,373.3278
235.0555,340.2415
191.9731,362.5392
295.8907,368.2172
260.4045,429.4257
240.6921,333.9236
264.6752,413.1131
254.1202,412.5602
160.3472,408.7742
192.9958,383.8318
183.0601,424.8223
250.3174,467.835
208.9157,383.5766
208.8069,360.0199
260.3833,411.6493
180.2436,412.3668
232.6832,380.6342
275.2586,387.5929
252.3897,388.4734
189.7189,350.4223
149.754,390.7581
177.8045,407.0656
238.0062,437.1585
248.0446,437.0967
242.7583,377.1608
181.9574,431.9315
126.2467,411.8483
264.5351,382.7445
234.7325,470.8645
205.0193,452.0165
237.0499,368.6693
209.9977,365.4269
251.0607,437.0919
196.3453,439.5845
219.8004,382.6189
171.6499,425.3767
205.7211,459.8958
252.173,410.6511
208.3273,454.4965
253.3548,357.2836
180.4415,431.6314
174.1233,356.4446
243.2573,431.8185
159.2582,444.0513
223.3598,482.4642
206.8722,377.5766
205.9198,367.9532
191.9478,396.1966
193.059,372.2007
251.3029,423.5669
269.611,361.6006
211.9607,385.2877
201.7534,446.6887
216.9202,479.5951
192.4737,452.2877
229.4659,451.9798
291.2589,411.6308
223.8851,453.7029
144.7826,429.7123
189.3689,380.2821
191.5739,401.7538
219.4464,378.7738
185.1378,423.318
210.2719,444.7218
199.9298,373.6344
148.5774,428.8856
163.2057,433.1474
251.9181,410.6276
261.638,430.1772
250.1298,390.7716
241.6956,375.2741
283.2695,348.768
174.1206,428.0533
234.3542,358.1756
177.7498,425.9677
169.2665,408.5973
192.9447,449.9045
229.7497,457.6274
204.6086,330.6603
156.5603,420.7499
234.0513,442.0631
211.0037,472.8681
259.057,422.6569
238.527,442.3813
248.7395,387.8056
221.0054,364.8941
263.1561,354.5739
276.4184,440.1472
237.7421,329.5395
275.9501,411.8682
179.2085,398.1471
178.3588,393.0852
262.1516,380.9929
276.9016,427.7378
257.1006,430.6605
187.0998,464.0443
188.0107,405.5266
249.9967,416.1161
161.2907,364.5509
233.5274,385.6969
186.7537,399.6721
267.0456,405.4228
218.3663,372.8931
219.5737,332.2324
171.0141,382.5732
252.7924,442.6569
248.4217,368.9969
215.8906,376.6172
203.5668,330.0617
189.9734,396.352
191.9119,460.3777
261.4537,373.139
256.2632,411.3796
215.9233,360.8676
263.9851,397.9846
249.4575,400.2613
187.2018,482.5421
186.5712,374.5064
173.6768,446.5052
210.9183,384.1169
263.6032,432.2701
262.8666,408.8743
112.4338,393.7167
238.0514,364.242
266.0789,369.2188
210.3554,461.1083
224.8969,370.7848
188.5508,395.458
219.2408,445.9486
243.9845,434.5406
263.5475,419.2488
223.7187,379.399
207.7828,459.015
233.8172,465.7732
121.2124,392.788
235.2775,385.2635
147.8555,409.4298
272.9288,384.3971
196.0452,442.418
190.3822,383.286
189.5127,436.9087
249.0345,435.404
193.7722,342.6316
260.2877,451.286
253.9854,381.3889
248.9391,381.4933
211.4318,323.7216
206.907,444.8703
216.3678,444.1763
281.4891,456.2663
221.9163,466.2443
208.4337,445.023
251.0036,424.151
239.9167,363.7803
174.1118,482.6949
253.0044,487.3234
255.1623,417.4249
175.4569,450.4466
162.7021,424.0797
239.9803,373.5241
239.8249,345.65
273.9662,396.5533
274.2538,376.402
197.4052,438.5214
251.1404,385.9477
179.5131,369.0633
180.3572,396.8892
228.3578,364.0358
249.095,442.0147
161.0544,441.208
226.4496,369.6284
251.3014,443.3217
252.7657,408.6003
191.6184,393.7043
193.2752,397.033
201.5939,355.6496
261.8828,419.2124
217.481,380.512
265.5636,418.819
207.5673,367.8135
203.9764,453.3271
186.4563,414.2517
279.3911,451.0871
243.4186,383.7073
253.4377,420.6517
209.6305,475.6366
183.0163,430.0083
252.4873,396.8716
206.9389,382.6281
183.6858,368.577
207.1617,480.1537
241.2198,369.4053
225.4779,489.5043
227.5574,463.0775
210.1451,446.4448
249.4948,439.4812
147.0877,414.0462
192.6442,392.3668
224.3978,482.9755
249.6056,423.4535
151.1324,389.684
253.5745,466.4937
201.1548,453.9679
240.5435,387.0841
195.7038,384.8076
284.8948,392.0829
251.8335,391.3609
191.6698,459.0623
139.8602,405.332
245.2589,447.5152
285.0781,420.0782
177.122,446.0719
157.8984,478.4526
158.9214,379.649
202.9126,380.0268
188.391,437.0117
181.0649,402.8827
255.1915,383.3027
164.8417,414.6004
218.635,466.0139
248.754,425.1067
249.0403,442.6507
249.9281,422.5366
253.4863,436.3175
172.0887,408.4539
287.1066,438.6185
255.3619,412.2385
272.066,413.1083
255.6714,389.652
133.9662,399.2165
217.7679,457.7499
244.2006,440.7924
268.5671,357.7532
222.3185,377.4969
196.462,455.5862
187.9445,439.74
259.6634,448.3993
202.7935,481.2372
198.9172,389.6749
187.1905,401.2512
151.5555,421.7076
186.4392,422.1242
227.7866,443.613
193.1542,374.1073
170.8638,431.8983
178.5702,434.9308
250.9065,379.4934
242.2856,371.0011
197.2984,451.5721
215.164,444.0703
265.5577,415.847
167.9345,392.0084
271.8354,395.8764
172.4863,408.3557
208.9713,451.5169
165.3464,444.4001
235.4163,456.0811
199.2812,379.4485
218.2005,444.1044
218.2552,457.682
280.091,436.1221
171.4973,403.2417
116.2558,440.7248
178.1709,406.12
142.3552,467.1785
256.1315,337.6596
255.8784,409.2834
243.8513,431.6892
233.3935,366.1485
166.7858,422.846
174.9077,370.5745
277.5267,391.8715
191.6607,450.0351
234.8523,346.5744
218.371,451.4295
290.5086,411.331
207.278,382.0408
187.5016,419.5196
205.1314,443.5014
208.7722,442.7173
207.7153,459.3472
172.1156,424.4018
196.2351,496.1064
273.5385,452.0375
252.3482,434.9713
256.0419,435.8762
254.4107,421.3202
178.5163,409.7057
192.0084,443.9042
269.2209,412.2941
216.7456,446.1824
162.6113,413.8438
164.5145,329.2867
230.3899,384.3405
281.775,408.1793
204.6554,381.9461
173.1294,442.4523
264.1514,382.093
213.9198,462.806
187.1077,456.1933
191.9417,367.8862
158.2506,412.0138
222.9401,460.7614
199.5846,442.8591
239.9915,363.1714
237.4526,463.1041
163.1982,479.8964
173.6828,396.8779
142.7846,432.2046
202.9835,379.2193
189.5565,384.8514
161.903,421.3377
222.8075,455.2518
222.1844,383.8992
238.5752,382.3428
162.039,463.7995
195.7642,373.4579
213.7356,471.1077
279.5915,384.0445
223.0948,378.5571
170.844,432.2803
229.2516,369.5132
191.5974,370.8235
211.7626,379.7867
282.6393,415.4333
239.1014,457.2204
210.8525,383.2096
261.6207,425.3856
195.7345,460.7981
227.8409,458.1747
222.2886,382.0212
198.4076,442.2963
214.7159,461.0313
229.759,456.4359
251.676,369.9636
246.0575,393.5648
253.7875,349.043
210.1861,374.2742
241.8344,450.6797
211.2728,381.6776
255.3004,427.8843
218.5865,383.1254
183.6929,453.3606
195.7699,355.9649
214.2394,360.9974
277.7951,407.0328
165.4078,408.4806
183.691,395.2018
171.8628,372.3032
197.4529,395.057
181.8935,409.2022
253.1043,396.7795
255.2473,379.8203
255.4481,381.1366
251.9635,416.5329
179.216,404.881
183.1444,412.6741
185.2823,447.6141
188.6718,401.8073
268.4877,453.1784
199.3847,373.5676
145.3416,428.5349
200.7124,377.5602
268.658,389.1472
296.8789,441.4266
219.918,316.8453
226.7951,397.5033
229.0006,399.3118
232.1714,423.2218
211.251,410.0235
202.9747,414.2394
231.6533,403.471
233.6785,401.1996
232.4075,417.9683
206.1808,400.9677
222.1763,427.2833
216.4929,431.1907
211.1443,419.4789
231.8137,429.2739
223.4945,416.9844
213.7029,417.248
211.8869,417.4999
230.325,426.8574
231.6212,398.7016
215.8408,405.7071
237.4326,401.3346
226.717,409.9655
232.8629,402.5514
203.079,430.0529
218.3279,411.1335
211.7799,410.4907
220.2322,415.2884
207.4816,426.3449
213.6325,403.1797
234.5957,429.3805
223.054,400.0107
208.0769,401.4915
223.8475,408.8883
213.1941,422.5049
202.8886,421.226
220.2515,409.398
203.8086,413.1425
213.7551,398.8867
221.6586,396.4731
235.8078,427.1122
219.5278,418.333
205.4498,408.2671
234.3259,408.1823
208.7316,418.7704
226.9006,429.6365
221.5988,405.1396
229.3001,425.6216
216.1023,422.6887
212.5802,408.5686
209.991,430.6772
216.806,431.5049
201.9226,417.9757
229.3314,401.6671
226.0426,403.3544
216.9069,412.3397
208.3339,409.5573
207.4316,410.3396
202.9793,398.451
217.3348,417.1771
206.4467,406.6183
228.7595,411.6538
211.2605,397.939
204.1616,406.8526
220.2897,421.029
214.3496,402.2961
214.806,431.005
217.8823,400.724
235.167,426.7097
204.9552,419.1254
220.7163,398.9914
205.5677,431.0978
229.0595,430.9868
203.7692,413.5162
225.0944,431.417
222.0629,408.5904
225.9502,407.2152
225.3609,418.8467
208.1175,431.4816
204.0671,429.5087
227.6126,418.0984
236.7361,429.1985
204.3606,430.8924
229.955,403.9825
203.5177,417.3882
235.5074,423.6008
226.8208,415.7611
206.7899,409.527
211.9007,418.263
208.7758,399.432
217.1926,428.0301
211.2352,419.6516
236.021,407.3166
204.8761,422.8498
212.8643,409.0263
234.9931,415.7766
223.725,426.5609
213.4046,396.2912
209.3291,415.3817
204.772,431.8411
233.4252,423.5198
204.877,398.3724
215.1209,430.9146
221.4931,410.2124
204.7243,432.0395
216.1719,404.0529
227.5662,398.7448
226.7921,396.9732
237.3025,401.5861
227.9272,403.811
224.7895,409.7264
225.6316,426.5076
206.2392,423.0567
203.6675,420.2579
207.4666,424.0944
215.9045,419.1529
219.9564,406.0824
203.1794,411.9142
234.9752,427.2041
233.7625,418.7211
227.4051,425.1253
230.1164,409.0378
234.6254,429.7269
227.0016,427.5625
213.7805,414.2649
235.269,412.8326
224.2902,424.8883
213.4657,427.1649
226.0375,401.3954
210.3216,404.0982
232.464,404.0263
204.8435,418.0566
217.4309,409.8445
230.0064,400.7958
224.8624,400.4413
221.8868,399.8199
225.5889,418.9013
233.8561,427.6013
235.2197,395.5189
207.6365,424.0019
214.9503,417.4097
227.8088,416.5831
236.6143,414.1282
210.6018,424.3977
204.5906,414.2028
210.4814,402.3584
237.5096,419.0045
203.6318,410.6195
210.3042,402.3238
220.983,414.8215
219.689,419.9342
231.9866,418.6763
217.3565,408.9041
224.6529,421.6681
207.2483,421.4839
207.6874,402.3415
221.3452,422.9841
204.2349,403.2814
205.8688,412.5925
213.4681,431.1617
218.9273,431.0888
214.791,432.0818
208.4033,420.4385
220.7903,425.2669
224.5965,427.0477
203.6803,409.048
229.4606,428.9233
210.1536,398.0325
234.057,422.5337
235.4315,417.5739
229.8684,431.2874
220.8526,418.7389
210.2573,412.8071
202.3542,417.6612
203.4934,424.958
219.3768,427.4177
209.5684,405.4309
207.7168,401.4275
209.5248,426.4173
215.3947,420.7614
214.0207,412.4314
205.324,416.644
211.8231,399.4112
216.3698,427.1238
211.2345,409.1515
228.2397,403.8006
215.0221,415.2458
207.7979,406.8191
211.0394,406.9012
204.8773,400.6691
215.605,398.7655
233.1455,406.7714
210.0177,417.7518
214.4421,405.3558
226.8687,407.0104
217.8337,412.5221
215.6141,424.578
231.3837,405.5915
235.5739,429.5105
219.4907,402.5433
217.5575,410.158
206.1174,421.2929
228.1262,402.5521
223.0612,420.4879
214.6768,406.1482
212.6856,401.9996
220.3896,407.1587
219.9022,426.7023
225.2964,402.4946
230.4467,398.6476
215.3728,427.23
218.4348,430.0005
213.3267,427.4676
226.2616,422.4139
212.4642,401.2139
236.1783,396.3334
215.4197,426.7937
214.959,405.5927
235.2047,421.6184
224.5296,430.2241
212.6121,407.9975
207.8154,414.8184
219.99,405.7245
216.7957,415.9247
221.7341,417.1621
221.2671,412.338
224.0062,417.8248
229.8699,410.6215
215.1341,424.4159
219.2418,411.8752
217.3895,420.6211
213.7973,430.7946
234.3778,404.4168
228.8271,408.7656
208.7415,427.3206
210.0229,403.0687
226.0778,419.319
218.3512,429.2425
233.7444,412.9527
203.6976,430.6069
208.5152,411.0547
235.4795,425.3978
215.7202,427.9474
235.4213,423.0649
202.8583,405.657
211.0239,403.1997
206.8702,405.3896
232.3324,421.192
223.1851,415.765
229.8546,427.9779
222.675,400.48
215.6758,407.6321
203.5642,402.782
224.6547,415.4606
205.6997,402.743
206.6393,413.8276
203.4852,429.3112
203.2611,421.6105
216.5042,424.5479
214.1981,430.8613
231.2013,411.576
225.3139,408.9404
238.2845,399.2307
215.1349,406.1202
235.7729,403.9535
223.8137,411.6738
234.4603,427.6843
219.4666,419.4447
227.0395,412.1127
209.7723,399.2657
210.9805,396.9235
237.9932,400.0008
217.7383,423.3898
218.7733,410.8832
211.1253,422.3031
221.7853,399.4076
219.4898,411.3863
219.2819,424.4525
216.274,406.5708
238.2312,396.4318
224.7135,424.6226
219.6362,408.4298
211.3241,420.0092
226.0552,416.9615
215.0542,420.4673
218.607,406.4933
210.8962,428.2143
202.8503,416.8564
229.6621,412.6305
220.773,421.6712
217.7785,419.5425
236.493,401.9829
224.3368,416.0062
226.3272,411.327
207.9264,419.5305
208.0796,410.1163
213.5677,425.8513
216.4373,415.9988
233.4667,405.3272
212.0693,407.9439
203.4556,406.97
203.8741,411.1146
209.9125,430.867
220.5134,410.7233
234.0204,409.4536
214.373,425.3232
219.476,422.1224
226.7903,396.8209
220.6123,402.2523
230.0031,414.882
204.1325,414.4546
212.1613,424.7845
216.9887,416.3729
221.1139,404.0054
234.2893,407.8244
227.8802,430.1963
209.0733,429.0454
219.5101,426.6497
232.3355,425.73
213.6736,412.9899
210.7341,425.4173
226.5192,424.0894
222.7454,409.8417
211.2146,398.2259
226.6285,408.3984
227.7233,428.6873
229.1859,425.1619
212.7349,420.5082
237.1227,416.6802
223.3143,406.2848
209.4657,428.318
228.8421,396.8313
227.2908,422.3762
210.9841,399.9202
222.2086,410.2844
223.0708,419.143
222.4063,428.9657
225.1729,398.8726
218.2008,420.6163
207.7053,412.335
213.6465,396.2379
213.7106,423.9109
234.8982,401.3232
218.602,419.1338
234.2707,400.0882
230.9314,401.745
219.4268,396.9368
223.9146,425.2242
230.1574,421.0977
225.5246,395.8539
219.3685,415.8737
212.9163,418.12
214.4712,424.7238
215.5586,407.7165
202.3675,416.3252
236.3062,416.9242
224.983,403.9137
208.4629,401.3889
205.1051,428.5106
213.7443,413.6634
202.547,426.0086
201.7136,430.1255
223.9421,423.0283
228.917,408.5179
215.5137,400.342
224.2784,413.0675
205.0075,422.6795
646.2279,430.8783
700.797,348.2951
776.8752,379.9753
729.04,450.6823
793.9101,395.5383
769.0943,440.3288
637.9313,388.8847
784.4636,409.1882
754.8461,445.0911
756.0519,358.1483
629.7838,402.7759
681.1714,350.7538
678.257,352.1216
681.9774,455.8614
634.3586,410.8983
652.6992,425.9212
776.3246,381.4607
641.6149,368.5169
707.3654,452.1155
628.9633,400.8746
716.189,344.2607
700.0238,343.8569
716.5865,454.0246
790.8437,390.5214
783.9664,408.6538
787.5051,383.9289
743.5342,453.7894
774.6559,375.5343
636.6136,406.3633
730.5253,453.0956
659.0023,436.4926
785.6504,425.0266
654.7363,441.2867
785.6942,382.0728
742.9683,445.7681
686.6906,349.0438
783.9894,426.0497
657.9954,365.9851
777.8951,401.0576
656.653,370.8537
652.5382,361.0259
723.6742,454.3886
783.5862,423.2998
770.4877,379.1239
739.386,450.2096
633.7998,394.9765
737.9147,454.6759
790.9621,406.9197
750.3544,359.3355
656.9626,445.3973
677.4063,453.5618
715.982,459.0169
683.3506,351.6974
681.607,450.6672
670.9078,450.6279
639.9351,370.6986
637.6673,429.4189
764.0485,368.6691
645.9145,437.8643
742.1429,448.1463
699.5085,352.4121
760.8985,437.0656
670.5154,355.3321
636.8176,395.4137
732.0861,355.6581
665.2577,443.948
786.499,390.0396
648.127,440.4091
640.3705,413.0407
746.397,357.7513
775.167,418.2106
711.9063,457.8707
755.3552,352.2839
657.9481,357.073
639.4804,393.2139
642.033,382.1363
657.1608,435.7779
688.6173,347.7267
725.2001,344.801
634.1443,400.5732
637.0488,422.3363
712.7426,348.5831
761.1342,356.5659
679.5631,346.4066
703.3269,348.432
633.0953,403.144
790.7841,415.5454
681.3488,357.121
671.6796,442.1876
664.0349,356.1706
727.0831,448.3692
631.8837,390.4458
728.7565,345.2325
648.7616,419.8799
646.507,418.1416
791.4801,408.4534
684.4467,445.6103
717.5651,458.5101
640.8552,368.0793
790.8515,413.7436
731.7669,453.07
759.7468,447.452
658.4483,365.5761
784.0056,419.0329
667.5119,438.7362
642.3081,405.7506
780.7731,422.487
780.4792,379.6174
776.8052,393.8067
720.9253,345.5135
633.621,410.8199
665.8391,351.3926
708.9333,451.2282
777.0678,409.5778
767.8733,434.2253
773.3224,435.2598
653.5488,363.8644
782.6472,421.4977
689.6236,354.986
675.8277,351.8165
790.2928,404.8495
785.5649,415.5601
782.6337,423.8078
710.2168,349.7522
655.5431,443.8392
758.1554,354.1154
757.3653,445.2285
737.8201,354.8632
630.5639,398.9413
783.4109,397.1812
692.1466,352.4997
662.3344,434.5217
737.7514,347.6147
740.2077,454.5633
662.2989,443.4826
767.0231,445.3421
778.1318,371.1984
639.7723,387.5935
722.6844,342.6059
644.3502,416.7294
713.0732,353.1589
644.4801,414.9032
743.144,454.0212
643.5726,387.7619
778.3941,372.3629
728.125,349.1413
662.5683,358.2042
720.38,345.9102
782.6298,427.8131
641.4175,381.9877
635.5346,401.3768
632.8116,382.2608
776.1915,423.242
745.9848,452.5733
629.7761,387.7446
762.0938,361.3958
710.5309,450.6744
773.2248,383.0292
779.7508,371.1973
761.3322,434.0261
638.3637,405.8818
641.1782,375.8336
785.3479,426.2534
763.3822,444.6922
658.486,368.103
761.2357,364.0816
645.224,436.4456
783.2017,414.4568
775.7185,421.5008
667.9392,353.3913
713.0971,452.1554
781.6461,428.4262
787.0315,423.5707
785.2133,412.9043
715.2881,350.4774
667.5304,447.6054
653.2999,431.2533
667.9148,349.9964
713.2587,353.4762
793.4271,397.1174
741.4917,448.8084
754.5999,450.6911
741.1586,349.5558
727.4481,454.0424
780.8913,392.6852
790.1338,388.3041
780.6786,433.5052
716.9861,460.2547
642.7178,382.3454
784.6839,415.6766
708.5651,349.7669
773.6862,376.6159
781.5912,388.9412
786.4037,388.053
669.5767,442.8449
698.6689,348.5362
785.3072,413.4631
723.1409,343.0242
785.2174,377.1301
786.2809,421.3217
628.8862,394.8885
642.3213,434.6235
654.4686,440.428
792.2464,411.3129
654.2237,438.3221
660.3669,355.5453
700.6835,346.9712
635.7539,384.296
774.7116,420.986
719.9251,450.451
768.0568,440.2598
732.2136,458.9972
774.9009,385.0125
707.5666,351.3658
773.0928,436.6302
749.344,359.2038
638.7211,402.3973
713.5043,455.0435
718.6248,453.5421
686.2205,344.5822
749.6689,349.8244
654.6339,441.2772
704.6351,350.4591
640.619,424.4528
777.097,435.5587
772.4493,378.5689
694.4827,455.763
713.5641,348.3136
732.377,457.5037
743.4423,350.7613
706.6638,342.5564
727.9129,459.7302
686.7015,348.4765
718.8147,348.5504
635.597,402.6734
793.0337,402.1101
713.7191,450.7982
781.4898,414.0798
687.0569,351.303
642.6817,394.3441
744.8509,448.1922
761.6765,362.1631
757.6792,436.6134
666.897,362.8069
789.3686,416.4501
663.8558,442.1445
696.52,350.6486
790.872,408.2925
699.99,353.1281
642.7665,413.8846
780.3797,401.192
779.2702,419.3599
754.73,358.5091
721.2216,345.5535
637.8084,405.6766
780.1457,424.6617
778.6314,426.4375
676.5943,347.8632
731.8929,458.8447
657.7212,441.7927
729.256,351.7141
688.9934,449.891
793.5533,393.6691
702.0838,452.4273
642.4298,405.6187
776.5259,367.263
789.4163,402.0117
698.3266,450.5205
752.5837,355.4591
785.6049,389.2405
661.905,352.2185
710.5707,457.3736
785.3367,388.2894
785.2286,379.0926
788.8588,409.4137
672.6254,442.0664
724.0401,344.5641
689.6459,454.6594
776.2833,366.2564
656.5041,431.834
786.4606,396.7447
638.8201,409.7792
635.0451,379.1839
775.3206,380.582
783.2059,414.2059
696.9875,452.9597
686.8087,355.9355
782.264,410.1574
682.1144,444.8151
788.2489,395.6976
776.4639,384.9957
721.5716,343.0526
769.1477,432.7579
648.7674,361.0917
653.8475,363.1526
637.2311,384.2344
758.0243,366.014
767.5181,360.261
699.8963,453.8192
719.4148,343.2343
694.7358,455.1983
700.2408,457.7224
659.1135,445.7398
687.6488,449.7756
637.1427,398.8716
744.392,350.196
634.8425,375.9258
634.4531,394.6625
626.669,403.1979
762.3394,437.1798
789.8122,408.9411
653.1473,430.6295
720.7497,452.8542
738.7968,346.973
719.7167,351.1765
776.8234,438.6897
698.7897,452.8577
720.1543,454.4227
749.3694,453.6145
638.7114,380.7506
779.7976,385.7104
713.2394,456.3118
701.2226,457.8901
708.5662,455.2562
709.8911,345.5491
671.0868,448.3652
769.7469,426.1447
632.8732,394.4605
684.1651,348.6977
747.3777,446.1983
669.3519,452.7131
755.9963,444.4871
772.531,424.3464
630.0367,410.5596
668.9529,362.4006
720.638,344.9148
767.7905,443.857
677.448,448.8588
776.9943,415.1588
708.5756,452.7396
696.5678,347.5317
672.4047,452.18
762.7047,360.7859
791.824,410.5983
785.5453,395.2635
792.2624,403.1521
657.8042,358.721
639.8913,406.3684
648.5162,430.3752
651.9371,442.1834
718.5117,349.8545
791.9871,389.3462
647.0575,437.8662
664.7583,443.1787
769.6329,374.8969
681.9802,444.6741
645.1206,436.4836
757.8569,352.9922
793.4742,402.7806
643.8075,367.6311
721.1875,347.8186
741.3216,457.1125
719.6791,345.4016
656.6894,437.2637
762.5926,363.1602
718.8271,423.8058
728.5519,409.6992
737.4836,398.0511
690.8189,404.3684
732.3184,409.9994
710.5725,382.5989
719.7138,384.2636
713.9484,420.0931
682.7346,391.9281
731.7342,385.2384
725.8812,417.4948
705.0364,422.7013
733.3117,403.4359
735.2227,401.2397
730.6546,389.6933
720.1907,382.5774
688.05,388.9736
719.4263,420.5357
688.4349,389.7021
732.8865,412.8174
695.2113,422.5759
721.9453,389.7518
696.7078,385.2479
708.5058,382.35
691.4352,417.2598
741.3838,410.2242
734.2838,387.9063
690.7584,385.8392
733.7469,417.304
685.7491,411.5543
694.8329,387.6753
679.7889,396.7493
738.6758,389.5954
729.4313,388.0363
696.3474,411.3773
726.1306,415.0749
700.4799,411.4864
727.5825,414.9743
705.0984,413.0913
687.1744,410.8641
730.3764,389.3126
737.6284,410.1061
680.2681,399.0389
698.1168,390.0066
724.2296,387.7991
709.657,420.5467
736.8511,410.4923
689.6484,392.7159
691.8576,411.9829
683.5434,409.2165
726.6661,412.7962
702.3651,382.2446
714.855,416.2332
683.2351,388.7156
733.9471,408.3848
740.5879,408.83
709.6154,387.067
695.69,418.1993
692.7429,416.2701
700.2899,391.0778
711.2949,418.2569
693.5993,381.3
690.4457,418.8229
693.104,387.7136
730.3201,414.6723
741.9919,401.4312
737.128,404.8416
689.5921,394.2828
718.2908,416.0053
677.0503,402.0243
730.6603,414.203
707.42,421.7819
690.6502,411.9748
730.4251,418.1657
741.1844,398.8313
689.5405,392.6334
697.3537,410.4184
713.4405,377.7531
682.0098,401.3374
699.0503,411.0025
680.4233,411.318
698.2416,415.6528
741.6705,395.4274
726.8443,416.8204
704.6906,422.0241
731.6846,396.0465
681.6299,396.4595
682.195,397.7382
703.9644,385.513
710.8336,387.6995
686.6487,416.1955
729.8534,384.5857
699.3536,422.531
713.5445,381.7754
716.3634,389.0426
729.5687,418.0547
736.5054,413.6973
729.6629,400.7983
741.3276,409.4895
689.4801,396.7702
719.799,421.1453
684.5604,389.3258
694.6191,416.0119
735.6045,392.6901
703.5893,388.7954
719.3946,387.0111
728.1359,420.0773
733.9566,386.3394
694.1271,380.598
731.2139,399.5446
726.8539,382.1386
740.5627,393.8883
706.9635,414.6638
722.5222,385.9288
734.967,417.325
728.8595,414.0378
733.2243,410.2856
702.5878,389.4675
717.8273,413.716
708.225,384.469
735.3875,403.0868
696.3138,393.0019
729.9151,406.3995
726.6746,405.8158
698.4413,417.3883
739.7531,400.1698
697.7465,423.0796
709.3685,417.9084
714.5036,387.7581
680.4053,403.9225
692.1834,406.4082
724.3992,413.7856
689.9283,407.8275
691.5269,386.342
717.1103,423.5796
687.412,390.1764
689.934,414.9401
732.4564,414.2051
680.368,394.649
707.0115,384.0798
728.3999,416.2386
720.833,415.0354
738.8862,392.8098
685.8345,416.3482
713.7895,415.9823
740.5254,408.5498
707.4033,421.8128
689.8129,409.6554
699.1264,385.9393
743.0323,402.3494
712.2155,420.6684
690.4116,404.3415
737.4612,403.9259
715.4768,383.0253
679.6937,395.3033
682.1485,401.1483
693.7294,399.4541
693.9989,405.8194
713.8939,415.0266
726.7218,394.517
717.3943,389.2902
739.1721,401.8778
724.7959,408.8446
723.0293,390.5129
700.258,423.0964
732.5631,390.2835
713.5788,424.1882
697.4793,381.1594
728.8814,407.0858
680.4523,397.6876
681.5172,403.3875
739.8242,397.583
726.4947,388.0192
703.2611,420.5265
683.3683,401.3524
687.3257,384.6016
739.7486,395.5373
738.9518,411.5607
732.0108,408.9356
698.9819,415.5197
685.25,398.8328
728.7773,399.6388
720.8651,421.5364
694.0294,384.2377
680.9351,392.524
692.2437,388.7734
708.6331,421.4435
728.08,383.7452
716.6424,383.6902
681.2188,398.9065
734.5052,416.524
728.8594,420.0205
694.5518,420.7386
733.1393,417.0609
725.9743,421.6233
708.5531,388.1407
727.4564,415.4797
691.8496,385.235
728.0231,391.9551
725.6035,417.3933
721.9501,412.0332
695.7214,419.9831
692.9255,395.8832
696.78,412.263
730.928,409.9351
704.4601,417.0874
714.928,422.8621
696.9201,380.119
677.2354,401.5775
694.9067,382.5573
690.4551,385.2725
690.4404,400.6045
723.2287,388.7614
742.4265,401.5298
732.7955,404.0501
738.6329,391.0292
690.0248,407.3799
683.8591,413.4025
524.4029,505.4288
497.0887,414.4473
584.1232,377.0182
574.3879,501.0127
504.5617,410.0265
527.7635,373.2619
556.6931,359.3534
499.1608,428.2104
542.1497,362.6144
540.417,368.3325
521.9124,502.5472
519.6418,502.2744
609.6414,444.515
594.2846,492.3204
587.1861,373.0155
613.6079,432.4264
506.5957,405.336
577.8711,504.394
494.9396,435.5807
584.5728,383.3192
558.0578,513.3874
548.8833,505.0684
584.3646,369.4089
551.2892,515.8989
568.3364,365.777
528.2163,497.0184
513.1846,486.9088
580.7077,499.8946
534.5685,359.9628
500.0205,442.3737
515.8574,382.0623
526.898,503.0054
523.9219,366.7978
600.5019,402.323
543.8912,509.3038
516.1164,487.9828
503.3019,452.2908
499.9586,449.3596
498.8143,431.7004
591.969,388.1507
601.8427,424.9237
566.8534,512.2984
600.8076,472.7397
576.7298,510.5534
506.5958,416.8425
605.0379,473.7699
575.9886,366.4638
586.721,387.6338
567.1754,367.0179
587.553,385.9773
606.8728,452.275
604.1391,414.0738
561.4785,367.6912
519.9114,498.0042
553.3087,368.5175
516.3527,381.3281
515.4824,394.1483
596.0543,482.1032
520.0507,377.3645
595.7662,390.326
511.7158,385.6836
507.627,472.0124
599.101,484.1344
495.6227,425.271
591.4515,373.3023
547.8098,513.525
575.6214,373.4936
567.9947,505.4403
513.8442,376.9168
595.4458,384.5713
525.1352,380.397
531.1854,370.6572
518.833,500.4694
500.4985,433.9127
585.5234,494.121
511.1936,391.1719
563.0654,365.3573
597.661,383.4645
535.3448,501.1743
503.7616,411.7641
499.4888,449.1767
496.5388,432.6848
504.1457,398.2801
568.6359,507.3623
539.1337,357.85
598.649,482.184
595.6049,404.0158
581.7099,382.0248
505.9058,396.041
503.0801,434.4188
512.3014,379.0288
507.7005,419.6987
568.2104,505.2764
601.5477,487.1704
600.8124,393.0018
604.6189,468.3364
609.5026,435.6683
578.8443,512.2881
530.7029,495.5697
551.605,364.9018
507.5942,414.2192
496.2558,448.6085
568.4613,362.0772
499.9799,402.3431
560.4422,503.9059
590.3429,496.1685
510.0058,489.597
562.3128,371.0577
559.8663,356.3442
601.7273,418.124
572.4187,498.4583
609.5056,464.621
505.0117,470.9315
529.6936,497.6531
505.2758,419.9454
572.7099,511.6476
600.869,467.9641
531.3355,503.7689
581.2012,493.8881
506.9995,420.0691
526.0619,383.2176
569.6523,515.7659
577.6089,496.6
595.2498,483.4231
510.5675,467.9713
588.026,375.5042
505.9742,472.9479
563.8499,511.1974
508.2849,471.2112
602.8304,464.8222
561.9041,518.3843
523.296,377.8266
516.8035,381.9553
504.5873,432.9102
561.2932,361.0765
546.1603,363.0317
585.1793,381.5643
582.502,502.0775
597.7707,474.1899
544.1694,363.7593
612.3498,455.8205
561.1901,511.9526
500.9235,406.2475
508.1137,485.8576
499.913,440.1254
548.784,368.9344
600.902,419.2992
571.7237,510.8632
511.1555,380.2584
518.8041,392.2665
602.7752,452.4196
534.0791,504.852
556.6915,515.753
511.0566,477.8531
602.8269,443.3481
606.6197,434.2443
497.9501,447.1521
525.6013,365.9161
570.8233,362.25
520.614,488.1665
525.2026,381.3143
498.588,423.097
580.9528,494.9521
587.0328,379.8905
567.0714,370.2029
581.9873,498.8739
498.5802,441.1347
516.471,384.758
584.2836,507.0648
557.7513,369.4727
514.9312,380.4242
573.9615,375.2921
534.5817,366.9744
604.5222,448.5809
600.8566,422.1553
592.1231,393.9121
512.6106,484.6282
550.6268,516.7169
562.9555,361.4613
551.5971,506.4146
566.0947,505.6969
542.2341,509.9147
598.8307,462.6721
537.3325,374.4243
494.4381,429.3097
518.0325,371.8645
558.9575,504.3229
522.505,497.8821
603.5496,465.537
505.3062,417.3501
598.2808,403.2291
503.5162,466.4663
610.4569,418.5012
601.7329,485.8216
558.1079,503.364
499.2198,417.3078
526.0029,372.1999
600.1672,414.9671
611.051,438.2187
547.8055,505.7619
588.257,385.841
603.0645,428.9769
503.1059,456.5534
501.1957,464.2446
500.0123,464.8775
499.7058,430.8463
506.2926,411.0152
555.2982,506.4634
547.4332,504.5344
567.0959,369.8615
500.5964,430.1773
559.5207,359.504
596.8104,382.1215
599.8783,478.2395
589.3929,377.3474
599.0617,482.909
497.8403,443.7272
533.9046,362.3944
600.8341,400.3642
525.6811,376.4402
500.4226,417.5562
602.6397,426.4641
567.0888,365.9874
552.2582,509.0235
554.341,508.9565
563.157,514.0092
510.3297,396.73
594.4002,393.6777
608.2788,461.9736
558.3964,362.9553
604.0353,401.8258
552.8902,364.0436
611.4788,427.2812
612.0446,442.9335
589.5756,388.1022
536.0076,367.0264
561.3618,367.9099
610.8387,431.6058
499.4544,460.5354
498.5006,467.4439
605.7678,411.9113
553.037,511.9486
526.4769,368.3214
599.9936,409.97
582.7003,490.5047
514.1526,495.1525
572.4277,371.3578
532.4619,498.1115
552.3811,512.9199
504.1242,452.478
501.1796,442.2283
601.458,419.3601
552.2276,355.47
518.9296,500.6329
516.3341,384.4739
505.6844,459.818
501.1334,432.6331
579.287,377.2924
576.7402,507.0198
596.6277,477.9284
534.5274,364.8794
537.2108,504.6926
611.4253,433.7682
600.1585,464.5234
524.2921,373.7564
510.676,476.6969
599.0026,408.0218
503.1423,442.9691
600.574,482.9576
586.6916,384.9772
595.8247,398.6081
524.3841,507.8272
611.0362,450.0542
599.1652,474.1246
509.9806,474.5571
602.0682,401.5743
541.3666,506.0015
495.9143,437.5844
500.2613,444.3265
504.648,469.8676
580.439,499.946
508.2942,458.2376
517.2167,377.6471
536.1227,513.2426
529.4404,511.4383
520.4255,498.5767
508.5195,409.7205
589.7002,376.0925
504.7873,437.8162
562.5034,506.1445
533.2709,497.3479
609.2416,463.8495
509.1806,483.6224
600.9328,400.0593
546.5219,507.3891
503.3585,475.385
541.1985,366.6317
498.1714,421.7494
539.9741,502.4051
552.3043,364.6669
600.1805,460.4952
530.6757,500.7671
497.8947,445.901
527.5612,497.3437
496.2262,442.6191
545.2975,367.3618
547.4161,363.2257
523.8056,377.7693
505.1673,480.4483
497.7512,418.4932
601.1873,464.1253
529.6038,372.4457
574.6464,501.0963
542.8499,371.4552
595.4489,398.5963
550.6699,509.5524
566.7307,365.8812
569.4825,503.4219
605.2781,438.8033
503.6768,430.9417
605.7279,407.0263
504.6916,391.6976
579.0272,368.6354
579.8762,501.4307
533.972,376.2491
518.8419,497.291
578.2593,375.8005
588.079,486.3151
556.9268,515.0024
527.18,365.313
504.746,475.8395
540.0299,372.3092
612.2281,435.2642
540.0483,510.8599
551.5167,359.1186
498.1426,440.6801
608.5018,441.3035
569.5502,364.9466
606.1875,435.644
501.5031,443.531
502.9537,428.4876
515.0569,497.5368
612.804,448.4331
561.2214,517.1329
602.9991,463.1218
513.682,396.0509
507.5622,461.443
502.4789,454.0387
500.8273,468.5041
520.2354,380.1409
559.184,509.1678
557.9937,359.629
610.006,424.0227
575.1869,370.5096
563.1183,362.3174
610.8496,444.2375
583.2998,502.0662
529.523,374.8307
505.8951,463.5393
506.8812,406.0601
499.9799,466.0187
587.2338,372.5093
503.178,456.6529
507.5485,403.203
528.5917,366.9963
556.8446,445.2444
559.4237,447.1052
539.606,433.5268
541.3484,436.3768
578.1019,437.6109
576.3847,432.0686
508.7781,438.9541
541.671,411.7414
563.0809,440.6205
545.5117,457.485
558.5653,421.1696
544.7283,442.7966
554.9666,450.4291
544.5867,433.2845
554.5703,460.6993
538.6262,435.0039
549.1102,446.0102
564.5744,430.1895
551.0827,419.6518
534.0227,444.9578
555.4288,498.3766
569.2069,455.5699
565.1029,466.0145
534.1035,420.587
556.7479,395.1185
556.5318,490.3066
542.3116,459.5499
548.4176,417.2217
534.9785,450.7223
571.4108,442.3313
547.6791,457.7628
554.4408,497.0569
557.5722,434.2922
575.4052,442.9613
541.1322,451.2115
551.838,438.0822
532.449,429.4901
535.8118,456.9784
552.6184,437.2307
563.8213,407.8866
534.7483,427.3693
548.3306,411.5632
555.9018,474.9178
546.1654,450.2604
567.9678,431.0686
589.8263,437.5676
569.5257,431.5596
562.0118,431.9549
556.0524,469.3114
549.6211,428.9614
552.6817,432.7146
574.127,448.8939
536.35,419.668
556.6158,502.4845
555.5935,388.1668
544.6915,428.669
532.6367,444.7201
566.6942,415.8501
548.1524,459.5857
539.3848,459.3223
587.2143,438.0192
556.8251,380.5848
510.6957,439.7132
539.6336,421.0308
548.4969,462.4762
557.1384,502.585
567.9748,423.1177
585.0872,438.1016
574.1245,446.7485
569.7209,438.4139
539.1924,458.8993
543.0685,441.9569
574.0858,421.9
544.6045,439.2773
555.604,443.7282
560.8138,457.0171
557.9351,463.7932
550.0961,469.387
556.1206,388.1181
559.0099,414.4501
541.6318,465.4303
566.6655,447.7401
565.812,456.8867
542.4586,440.1962
541.2817,435.9592
548.8412,419.4488
548.4102,468.2363
570.879,452.2825
560.6794,437.9054
557.5612,433.6384
542.5924,431.4209
553.4498,438.3205
570.544,454.7745
553.7844,447.5339
571.4302,436.0661
541.2846,434.51
575.2964,428.2629
552.1155,448.9302
547.0875,420.9251
548.8519,415.4027
584.7618,438.4609
555.0604,495.4658
546.1127,441.1956
541.6665,460.9727
575.8726,441.8487
546.2136,409.1293
509.5213,437.9195
557.8669,445.3489
562.2058,443.6776
601.3335,438.8407
558.2998,459.9397
506.4557,437.9378
549.9938,421.9242
558.1448,458.305
560.8786,462.8297
595.5512,437.6091
509.5839,438.7854
543.0093,419.5026
555.553,397.0696
544.3066,425.6881
532.6048,435.6155
547.9386,446.167
561.7883,441.485
565.4125,456.2611
568.9702,424.6638
560.3683,466.2001
581.1602,437.7458
536.7054,443.7472
571.1457,447.6319
565.1898,453.0739
539.4203,431.309
550.4432,460.0686
538.5498,457.1376
552.6319,409.5343
566.6701,462.3099
533.6032,444.83
542.9924,456.2384
569.1713,418.8652
574.7227,442.4804
555.0986,450.8902
532.8135,444.8934
549.9274,450.663
569.7437,444.2765
553.3027,411.6657
584.5972,438.1996
557.0059,486.2703
531.2455,429.0508
549.8303,411.4648
542.3529,424.1296
533.6026,446.4943
539.7698,411.4691
541.4612,422.3307
508.4435,440.2457
571.0417,438.9671
544.603,419.4527
547.1153,413.6939
538.2333,450.6171
567.2851,459.5756
581.2352,441.2843
563.7266,427.5302
577.5481,432.1955
543.4608,415.7758
555.7789,491.6243
540.6101,412.5487
570.0926,421.5999
584.5113,438.6356
541.3528,456.9295
543.1614,463.3807
547.2981,457.8841
552.8596,450.5757
592.5463,438.3455
533.9761,454.9313
537.277,419.8875
548.1547,458.6433
550.1927,459.2361
533.6681,422.809
567.9902,427.9502
544.3687,423.4745
533.5244,445.9006
553.3344,434.1987
555.4852,447.2427
536.7081,436.1657
547.9141,435.0562
580.574,439.5019
564.1859,451.2545
553.0143,431.7527
548.2164,458.2328
557.4297,385.1612
567.8563,456.1182
547.9475,411.3705
535.5567,439.8
562.9907,467.1756
565.5403,463.8239
559.2042,456.4067
562.3483,467.3153
564.4642,422.822
554.7885,461.4465
547.9829,441.2366
535.6996,457.8307
544.4845,410.5945
551.269,435.1279
551.4806,462.0211
547.7668,433.8313
572.5427,457.8296
548.4469,422.9386
555.0908,425.6596
551.1995,426.8069
559.307,435.6987
552.9811,465.6255
564.5549,465.9892
574.5061,429.7469
555.0818,494.5011
535.5394,445.3746
561.662,444.118
561.0898,459.8468
546.3533,434.437
546.1602,442.6662
591.6743,442.4043
569.9826,424.9099
556.8547,443.7373
597.6441,438.4
553.8047,424.4377
575.637,432.9761
555.426,401.8053
549.7414,405.7304
538.4445,418.5484
533.8055,420.3502
575.2624,434.485
542.1227,418.4221
552.1846,432.3918
548.495,406.3276
563.115,450.8354
546.6501,423.3747
550.1063,422.6855
557.3207,445.7828
517.2265,438.2731
551.5595,464.3201
535.9193,438.8109
548.234,457.33
558.0953,452.2785
547.5451,428.8309
543.1101,454.9844
564.1811,451.6826
556.5447,405.4765
551.3704,420.4163
570.049,417.0893
528.203,438.6629
561.6254,432.829
567.4309,421.3563
558.8125,458.0736
544.499,421.3929
527.6467,440.7195
551.9062,422.8672
555.7762,471.5148
531.5393,433.4986
591.2499,440.62
551.0425,441.814
551.9099,466.3454
557.5089,499.0893
560.7977,459.2412
575.2881,428.5581
559.1118,454.7339
565.2356,419.4857
559.6016,437.0066
554.7659,421.539
557.3067,459.3098
577.1692,440.3185
549.5324,440.3551
565.0841,465.8651
568.2077,462.2931
568.4912,415.034
553.4234,456.1455
535.9059,430.1373
551.7202,421.4594
556.586,374.4746
558.4101,458.4468
546.559,446.8479
557.7295,420.2475
590.6317,438.0341
546.2544,434.289
539.2194,452.9795
555.4042,465.9928
557.694,408.1216
565.0627,437.7996
556.7268,415.7104
571.1102,420.7709
574.4659,421.3478
574.4865,427.2997
572.5735,425.797
540.5323,428.4568
565.8028,454.6947
567.3829,416.2981
564.1426,435.087
558.9813,463.0576
566.0484,459.7197
556.554,448.1057
549.6825,415.9357
538.3785,433.4302
556.1385,378.3864
567.251,413.3324
508.6313,440.993
542.4961,408.9291
551.589,464.4949
563.1473,464.9038
556.2229,470.392
556.3196,441.5288
545.2089,423.6897
568.2179,448.9132
579.7826,439.2966
540.1092,433.6864
554.1245,440.1513
571.8818,435.9675
532.8106,434.9328
589.9711,438.321
556.2457,455.0048
543.84,428.0126
537.5128,453.9222
549.6974,456.5762
494.2084,139.9716
496.6977,159.1515
468.5858,179.5042
474.3673,172.0088
436.3346,222.5361
511.8999,150.0638
469.218,197.974
477.8496,161.3111
458.7803,192.4508
467.2802,131.3456
497.5465,165.2831
502.5903,193.5003
467.52,195.0273
486.1478,204.5793
479.7811,209.3951
489.7467,140.0959
519.474,128.6824
502.4406,180.2778
470.1807,190.275
501.3209,139.7888
500.6702,211.9959
520.9858,232.8398
506.7336,155.5156
503.7198,111.588
488.1425,160.0183
476.5731,210.7648
440.9942,138.4154
464.6935,137.0189
467.7374,191.2907
465.4952,156.5085
477.5971,204.148
511.4466,145.3353
486.4856,173.2209
492.9652,122.299
448.3464,134.3161
465.6078,185.1735
502.031,146.0862
485.6956,153.7634
487.4459,157.1697
468.6498,162.0191
488.0724,136.8629
500.7064,145.9853
519.7751,203.1425
421.9235,218.9544
435.7469,145.16
525.4097,209.2132
481.8525,183.4397
503.8153,207.8313
500.0999,140.6409
463.7236,205.0854
495.3899,228.1056
498.8415,141.9768
481.4696,163.6445
468.5318,155.7847
478.6317,152.4712
476.6278,161.6186
463.8932,191.616
477.1721,200.8519
422.1877,145.0674
451.2589,228.7703
472.1677,201.3677
534.6091,130.1683
499.322,203.0224
504.2101,157.8281
491.0809,191.703
516.9041,138.14
446.2678,228.6683
506.4402,160.1909
470.1295,150.0629
497.4781,131.7352
473.8406,145.6359
505.4026,198.4431
536.7476,138.156
477.2675,163.7822
487.0853,148.9377
534.5895,214.9611
474.0785,170.7533
489.1014,182.2613
485.4936,142.5183
450.9007,126.9599
482.7545,173.2318
480.3314,159.4111
506.7347,205.1782
457.8995,117.3827
516.6164,218.702
495.5614,171.1076
500.2692,229.3248
470.1753,117.8027
479.9302,202.9866
459.9435,234.4245
508.2213,186.6408
502.809,216.862
489.6087,188.1613
497.0801,185.132
478.6529,148.5619
473.2607,181.6272
455.822,210.8301
493.0339,171.4599
488.7221,193.247
551.55,134.2754
437.6427,219.5104
501.9225,151.3057
489.5766,177.6918
480.4889,146.9744
506.4142,119.8537
527.1469,206.7028
488.4711,196.1177
483.2865,148.5019
496.9182,139.719
475.8689,225.3986
486.4579,189.9773
493.6911,120.9083
494.2552,184.9776
471.0784,151.569
486.616,183.4475
462.6064,206.966
473.8155,158.5184
491.9686,198.8556
537.388,138.5317
470.8887,186.05
468.1612,184.9251
461.8506,185.9507
466.9786,161.6517
507.6271,199.2797
517.6587,217.629
493.1655,168.1862
464.1215,150.7655
505.5077,134.3173
495.8215,188.4529
502.4336,183.5227
486.784,225.0672
499.6676,199.1528
468.4028,188.5055
487.5178,185.7634
518.4142,203.9109
498.0473,196.5558
499.8109,190.9209
492.0551,193.9398
483.621,193.0023
466.7908,182.5343
492.8481,228.1649
510.1664,101.7828
498.6012,152.1454
483.2101,156.9509
482.5793,173.2676
503.5768,203.2252
489.6665,139.7887
447.0361,142.7488
498.6605,187.9872
494.5248,126.374
479.3444,144.9923
457.3843,106.1642
498.0131,148.4388
460.2792,223.627
508.7608,206.0386
514.6242,133.9204
447.7476,206.2255
488.6109,155.9111
503.8806,208.8794
512.8907,208.5238
528.4705,129.0748
468.5964,239.5133
474.2476,222.3199
512.6244,132.0005
498.4037,197.2453
478.7582,172.4051
467.7672,144.0598
478.5987,179.1917
482.0704,210.0764
488.3731,154.1646
458.8927,151.7264
502.6193,149.6135
497.8393,194.3727
493.5831,195.8516
443.4835,108.7843
475.4043,206.2895
469.8907,213.6095
472.389,206.7924
518.6929,210.4633
480.445,159.4834
482.2734,200.4144
494.5762,152.5957
478.4854,211.6244
458.1502,221.8178
501.0202,192.7105
508.2225,157.5069
513.2849,240.5806
452.203,208.5107
486.2385,209.9673
482.4355,148.0242
452.2064,139.1651
529.5804,141.7622
468.2652,183.4831
489.5278,212.2436
514.1079,116.8102
498.0279,182.6673
458.102,144.8636
479.5395,169.1464
474.418,168.6241
484.6126,161.6839
457.6931,128.071
455.6437,227.919
490.1814,181.0041
486.8525,213.944
475.396,142.4714
492.2554,119.4689
499.7932,162.8629
475.344,202.4352
478.9313,159.4251
479.9275,244.2161
468.2223,143.0042
500.1144,221.3592
440.2741,121.6772
463.8261,161.3879
467.8305,162.922
435.6032,207.8411
447.8479,239.4195
495.5334,178.592
496.5549,183.356
565.503,238.1487
468.9789,158.8204
454.8853,199.179
473.1057,181.1011
469.7479,209.8965
540.9416,133.9315
477.1048,235.9286
487.8474,175.4491
536.8828,108.8501
470.8619,164.7841
502.8453,165.0135
500.1197,162.3171
500.1548,185.3613
462.8408,190.4707
466.7328,163.3124
501.0598,153.2184
475.9658,166.9115
495.9807,183.1784
493.0611,211.5166
485.799,138.8149
477.3959,218.5968
532.0321,127.6573
439.1439,145.3105
482.8257,216.3561
486.1019,159.9873
461.7962,120.921
512.1725,129.5166
465.946,203.0412
492.2063,188.9211
470.3642,158.3624
483.398,184.5225
486.2733,190.8953
455.4411,233.611
503.0358,191.9064
473.5415,198.1866
451.7815,208.4499
480.9162,166.7931
459.7872,133.7259
490.7108,143.7581
463.9954,163.4666
479.9623,205.3649
500.8365,162.7673
501.2413,158.1677
493.9882,199.2024
464.4192,200.0186
477.4257,162.8186
475.7412,160.8928
423.0779,206.9262
481.8391,194.4317
499.6633,126.2344
486.7372,135.5897
478.6424,221.8758
473.8069,187.8682
471.5974,192.7569
478.1173,172.3852
473.6637,138.2065
456.8603,219.8645
503.0611,160.5082
490.11,174.5366
473.3881,136.5114
511.2948,135.2058
473.1046,188.1492
469.4312,181.8431
533.0532,213.1407
511.9799,226.7812
482.3228,180.1731
490.8107,184.3916
469.1816,214.5369
535.5041,140.2371
454.3014,208.3122
486.1371,196.3776
475.6676,147.0442
481.1895,168.3044
476.7987,232.4739
514.4624,134.84
486.7423,202.3305
513.0464,152.6074
465.1575,209.5537
483.0726,165.2081
493.7843,191.3057
443.5384,92.949
475.0974,189.0356
468.8143,147.1508
488.9549,119.271
493.9454,144.0657
494.9618,190.2236
507.3104,141.3138
472.6679,151.6116
477.1302,279.1411
462.1529,153.1607
523.5673,210.0069
486.7312,184.2463
484.3737,158.6599
505.4439,197.5393
543.9436,206.8125
449.3055,209.9778
526.6865,203.3755
469.7154,234.186
497.8475,236.621
485.4618,171.8342
494.9914,156.4466
470.2673,129.3097
504.6748,199.6368
495.1538,194.0504
478.543,205.9217
475.5198,202.0034
496.3007,169.1725
472.891,186.7239
465.4365,130.2148
486.5323,187.0057
507.8539,135.0943
480.2287,173.6501
496.6884,185.0687
530.2691,214.5563
477.7961,84.601
515.644,220.9552
510.2984,96.0894
502.2964,191.4851
475.1251,212.988
459.4633,159.4718
486.1889,218.1603
465.6246,199.2224
451.9114,137.183
482.2688,172.1818
508.5243,140.4826
447.7169,206.1529
493.5037,159.957
487.0182,131.9483
495.919,143.1128
536.8731,131.7522
461.7359,160.895
458.427,190.5031
533.456,230.3675
506.8371,147.619
484.7561,156.145
473.9372,169.5416
495.3926,164.3236
502.8774,154.7071
493.1081,163.071
499.4552,185.157
499.8015,169.5684
492.7346,131.7342
484.0711,128.2348
493.6875,148.7999
497.2275,220.1119
446.49,224.365
485.3152,191.8839
484.3445,147.3012
430.8936,235.1764
456.1517,217.0318
456.7717,121.2569
741.024,124.6725
766.2316,403.276
271.8733,212.0365
454.5962,435.665
424.7379,268.0061
272.8269,367.2035
238.5873,217.6305
144.8922,136.0092
406.174,273.8997
566.5,470.2099
516.7095,322.7893
275.6099,501.9222
755.1938,496.9045
786.398,385.2654
192.1584,533.5852
149.4271,440.2666
737.8242,538.1297
592.8166,158.2846
357.5206,332.8407
209.4214,520.6498
680.9682,367.9884
130.7766,514.2256
645.6655,528.6982
675.2403,327.9752
617.8329,230.9461
233.0626,80.8218
612.4259,287.4556
442.0249,370.2292
320.2556,551.7433
497.9817,397.3244
140.0627,495.4606
278.3169,236.3693
589.1398,226.7614
768.7092,107.9119
223.3655,552.1571
505.02,111.1655
237.7742,191.6156
492.8345,303.777
765.2734,478.8533
348.2878,547.5543
213.6057,538.3806
436.7596,194.2211
601.9863,130.5466
722.7706,452.195
524.7856,292.8579
181.349,385.5211
242.5722,244.2144
451.9218,267.7863
364.8473,208.2894
433.0797,99.0625
267.2056,316.5992
659.1081,197.569
780.6196,177.9079
420.4466,429.0751
428.6365,264.2229
672.2008,208.9796
284.6616,253.4427
462.0863,218.0565
468.0043,118.8834
526.1284,292.5959
644.9685,77.664
327.1133,349.0978
324.0956,519.3076
771.5707,562.176
275.9215,539.6563
317.4875,320.6868
396.4197,471.5407
294.0097,411.7065
530.2112,241.5786
252.5032,190.6914
593.4168,317.1731
738.9633,507.3236
562.0134,202.6821
128.575,385.8144
579.8632,217.1901
359.9711,172.0428
800.0774,265.4456
791.0556,380.2223
305.5272,364.4028
265.4231,105.9563
170.9352,383.0083
324.2806,329.4539
773.9719,383.4084
619.7283,287.3252
446.8652,363.0245
279.7948,498.5179
275.4389,432.1599
304.9823,284.7134
403.6532,150.4873
262.7844,350.9566
422.9747,231.1359
396.6139,456.3052
528.2857,389.4419
257.7415,275.3164
731.0392,260.3322
758.2343,169.9229
610.8791,167.708
787.746,171.4561
635.3551,117.1069
280.5766,150.5973
789.5741,315.2447
296.3141,92.4587
670.5486,494.4275
241.156,403.9642
658.5342,529.5632
539.7524,370.2719
309.3127,566.8577
615.9867,82.5659
343.752,424.9655
789.8421,256.0485
664.3378,449.5259
394.3448,360.4086
611.97,423.3581
403.2473,147.657
788.2854,270.8219
496.368,161.2051
656.3477,500.4224
728.8794,270.5386
332.6478,345.635
352.406,354.5709
795.5869,349.2353
305.724,144.6055
457.4109,154.6757
422.6994,100.8064
663.1701,208.0809
627.7255,334.0702
670.6225,370.1025
664.0895,218.7588
474.1628,242.9372
645.0186,209.4531
675.9554,454.5672
558.3083,463.0897
505.8287,443.8851
434.7455,369.8199
347.7678,265.9624
178.4832,407.0143
416.9623,158.8856
277.7244,248.8029
247.7286,414.3095
542.905,433.9182
206.211,457.1309
492.469,292.2334
362.1044,185.991
277.5252,450.9195
576.1725,307.8837
538.659,463.8977
525.9898,357.9474
515.0196,472.1284
645.4197,370.4615
286.3942,275.1844
564.3189,99.9624
671.6205,438.0793
245.1682,202.8494
209.6428,232.6637
459.2923,466.0842
186.1977,213.3949
183.1444,465.2723
243.5702,282.286
327.7504,467.6134
437.1487,334.8514
345.8663,118.2732
728.1876,322.6704
167.3901,448.0313
526.552,259.8417
596.255,438.2172
618.4077,92.3107
207.5673,478.4414
437.7427,359.0188
479.6694,178.1573
241.0676,297.4768
771.3707,356.3704
696.1669,211.0555
240.1143,354.9615
622.3632,559.4972
731.0165,516.3127
465.3154,183.077
211.9293,278.1269
703.7057,240.2603
127.2754,324.6039
393.7642,87.6627
737.9708,95.4854
252.6624,437.1305
773.9101,218.169
570.7617,173.8305
731.8087,101.9418
317.0611,136.7505
246.425,460.8514
257.128,462.2261
191.5933,496.6332
260.4677,354.2108
784.4245,264.362
621.7902,476.2377
223.5184,465.3638
413.2847,123.16
798.5649,157.8165
666.026,557.6855
621.463,520.2959
609.2271,382.6626
682.8028,256.2687
543.0491,160.8294
135.098,315.7715
484.7802,366.1552
794.3334,517.9028
701.3201,478.1373
525.254,557.4917
579.8486,318.9796
503.9391,325.5352
186.3334,133.5799
248.2373,484.1509
647.2712,328.2729
380.0761,276.3967
416.9077,420.7916
262.9191,278.5291
171.9615,460.9796
626.2021,310.1518
584.564,191.1486
436.7834,133.7312
663.989,131.2946
289.8392,264.8182
461.9461,74.7993
276.3036,153.1493
346.0982,167.1604
534.2826,196.2388
626.9893,331.7567
345.4808,454.1812
792.0558,318.6998
708.2318,385.9724
105.574,426.2754
210.2666,475.8543
353.1046,363.4501
675.6607,99.3985
729.969,156.9042
145.5869,559.266
592.9415,263.7915
596.3721,197.3317
328.1555,325.1741
688.999,115.7437
217.7576,380.2731
746.6684,525.4092
526.0287,555.9874
613.6722,136.8812
266.5923,401.9212
637.562,390.2414
404.6873,390.1951
382.038,169.2924
309.6117,216.5621
370.6966,197.7524
742.591,522.6548
779.9153,220.7511
651.1089,149.283
