328,5324 145,1542
342,8214 267,0578
329,1497 249,4523
319,2686 206,1234
336,398 252,6674
321,0618 192,2033
347,5918 184,4487
327,2483 188,5558
324,9446 205,5933
352,6893 180,0251
324,6438 229,6055
316,2955 218,838
314,7023 210,2951
320,0168 212,0486
305,7711 232,1071
387,6828 232,5882
289,3569 447,5578
279,7686 411,2838
362,7345 303,5915
295,2314 455,2653
363,3413 308,5037
271,0949 394,3602
282,4872 415,99
307,7142 303,2442
275,1316 336,7812
254,8441 386,2131
341,7078 291,1153
324,3344 310,1182
265,9714 369,4029
254,7144 361,2748
302,6825 447,9604
272,295 362,5769
510,7155 520,6118
514,6891 519,7945
496,3309 530,855
518,0158 543,3101
563,9514 472,7465
651,2454 477,6504
607,7282 468,6137
537,5303 482,9952
632,819 473,6931
513,2614 515,5154
535,3278 493,5613
526,8097 506,7449
655,5615 475,8334
546,4524 487,2961
571,3207 571,5745
498,401 539,8065
577,5214 257,6191
503,9527 229,0576
550,9928 223,9347
576,2001 230,7319
540,5567 220,6367
470,9921 261,02
573,0993 240,4627
580,3904 320,334
580,294 301,1165
510,8787 220,4416
583,8167 250,2131
514,1779 209,0052
541,4238 209,1315
581,763 349,4828
573,1018 232,9533
662,0331 244,0113
645,5465 311,4783
644,779 232,2333
644,3528 327,2465
658,5394 236,5797
648,6786 206,6098
654,7329 211,2446
644,0345 325,8285
655,2137 270,0313
662,9352 264,0714
637,4491 238,2917
662,9697 312,9113
639,7829 238,978
451,4471 251,3316
440,6995 198,8177
459,3812 271,5421
437,8249 268,4851
442,8231 230,2039
419,8942 273,0005
431,0049 185,8727
454,7728 233,4798
456,141 298,3632
455,5037 214,7178
459,4423 205,8413
457,4351 236,9386
455,2458 226,7819
465,4766 185,6514
415,1133 221,841
419,7153 288,0701
440,1559 193,8125
416,0771 211,6183
424,2593 225,1676
480,7455 266,4585
