621,9616 441,6642
707,6086 532,0984
624,7492 552,4172
675,3062 409,3399
599,6103 488,0929
705,5364 543,799
607,7558 460,8304
612,6496 445,9282
693,1681 432,7882
710,9745 491,2317
664,508 405,5181
675,7814 423,2459
625,1643 558,7592
661,9902 559,6046
634,9926 550,1097
642,5704 564,9759
607,9466 528,8017
669,1612 566,9859
602,2707 513,3481
673,4367 409,3253
714,7441 460,4255
610,9652 476,2189
704,3037 538,6884
685,1704 555,5588
618,4398 527,027
619,9132 437,1583
691,4624 544,9927
707,3076 512,2304
714,8475 468,5129
714,381 514,3166
611,5904 505,5325
632,2515 414,6798
699,7651 546,6587
632,401 417,6215
636,6717 551,6773
680,9897 557,2956
715,1406 480,9043
633,8835 493,7978
645,3603 467,5367
698,8266 494,0816
662,6153 552,2559
669,3979 493,2528
659,6243 493,0778
640,6721 471,0949
639,8253 508,5625
649,3673 466,2572
669,0575 500,0271
646,9331 477,5722
655,5159 497,5742
669,0257 491,5605
649,8953 459,5558
658,6652 511,3744
658,3236 481,9408
673,8225 508,8815
632,2032 493,9952
654,7123 474,1052
657,0238 510,1664
661,4098 422,43
649,7787 488,9141
643,7652 488,6467
653,3291 505,2101
661,0743 422,9226
655,5041 511,4467
666,1692 457,4027
636,3056 481,9503
661,1746 536,8265
659,8574 500,8147
287,7928 434,6553
306,4636 429,7207
305,3596 432,7617
318,3659 284,6094
241,8832 396,32
335,9938 331,7188
253,3816 413,3253
335,1554 322,4275
332,2051 407,7935
287,2035 286,6443
296,943 280,8135
322,9929 414,4775
316,1673 297,6867
241,4639 332,8801
306,525 423,2494
237,8649 370,3712
261,9555 283,1111
263,6737 425,7965
302,3849 440,2922
271,5417 283,7082
271,1785 286,5512
323,1118 417,165
235,2993 343,3995
339,3819 378,8297
333,1635 400,4223
324,9787 299,3488
250,1751 308,6253
304,1106 436,7843
252,4058 312,7774
306,9213 424,7434
335,3203 413,2497
335,1608 311,5075
248,3373 301,1094
333,2067 297,7457
329,1172 414,582
255,449 291,4795
339,4396 370,2706
313,9591 366,0045
293,6339 323,191
292,1235 329,6207
269,3328 361,4305
268,9436 354,4118
303,427 331,6598
303,2739 331,2877
302,407 328,7657
298,3309 372,9348
296,848 386,1313
303,4926 338,7169
297,2756 328,7916
288,9442 390,8145
278,3031 347,1402
271,1219 358,0179
306,4016 373,3904
275,8823 357,3358
308,1695 353,3103
308,9756 364,8795
309,2528 339,1796
307,1271 344,1107
302,7041 338,3163
306,9144 351,5096
275,0461 365,5965
