432,9452 136,1867
477,4756 208,737
450,1929 228,987
422,9945 169,2847
447,9087 150,2024
462,116 156,2722
500,6437 215,6038
456,6977 210,0394
460,778 141,5016
433,0747 169,8351
481,0221 107,6174
448,8084 168,3279
448,146 159,7544
437,5206 207,6296
467,1858 184,0515
483,2008 185,7655
475,029 196,9479
475,832 165,844
417,7408 146,1302
489,7072 181,6515
473,8684 174,0795
456,8252 185,8934
461,9923 151,8239
471,6074 162,5798
472,7177 152,0626
537,9273 186,3068
418,5304 228,5104
430,6241 134,5799
480,9654 185,4689
499,1861 155,5183
436,0167 185,5828
415,6506 165,1733
451,3664 212,3631
451,4175 177,3815
451,2734 171,682
511,3688 126,2612
437,6036 158,5908
490,4817 240,7679
516,239 145,6366
456,5163 232,4346
441,9046 196,896
491,6979 184,8433
460,6192 133,9407
470,591 236,0588
469,4134 183,6583
450,0219 232,4919
470,6034 152,709
436,4311 117,1131
475,0023 205,2578
450,9957 198,28
393,379 316,9343
395,4774 329,4265
424,1757 371,5308
413,974 334,2753
454,5282 289,588
445,392 362,3009
402,5611 343,8717
438,3264 346,3204
367,5078 392,6393
467,8035 340,6973
364,296 344,0077
398,1999 352,2689
440,1278 363,6826
413,849 353,5139
404,9222 331,3351
429,5554 344,8244
437,1467 335,839
383,1541 330,3083
384,7968 360,8757
378,1712 342,7071
397,6502 346,8984
433,5622 311,9098
463,3191 320,4252
374,3742 359,4784
442,6124 339,5969
428,8729 348,697
438,3117 391,3409
402,4022 295,6965
392,2231 389,6281
434,4482 365,358
440,3944 339,7707
417,6637 363,1047
394,7336 348,779
402,0948 331,7701
486,0298 377,282
480,9997 343,2911
405,4769 293,1069
395,2792 355,3579
409,9816 359,2388
419,5417 340,5865
341,1898 343,1351
387,3506 320,2046
515,2151 318,2554
428,5783 339,5519
438,5561 346,7726
464,3354 372,9815
422,1876 294,7593
470,4756 347,2722
437,0845 324,6891
413,6165 298,9582
404,6759 447,313
395,2881 472,5697
305,9241 411,9336
351,292 418,196
341,0762 487,3388
362,601 469,7413
344,4213 437,0772
418,9294 467,5819
387,0885 471,3319
430,8612 464,1538
342,4661 444,442
351,7334 526,7555
282,5672 479,3253
387,2663 442,0769
318,0647 399,2607
338,7437 458,0771
346,2708 417,2439
395,7167 415,1164
371,2554 465,5766
365,9742 482,0197
353,5709 467,8542
310,8013 443,2654
344,5336 497,1812
441,925 411,2599
324,9639 449,6077
427,1759 451,9291
390,7627 433,4177
382,1403 457,3481
324,2941 496,2392
356,6943 473,0264
379,6824 457,9158
407,3794 483,6181
358,6042 511,5691
379,5835 471,5413
377,9418 390,3674
286,4186 445,9377
325,0964 457,7142
363,865 400,8505
363,3274 430,0269
360,9481 428,6039
351,2082 439,736
332,5962 435,9841
371,4645 407,8636
352,1693 429,7588
411,6551 406,3107
332,1157 447,0886
360,949 440,3816
401,9833 418,5932
385,8156 474,12
393,5532 432,5493
