487,6926 553,4537
546,525 447,3691
539,5665 438,8605
549,5262 503,7911
449,7283 519,4312
451,0559 491,1449
442,13 511,4034
539,1033 503,3658
517,4924 542,8289
533,3067 405,6226
445,6038 503,8807
546,384 474,5045
515,7228 546,993
538,3149 511,6646
531,4001 532,7425
497,8639 410,5506
479,4436 562,5953
530,8377 503,5457
453,1878 418,0934
443,6211 511,2024
541,1291 469,9516
506,7429 544,8763
541,61 499,7842
471,8099 427,8126
455,9059 461,6106
436,1607 489,5518
445,0586 541,6234
542,4476 405,1379
448,7774 521,7781
530,523 499,0134
551,1493 539,6051
464,8415 433,7025
488,9163 558,7826
545,016 487,8236
449,9216 423,2825
452,0424 423,8204
514,1346 544,949
448,2724 409,0121
524,0766 551,8189
473,771 427,1512
529,8177 509,4144
531,3969 556,7859
520,6319 555,1118
544,1217 499,7898
479,2206 557,5776
450,6241 459,3355
550,6148 530,3364
498,3878 433,2316
505,5816 415,2719
437,0494 547,492
523,7192 557,4403
444,264 490,5659
445,9408 406,8495
449,1125 439,1407
534,192 555,9127
478,1014 560,5417
441,6477 436,3592
504,8572 408,5246
460,8433 428,2288
468,7306 405,0219
486,1656 538,0398
531,7703 462,9648
528,5544 491,3911
432,0409 447,9781
453,1904 501,6988
432,3886 558,1791
535,3876 413,1023
481,304 428,8806
523,3297 537,0539
470,3673 545,649
544,312 539,8268
432,9716 487,8712
470,0754 560,9154
459,6673 417,5275
438,9433 445,1046
479,0087 563,274
450,9387 557,7169
461,6155 419,027
540,685 430,0813
447,2702 456,2191
485,565 424,7779
551,2141 532,8109
510,0894 548,5265
522,317 422,51
449,7323 536,8252
432,9787 550,403
530,079 416,3544
459,6438 406,2489
445,2073 496,9575
440,6693 536,0188
545,6663 538,0771
445,774 539,6767
513,3335 406,3587
536,8538 454,8383
444,5497 466,7622
441,6517 562,2047
544,4299 521,4846
468,8596 559,5257
457,9593 561,2964
439,0766 479,8924
686,0928 368,3649
744,2442 467,1332
755,1435 404,7018
769,4666 411,7098
767,2497 478,7765
736,7213 471,8999
700,1401 478,2347
652,8123 438,3418
677,5445 364,0441
646,9322 480,9847
680,1628 363,111
696,1297 484,2864
699,1545 483,9502
645,7735 468,8263
645,449 490,2541
702,3934 366,1529
653,4573 403,1169
648,9295 382,8114
699,3748 490,2313
769,8459 371,4668
761,7715 422,0515
673,9311 493,62
700,8994 479,5658
766,0198 425,6926
721,5474 381,431
655,1392 482,3416
651,8532 394,3667
712,7463 469,9165
666,2373 481,2022
647,4469 364,2604
764,5252 412,7227
679,7901 377,3111
709,2654 382,2465
697,0807 363,1569
662,5645 463,6104
638,7514 363,8
691,0159 488,6239
755,5628 416,8479
644,3369 491,1605
664,3254 378,3268
654,2618 376,6104
644,9412 439,3303
747,0686 489,072
642,2915 452,8539
704,3695 489,3009
659,8117 432,8355
697,7044 483,0722
694,9106 476,7851
730,3905 382,9851
761,9091 376,1572
664,5314 371,6444
676,7376 370,6662
720,7443 370,9034
650,4102 419,5764
697,2599 475,8914
708,4667 480,5476
755,6083 381,7861
679,9554 469,2703
664,0254 424,2087
755,8668 395,4748
722,0935 474,0141
656,1997 397,0917
720,7986 479,6404
655,1921 424,9196
653,2043 490,2015
736,1842 491,7809
762,0713 393,0417
769,408 410,7999
712,1524 492,3139
766,4433 449,5381
671,1706 472,8289
769,3172 473,2645
655,3031 368,6633
658,539 422,9198
755,7019 442,3362
755,9169 364,0696
638,9835 451,4068
748,0571 440,6275
683,6338 474,7154
655,8134 493,467
754,2277 441,7873
751,7403 395,7209
749,4607 454,348
647,3783 443,9214
640,5195 472,3241
657,4298 431,0001
643,5475 492,7652
654,4906 479,3016
708,0572 379,4493
719,842 488,8435
649,594 387,8111
757,0685 463,8286
652,9427 422,8291
644,4686 401,0182
766,7825 430,4924
660,7631 406,4805
649,7861 394,9176
683,8366 371,1463
761,2405 401,8153
651,2368 431,3794
