314,1732 179,8965
312,7422 186,0796
212,6025 148,6306
325,0532 236,9069
313,4841 241,0347
342,175 237,3195
211,5867 146,488
331,7496 196,9962
199,7013 158,027
326,0273 204,2831
204,6289 144,9713
318,7034 171,1032
342,1331 217,3289
296,5739 158,9502
231,4807 127,4283
179,2307 162,2957
326,3023 188,3857
187,3018 176,4729
298,4929 148,1626
289,2682 148,1317
266,6992 125,98
290,2424 134,115
335,5245 220,0653
178,7588 148,8266
181,1243 157,3622
191,6574 150,6307
320,0082 233,5916
170,9561 178,7199
228,7749 133,1798
336,3388 203,2721
235,4731 124,8402
309,6007 187,6076
290,0869 143,4305
174,8879 153,9372
290,6217 150,1819
341,2266 221,2612
238,0898 140,2025
309,4962 151,6438
227,5256 138,3077
272,6593 123,9378
236,8558 143,0638
178,718 172,8495
325,3515 164,845
180,4178 150,6176
242,2012 143,1315
327,912 158,6467
263,5874 135,0271
320,9292 215,6252
309,5884 160,5336
297,362 159,3609
195,8987 178,197
338,1509 190,9801
292,5205 134,149
307,7815 190,0241
181,4565 170,7079
229,2795 142,4494
183,8752 175,4004
193,4058 177,5782
319,8544 168,2072
314,2199 201,6879
331,2865 157,0468
321,0446 224,7741
332,5507 193,2364
338,9344 230,6975
220,9178 139,9852
294,8967 145,5824
326,8198 236,2588
317,7281 209,9109
323,8316 153,5672
257,3028 127,3058
313,8895 224,4067
327,2594 213,8268
199,972 165,6343
319,2577 166,9883
297,9819 133,9443
317,063 212,5144
253,2943 125,6465
179,1423 171,3663
257,4073 143,1457
277,9059 136,2325
183,1849 180,6414
204,4108 142,702
176,3539 161,6898
248,3966 124,4529
263,3067 123,3427
272,9741 142,814
220,24 146,5804
215,9811 145,6356
232,3726 144,4182
191,2703 178,9886
299,4952 133,985
285,8567 140,7598
324,4602 215,7211
327,7131 241,0592
315,9075 188,9375
287,2526 132,5211
334,6142 196,9773
213,6745 145,9744
319,9783 169,54
313,7457 154,8835
222,6765 135,3869
339,1034 221,0424
179,1387 161,564
330,7591 226,1423
283,1759 150,1619
252,1032 130,6638
320,5131 143,4761
309,1233 171,9238
189,7366 174,5122
330,0857 204,4408
237,7187 139,7062
336,4586 227,8524
327,8479 212,1015
333,6197 158,9249
329,646 152,2389
327,4764 228,9691
265,7824 135,3996
302,8285 133,4455
203,5901 147,0092
310,2361 154,6935
191,1844 152,2544
319,6962 178,1669
329,0202 231,4091
313,7724 237,3343
171,1002 173,9716
276,0168 133,8264
195,2517 163,1637
334,6271 225,9169
325,1962 186,177
257,4867 133,0263
269,0151 133,8152
185,4961 170,2872
232,7306 130,2952
323,1703 159,6124
340,8987 199,1385
300,5855 157,3226
174,8952 174,6646
200,0599 162,0051
300,4425 155,502
340,1281 236,6523
312,9389 233,5984
337,3407 166,6016
191,9063 145,9121
315,5371 148,129
270,0866 124,3181
334,8922 198,2448
337,13 232,4124
278,3388 149,2212
263,5161 143,8239
341,0674 179,2038
315,6856 192,2042
330,2005 240,1107
237,3174 123,7224
198,3672 160,8952
339,3187 181,9192
307,7834 218,2541
179,2937 164,0868
192,7204 143,381
336,2837 238,9043
334,277 202,3692
192,5054 158,1574
252,9345 145,1122
214,8123 147,55
326,344 199,9412
331,3762 167,7639
278,939 125,033
327,2047 171,5604
244,4245 142,554
259,0235 129,0595
301,7711 133,1187
317,2568 225,4375
288,6857 153,7081
252,8083 131,647
334,6058 215,3631
284,9135 149,7908
226,9501 142,3301
285,8907 137,5722
319,7258 230,9154
275,2769 140,9572
202,0621 141,3386
339,744 173,3804
198,8766 150,8414
215,9204 147,7902
259,6186 142,9148
230,8447 132,8563
320,8308 223,8029
259,7671 145,7934
320,0748 169,8463
316,2357 174,2039
307,9683 190,6261
189,791 170,5571
191,8492 146,4857
248,1694 145,3432
306,4617 134,6059
217,0254 134,0253
326,1489 221,0853
337,952 198,7727
290,9023 128,4014
319,2549 150,9307
332,0732 189,1376
193,171 148,8148
281,6863 130,0241
296,2446 138,4078
239,5367 141,7667
205,3503 136,3918
317,6831 161,5543
332,079 212,8812
170,9491 180,9002
335,1806 166,8231
215,8984 140,3382
276,0447 136,9334
177,2005 164,7026
178,3926 180,2685
335,7805 178,5488
333,3217 234,5529
224,9031 138,7072
323,2087 195,2489
250,4806 140,8645
333,8343 241,3335
222,0465 138,3346
290,4676 151,8989
193,7247 165,5995
199,6831 165,2489
320,1388 152,5739
203,8724 138,5955
327,4538 177,0341
321,9689 192,0506
286,8057 139,9477
319,5963 214,0186
176,9215 177,4836
323,1499 227,4569
181,419 169,6873
171,5638 180,3452
326,3028 183,5761
232,7463 124,5605
257,6316 127,7052
316,552 199,2608
306,7716 169,2605
194,034 168,3723
282,2483 146,3196
312,8966 160,4647
222,3539 138,7558
319,9715 216,1591
192,6842 142,5275
308,251 182,8613
166,4136 170,1701
280,1219 136,6207
328,2162 157,9152
317,4866 234,5463
183,4725 162,8083
333,1739 165,5133
206,4564 132,185
264,029 145,6435
225,5751 131,69
282,2953 142,3582
307,0616 182,851
338,4217 214,95
197,7177 174,7175
188,7033 178,7349
314,2091 230,0764
280,1282 132,5153
294,0491 153,4983
338,4798 196,8913
183,2531 156,1793
311,5648 156,2709
295,6541 130,3982
226,7554 148,1901
340,337 240,9789
327,204 214,3655
190,4555 157,0257
215,1656 144,8836
325,7819 168,1544
308,0968 154,6509
172,0634 179,0044
166,7104 178,8942
326,9516 185,1302
302,5467 135,9787
241,4668 145,5801
322,7927 187,4444
187,4451 144,4431
217,2172 130,5581
203,6188 155,9832
321,276 212,8136
241,0298 132,4643
232,1071 143,4822
225,816 136,8481
328,3418 213,244
235,5075 131,9572
279,2208 136,923
200,4702 163,5962
339,8548 176,2333
182,117 150,9352
239,7004 145,4416
301,7665 158,7311
284,1392 128,664
322,1121 150,2454
220,6009 137,7958
323,3029 182,6162
230,7859 133,5503
249,7541 129,4943
456,7003 162,9665
436,2497 135,7446
451,7511 162,8692
426,8111 155,1157
418,8532 196,0001
364,122 190,1786
380,7619 211,6721
435,8151 194,3957
431,2644 139,8503
392,828 129,8461
420,5817 177,6578
471,046 192,3366
480,9732 159,7747
470,4341 190,3148
437,3679 195,6134
362,8967 164,4523
368,4033 165,3081
402,1011 166,991
416,3272 207,4574
429,6224 172,6653
466,3268 188,931
412,5871 137,0011
436,1973 155,2013
457,2659 139,5277
386,4109 145,5016
370,8309 167,1709
451,4989 153,4713
409,3218 196,9166
465,2904 140,2832
402,3796 154,7678
380,6791 196,9314
353,1288 158,0499
355,5975 192,546
454,3334 141,8814
414,663 189,512
379,4014 152,0976
431,99 179,412
383,7314 209,7873
454,7613 162,3709
467,2424 195,5539
375,5885 140,4805
396,1959 214,6445
441,3305 137,5622
377,2599 206,2997
472,3335 185,5045
427,2943 208,9199
420,5905 174,5239
415,7634 133,4799
391,3643 158,1201
383,9905 138,7151
365,1875 193,898
352,8833 163,496
394,8701 128,9342
453,3464 204,9539
355,8864 188,8466
427,5689 214,1686
396,9047 144,6817
405,8093 198,0228
429,7762 162,4479
392,8762 129,5536
436,7139 182,4331
355,0765 180,6917
465,4983 145,0314
363,3891 170,4248
450,3427 192,0294
380,7758 176,8584
384,5246 187,1762
362,3272 158,4854
426,924 181,9486
418,5308 205,7744
358,3179 178,2006
458,0679 136,9761
403,3318 175,5595
474,6016 189,6615
384,4352 142,539
452,0984 185,6484
401,1425 130,4656
407,4074 128,7116
462,1018 187,3783
406,475 146,6663
429,4539 186,5339
446,2103 180,364
347,9149 176,7101
450,1965 212,0109
430,4402 150,7411
394,0696 216,5705
440,1701 154,6241
354,7092 163,7767
451,5861 212,7473
381,4492 169,1348
374,4431 144,6451
370,5969 209,3253
361,7049 155,5228
439,5876 151,6888
379,7044 187,8082
386,6488 165,5741
367,259 169,7979
459,384 172,3244
378,0777 170,7326
413,3458 151,1681
387,182 171,438
474,7183 154,4044
411,4471 197,9505
438,3477 177,1703
410,8287 173,5601
408,4193 155,665
450,2833 192,9568
445,8845 162,9211
395,83 203,3018
430,1181 189,6742
433,822 193,6596
367,2548 187,3268
434,5274 198,0405
392,8328 146,6035
379,9755 182,3509
462,8261 151,585
381,2988 203,0507
428,2943 160,9851
362,9565 152,2317
385,6795 191,1801
447,9356 132,9027
443,4795 137,7602
457,9336 199,2186
432,4981 190,9076
413,5452 150,7392
380,1457 137,4811
399,0306 137,1007
479,3756 176,6849
368,7618 153,6957
456,1765 150,2125
369,1282 176,5322
411,7389 129,336
454,5438 159,7281
385,3506 143,8486
387,4574 208,4694
377,8854 154,0571
448,981 189,7296
465,9062 191,6216
412,5381 166,2554
431,7079 211,8297
408,7428 144,6906
415,3007 145,9868
418,3098 136,5024
413,8849 158,4457
384,6917 168,8705
449,209 130,7488
420,7048 196,612
431,2798 212,6137
429,0633 217,8958
477,8414 190,7742
436,742 191,0671
435,3048 157,5574
448,9316 165,122
438,0321 213,0931
435,0814 197,6562
381,875 167,6192
466,309 204,5514
386,4368 208,5654
425,9476 157,6233
380,3484 156,4553
438,6638 135,6762
404,583 201,0967
411,0563 187,6686
362,2551 146,5168
461,6223 177,1587
442,7722 203,8038
396,3036 178,8291
384,2459 141,3468
461,2097 143,1902
384,69 165,3414
401,9002 127,6105
401,7054 220,3909
375,2344 187,8382
426,301 212,9721
439,6109 168,1019
418,9168 150,2944
400,1269 127,4548
400,4982 179,1323
383,3861 146,2839
448,2014 177,3074
413,1319 199,2531
375,606 171,6954
481,9595 186,5458
442,5712 173,0693
399,0798 209,454
413,7574 142,2309
384,8965 210,4631
421,4997 202,9889
395,5272 129,6266
361,5196 161,8716
394,9146 208,9331
429,2211 215,6082
418,2619 189,2308
384,8804 192,4864
395,533 153,2105
402,3598 185,8312
478,8178 171,5318
353,451 184,9404
384,4254 199,8913
431,8696 134,2389
426,5375 217,7547
470,9919 166,1913
390,4182 203,9351
421,4401 154,0026
435,914 178,5848
371,8142 192,9212
455,4264 198,7788
410,1326 212,7109
385,1569 169,1843
442,9635 199,2877
416,7958 140,8175
426,8943 130,9143
363,0602 204,4424
464,0422 163,1622
477,8271 194,9598
426,3211 135,8855
439,9075 198,0269
426,6604 207,9973
409,306 139,1227
411,3211 128,5276
450,3481 189,3016
409,3099 138,6352
469,1651 143,1831
413,1712 165,1112
416,7416 128,5416
359,4146 192,4747
425,1476 197,1994
421,8536 139,4545
386,3252 180,4347
446,3846 206,9813
437,6911 128,4559
347,8543 185,3687
462,5617 160,0574
427,8348 164,6042
437,0708 162,4205
356,0877 176,9949
406,7176 156,1276
390,8445 187,5447
463,4317 195,7567
436,3097 190,5469
419,8143 163,9478
371,3685 137,206
371,9533 177,8084
409,2825 143,5836
421,0287 155,7545
404,9404 157,2974
425,9133 182,4117
424,2957 144,9287
370,7672 169,3936
411,907 140,3127
417,9949 164,3785
370,5402 208,7079
423,7647 151,2261
349,5694 160,6803
424,9435 189,1187
433,5234 142,9501
446,4137 173,3039
468,1621 196,5058
458,2498 170,1326
372,8405 166,4058
421,1242 157,4044
482,6284 162,5462
426,7287 159,4568
418,3255 172,1144
365,6676 156,3296
447,5682 167,9667
363,8748 199,4203
372,8717 149,9286
441,431 141,6145
364,9743 169,6669
402,6071 162,5599
450,1339 174,9232
394,5839 158,9509
436,8506 168,2288
449,9353 204,8583
466,1442 173,1877
355,2564 168,6161
421,6795 125,8269
378,4911 191,1383
456,668 153,8762
392,9707 140,2418
361,9469 161,0032
453,2092 140,2658
357,0899 175,0633
381,3707 153,6564
466,6227 153,0747
391,5971 142,9773
406,3642 153,5195
359,756 187,4081
411,1052 147,7196
407,4895 148,7105
385,6459 162,551
417,3761 142,247
368,128 149,1333
393,6296 192,3924
404,9426 185,302
486,1345 183,2128
476,2313 198,5236
422,6122 219,7838
438,725 179,4745
163,884 196,7177
152,6576 272,8841
139,8446 224,0957
161,5533 242,9252
124,8681 275,9761
166,2359 269,4648
167,7657 276,467
160,9964 226,817
139,7033 142,6161
125,3184 259,9284
125,2927 159,8013
150,4364 209,9651
154,2172 260,6455
133,8645 140,4777
145,3658 178,4979
164,9812 206,1666
142,8523 129,5472
165,9665 286,6074
124,3094 217,4759
161,891 180,0878
152,5662 205,0718
158,5231 150,7181
122,1818 152,4596
149,0623 200,1225
135,2685 126,9066
123,0161 225,0877
144,576 266,8737
132,791 196,7282
165,5901 273,8175
148,6547 131,0494
139,8982 210,7625
139,429 132,3035
142,4121 282,4738
137,52 129,529
131,6627 131,5821
164,8736 182,8361
155,2915 264,2141
122,0001 226,2264
142,5121 212,8999
152,1218 164,0887
136,0281 243,582
127,9703 127,2649
160,2668 170,5496
162,1056 191,2883
156,882 214,9691
160,8277 270,3342
163,6793 208,8089
143,8051 268,0291
157,9492 145,7552
141,3209 184,3489
123,5413 212,5336
149,32 210,6292
159,8179 187,2231
153,8069 192,1651
122,9628 233,7983
161,9583 282,4006
154,0598 217,088
132,0389 288,0612
146,8368 235,7587
123,1952 272,0578
148,2123 158,4911
162,657 142,7519
132,4827 199,2067
163,0258 263,0365
129,9992 256,3363
146,034 168,0506
137,6757 182,2464
157,7051 225,6376
152,2582 266,19
138,0843 242,7632
150,8018 170,6859
155,4743 122,7521
127,8728 132,256
138,653 205,8563
141,2112 201,3893
137,6331 196,4034
126,5548 254,2004
159,673 239,7896
153,0021 180,733
161,7229 220,5432
148,1286 214,0156
144,0727 286,1761
130,7265 269,5061
157,1503 135,5907
126,3839 131,1584
162,1631 239,5848
128,2129 248,4179
168,4015 212,8616
161,3746 273,8035
133,7059 165,0893
152,2108 234,8493
132,4901 208,5491
141,4814 120,9898
130,1535 148,2859
142,0674 191,3286
155,9821 193,9639
127,052 253,6973
152,7965 174,6248
163,7411 169,0331
127,3652 214,804
164,6256 224,32
142,1466 157,749
162,9389 277,4286
125,1428 169,1287
125,9187 205,3512
149,0315 222,0624
138,4182 237,1357
164,5739 163,234
125,32 169,5135
145,3617 212,1817
135,9076 165,6291
141,2432 284,4148
166,463 272,6948
126,4563 282,971
125,0703 171,7272
138,0484 239,7335
164,1009 182,8628
133,3252 120,9018
133,162 202,3384
133,816 167,186
165,6686 164,5453
131,1959 119,3137
145,8694 172,6133
145,0168 164,8683
134,9553 221,3528
151,6066 281,4572
166,3156 281,1158
158,3925 211,3605
138,1573 141,9294
151,3933 139,3679
163,4312 221,297
123,0854 128,0726
127,8077 172,0706
146,9777 153,2807
136,1291 262,8951
155,4036 195,0141
147,1678 278,4354
122,2526 227,6573
129,7054 183,3511
146,9221 264,2729
137,2781 222,5862
122,0388 259,481
162,4095 251,6569
129,7424 174,4066
148,6648 134,5942
129,0312 224,6097
144,5652 131,8954
168,1737 216,5132
158,3918 194,9969
129,8592 201,9466
131,8203 131,7281
147,9527 234,5855
166,2249 251,3466
132,8712 250,5462
153,7881 168,0711
124,9362 281,1127
162,6026 219,4022
149,2521 165,4798
155,583 189,3772
126,46 119,2735
135,0692 122,193
162,7646 249,9397
165,9016 245,2905
135,6774 132,307
138,9658 259,2242
139,8401 269,6842
154,3663 242,0794
143,5768 190,4977
156,1126 216,0247
157,1953 217,3294
164,0144 236,4516
150,1097 120,0379
169,0125 134,7561
154,983 129,1019
146,8216 169,2621
131,2116 272,2365
149,6725 181,8076
128,1513 131,82
150,1239 286,0599
139,0729 238,6002
128,6325 171,7712
164,2498 265,4986
168,2969 290,2644
144,4007 153,0675
167,5398 181,1135
164,1622 136,7833
135,6583 193,8825
130,0475 267,1101
132,7395 249,735
145,3426 127,2888
126,968 188,1477
147,951 249,0416
128,69 147,1832
132,358 221,0358
154,4412 218,3339
157,0193 152,3271
143,8834 195,874
169,9423 291,1423
159,2286 156,7824
132,2863 161,0468
147,5689 247,0139
125,6072 177,4985
162,0788 157,2895
138,2141 237,7549
167,801 165,0276
135,814 260,5372
165,9563 216,9412
164,7603 206,8005
132,0371 265,5728
135,0243 254,184
151,8373 163,0834
128,8972 131,5101
165,936 251,4
160,1404 167,8669
158,8182 228,5606
164,6024 286,5736
169,7841 287,4351
163,3692 143,9445
134,7686 120,6818
138,0988 235,115
138,3631 177,8925
122,3144 125,488
153,097 206,2049
156,2629 166,1406
151,6269 179,3266
132,9387 198,5241
125,4953 184,3146
136,0573 210,8703
127,7971 250,6695
146,1967 150,5138
153,273 245,9241
157,1891 140,2992
142,3448 254,2734
145,202 284,0388
130,9596 130,8448
141,1445 237,7518
157,5957 179,5537
147,5204 222,4259
135,7638 288,3895
152,5367 272,7144
131,1704 263,9365
159,2421 145,9228
132,3657 174,1827
143,5256 203,6032
155,9053 132,2851
166,3584 280,9553
131,6835 215,5094
145,0637 159,2159
150,0467 256,1076
152,8887 119,2796
140,4291 132,4257
160,7639 259,9018
127,9326 253,1659
129,6927 290,2439
128,0846 208,2356
122,0377 170,3648
161,2059 203,5913
138,4778 173,7326
148,8417 258,8482
152,1878 122,7567
125,4496 155,315
134,7142 129,3215
125,6302 147,6635
150,8315 188,7244
152,7284 285,0606
150,9193 129,3013
150,1083 288,1226
167,212 161,7362
151,8072 264,5558
159,4178 200,7314
129,3352 283,0051
136,9808 193,2381
142,3671 279,2801
128,7659 131,56
160,2016 177,328
157,2367 209,9605
149,0342 143,9096
128,9343 227,8814
155,1841 188,2136
162,7529 229,3537
160,9205 139,806
132,3292 154,6032
140,4003 193,5322
130,7294 162,011
155,2892 198,7047
122,8192 240,9191
148,9256 173,3506
128,4149 169,7641
144,254 269,2771
127,4976 217,57
154,2884 193,257
163,303 123,779
140,5134 202,7693
154,3496 143,7104
165,0008 170,6192
140,3414 169,217
164,4229 275,4329
134,2086 263,2404
130,267 269,0667
135,1303 255,5966
512,7632 300,3084
457,1875 314,3499
498,7614 325,5422
475,8725 287,9297
489,7746 277,8147
520,4903 315,3214
478,3495 321,3429
487,6708 252,3105
429,9789 274,067
495,9587 298,3956
470,7907 241,4844
489,4346 317,6294
426,1025 292,9174
549,1109 280,8178
453,237 277,5473
497,8342 322,0378
477,5841 247,6836
503,8292 302,0291
455,0506 282,6343
536,4972 309,9558
501,7264 314,5857
489,7745 273,9525
465,3679 252,7996
510,6855 267,6439
471,8085 304,0275
516,0179 267,0638
549,8851 294,6667
460,73 289,3338
529,2164 274,1508
549,8795 284,5007
519,763 255,6668
522,8481 284,0419
527,2771 315,9777
463,0088 277,6973
482,9222 242,3357
519,8114 306,5939
458,2782 268,8985
523,2156 251,151
478,5047 301,6239
498,9668 307,9227
518,2611 255,258
510,2506 270,2301
474,7693 288,6954
512,0611 316,165
496,0985 320,6471
478,24 322,7929
502,5242 311,8005
439,119 269,3203
452,2058 291,0738
454,5384 250,3812
527,499 321,7173
488,3722 261,4384
522,5663 249,4334
514,0575 242,3979
466,0271 264,8892
429,6477 270,4309
490,4059 285,161
464,7599 242,854
519,2245 272,3003
437,9027 298,6274
491,4988 283,1576
485,1279 314,6618
543,2951 311,7698
472,0356 283,3044
429,6069 299,1452
545,6106 305,0123
467,1951 307,3556
493,471 251,0991
463,8523 255,4975
533,4359 321,0858
502,5687 281,4403
530,0555 301,4552
551,9584 274,749
537,3629 281,0539
481,8082 276,1653
539,619 285,6979
541,8769 255,5777
442,0545 317,9673
464,675 286,9114
477,8493 324,9709
484,3556 310,5922
459,3557 312,9725
487,1558 241,2527
512,8644 328,5796
475,2216 314,3058
529,9936 323,8594
460,095 309,4441
467,2404 243,0895
459,3367 247,2032
523,0598 263,6509
480,5797 307,1594
514,0332 285,2233
454,4026 254,4791
458,0822 288,3454
438,422 302,6645
462,96 300,3844
518,2921 325,3293
472,4752 312,2222
512,9309 246,9346
509,2946 291,8129
471,6307 259,256
471,6468 304,7475
504,8851 319,0283
506,2938 301,6472
460,9754 326,4137
427,701 275,529
502,2397 276,0817
434,9722 296,0519
450,6375 305,1585
555,8745 288,3632
471,1482 268,2027
454,9795 301,9651
519,3438 269,6078
444,5562 299,0667
505,1813 267,8846
454,2832 288,3712
499,0322 257,0999
543,8091 302,9155
555,3743 291,9785
528,2668 265,628
469,7261 259,8052
522,7149 309,0111
439,4446 269,1164
551,1488 279,2011
475,7037 277,7749
506,9223 325,3782
503,5253 297,2181
520,7249 306,6466
512,4727 323,963
547,6553 291,2807
543,922 282,9758
533,3353 297,4308
540,9691 289,4697
536,3048 265,5212
470,2767 324,5325
493,8026 275,3145
502,7415 319,6447
533,016 284,5248
538,1022 255,9459
446,9524 279,3593
498,0453 283,2281
457,183 304,2857
514,3713 327,223
555,3374 286,4067
528,9588 307,4055
473,0618 293,9615
528,5592 294,9848
441,8533 265,8926
525,6968 324,4773
445,5035 260,8106
461,1726 283,7105
552,8258 278,5183
428,608 277,6253
498,1131 289,9028
543,6815 275,2248
468,9479 304,6609
449,6875 289,2915
524,2892 298,6082
528,5222 301,8047
493,5949 256,5972
461,9622 327,3134
468,7472 286,9321
540,7631 273,6089
546,7303 295,3774
489,9025 306,9209
541,5046 296,8747
467,4096 289,0818
454,6019 325,1996
547,5583 308,3768
499,4821 267,9445
460,9367 284,8203
503,9087 288,5547
485,4781 250,489
460,931 267,0957
545,8296 294,2275
526,2748 279,3223
460,8646 261,118
448,4208 250,8751
435,0622 264,4824
516,8325 306,7431
487,5372 260,1007
443,3649 298,1609
480,7789 251,6944
517,8981 269,4739
448,7489 317,7192
483,6983 258,004
452,4692 323,3835
454,4964 295,6589
533,2156 276,4485
470,3297 320,0376
443,0027 316,6299
546,6804 270,2782
428,2394 276,1235
469,0847 321,6444
437,35 308,0834
463,0282 298,7086
430,8428 267,3381
484,2173 288,5987
465,0531 259,3801
458,0738 320,7955
497,2829 251,4082
540,6827 308,3268
512,071 301,4051
426,2731 282,5915
495,4532 252,6604
513,6345 272,7696
463,7289 269,9372
533,1263 297,5651
482,1566 244,5462
507,7176 273,6008
544,2961 266,6443
489,3854 273,5815
517,0582 326,8355
507,9979 312,8294
535,2403 252,1616
502,0124 248,6395
518,8012 289,0217
525,7171 277,7832
445,8123 303,5403
483,6558 326,1209
466,1555 286,3755
468,7203 253,573
533,1047 265,5493
442,4181 257,1737
527,843 278,3104
535,884 264,1633
508,1852 250,285
479,8043 303,4538
546,6744 274,2728
528,0166 256,8428
437,8186 294,1423
538,1476 300,5691
539,9611 264,8605
497,5311 330,3725
535,5257 309,5153
537,5687 307,6547
524,3771 293,01
469,8563 258,6132
547,5884 302,6484
544,7165 310,9338
478,3493 291,6395
490,7764 313,3323
505,1085 297,4236
518,0027 265,9437
503,715 294,3332
456,0961 305,3755
500,8784 282,6743
481,4972 243,7681
491,654 238,1985
460,8082 309,1051
516,424 321,9245
464,0689 275,8058
437,8952 307,1757
459,2555 289,4195
449,8537 261,7326
529,5263 284,7552
546,1165 261,428
497,9599 289,232
500,1521 261,2512
444,8912 284,0602
441,8175 264,2282
506,9709 315,3577
517,6764 323,4539
533,1412 284,82
505,5748 242,8841
446,1939 313,191
508,3327 316,5827
521,7837 322,7101
523,0944 317,0342
454,8712 287,0907
471,9354 301,6878
528,7381 289,0729
469,5246 272,5015
441,7366 292,8088
439,4487 265,9006
511,7053 256,6427
464,6424 311,843
523,7335 266,4591
464,7372 317,6225
432,0605 285,9439
542,4026 282,7992
454,3339 246,9658
520,9053 285,7268
476,8281 323,4655
449,8032 299,3845
480,4807 311,5115
448,9206 273,1683
447,5347 252,4764
546,3365 288,321
445,0563 260,9545
479,375 306,0649
460,2157 294,4243
490,0548 268,9099
458,8065 274,9237
433,3137 280,3755
511,4294 303,0407
474,2858 253,4592
524,3637 305,7164
507,0274 301,6742
486,7157 258,6753
175,5821 371,2171
170,1796 437,5232
154,7083 466,2496
161,4848 387,9563
171,1608 374,2674
133,7214 337,775
165,4563 345,8608
143,1365 307,1397
139,9603 329,3856
145,7804 385,5902
141,4467 380,7917
152,0546 445,7091
137,248 420,5398
173,9968 363,198
171,1378 305,6023
146,9166 346,5761
130,5656 428,8254
153,8464 310,3387
167,5267 417,9633
166,953 343,0285
132,4026 407,8426
164,0133 376,472
146,6989 439,6369
153,4694 334,5053
171,0053 384,9489
164,4729 336,6472
137,6961 425,224
172,6636 297,2242
177,0388 298,6685
161,0097 460,3703
143,8363 465,3562
168,7121 360,7119
143,4793 462,5503
175,2582 351,475
174,2451 397,4265
171,7219 470,4098
152,5469 397,9551
163,787 339,1136
139,354 407,1521
137,8463 424,5813
161,7142 365,0672
144,6303 334,8491
156,2168 308,0466
156,6742 321,149
168,186 381,4688
173,562 407,2096
168,3589 453,4767
165,4836 339,5601
161,7026 338,4996
146,4483 382,8832
146,6522 321,6521
145,4507 355,1543
163,1075 295,3858
133,094 430,374
165,7176 378,459
150,0099 425,4271
130,601 414,7455
169,3656 440,1105
155,4588 453,0844
169,0102 357,3167
162,3203 326,8424
166,1999 373,2529
167,0812 433,0128
153,5343 346,7314
154,1761 323,5563
140,6613 325,0213
130,2971 422,9152
131,3677 329,7392
140,6278 391,6749
144,3546 454,3938
154,2508 460,2653
159,7109 449,2067
171,2547 434,7584
157,1286 365,4112
141,3106 310,2526
156,6966 368,6914
133,3813 324,4093
168,3779 457,5445
173,2406 428,7127
134,7806 411,4562
134,5391 382,4641
159,6381 416,0792
140,986 418,1688
164,8029 457,4139
156,2214 331,0363
131,9682 298,3046
160,7742 374,3129
154,0939 434,993
165,4947 415,3812
135,3421 366,5821
142,1944 376,5472
168,1779 359,355
153,3686 344,788
144,6453 346,0503
143,6883 350,376
168,4779 410,1206
135,3892 300,7032
148,6076 349,3726
162,5839 405,6628
168,7346 385,1847
175,9228 446,7531
172,7489 393,2211
137,4171 388,1337
166,3634 400,2695
147,276 450,8502
148,7211 386,7448
167,6376 421,8089
147,4143 464,4115
174,511 328,24
147,6485 388,6216
146,3958 417,0702
154,2924 420,2447
132,7377 393,6642
157,372 447,7939
176,8704 355,4977
157,5378 301,3449
154,2673 347,5103
169,8174 428,5308
139,1011 460,6149
131,7261 448,1731
159,0687 323,4964
153,1581 456,7465
147,3308 413,888
145,8778 405,1323
166,9296 309,0024
138,0979 307,6702
151,9837 411,0402
145,3732 364,08
138,0567 465,3354
135,8173 365,2939
168,6908 366,7901
170,5888 441,8269
135,8556 386,5822
160,8589 443,0157
165,4231 431,3948
152,3658 444,6418
139,2103 336,338
174,3664 439,8314
134,7748 333,1069
141,8552 334,4215
131,7009 356,4416
137,1269 295,6341
136,255 334,4144
156,0456 323,3237
139,9831 409,0118
172,507 338,7244
138,0697 323,6393
159,4582 452,7721
153,9775 307,9718
175,9453 461,9476
156,3113 457,0854
140,8629 421,192
147,46 423,2869
135,6326 387,6198
158,9299 381,2791
154,465 424,0741
154,1183 313,2165
159,818 436,786
148,9919 413,0019
170,5222 376,2063
168,8668 410,1814
176,3734 356,6442
139,2056 378,0722
174,7527 313,6276
159,8649 466,2521
170,4745 453,5382
142,4961 430,6101
159,661 366,5474
168,0458 326,3383
176,2204 351,166
144,8435 358,2419
156,3335 396,534
157,163 326,3096
168,5338 361,0084
146,1542 458,2849
159,2113 423,0897
171,4475 357,4235
153,6775 313,3149
158,3613 353,0842
133,8552 396,4802
157,693 337,7109
170,5922 415,468
129,2598 440,7214
163,6653 456,7707
141,4326 350,7427
176,3302 439,2853
146,3294 298,6228
151,9517 346,9889
162,7194 469,9044
144,5416 446,0421
137,531 380,9772
135,6945 429,3203
161,9082 322,9661
144,2839 354,5453
137,2721 422,5576
145,0906 327,877
172,3965 429,2119
168,5015 305,9964
135,4603 416,1748
169,4521 455,0558
170,0813 306,4639
155,3962 454,9795
173,7549 409,0178
161,938 466,2971
162,6194 404,512
175,7802 356,6283
165,9096 457,9031
151,1945 302,5564
168,0353 417,8152
156,3168 460,2544
132,5703 322,2543
145,7903 380,0235
159,8315 374,0429
168,4458 379,9051
172,1837 364,0938
172,6347 452,8516
177,5665 343,6874
140,7598 328,8432
141,5673 354,0429
137,8773 414,5801
153,5759 385,2398
154,1616 377,1069
145,1076 369,0774
165,6532 422,0893
157,7703 434,1112
143,6203 463,3135
171,9575 383,6968
164,2406 363,7146
166,1733 300,3916
151,167 449,0695
144,5869 315,5743
134,0587 434,547
152,9144 300,0089
143,4715 340,3496
159,6295 458,9807
157,3462 402,7684
158,2009 441,4371
135,7299 405,455
143,7526 463,99
158,1323 457,0954
173,7459 467,0311
154,2404 309,1745
152,3279 335,8986
135,9641 393,3665
147,8068 335,3617
146,1063 304,3723
132,6421 357,076
170,0153 330,1267
154,8507 301,1821
168,5116 392,9341
177,0499 419,2238
149,6584 408,7941
140,2208 300,1953
149,6457 390,7781
136,8028 335,5503
171,5128 376,5266
172,8353 341,9578
170,5108 416,3666
170,2434 396,1452
168,9566 403,3794
160,216 310,6563
133,7117 315,7961
147,7768 369,5907
139,5674 353,7884
131,3068 372,8429
144,68 300,6551
162,9671 461,8302
150,0859 456,4859
168,9892 352,0303
169,2949 410,7102
169,6296 362,1119
158,6233 366,9755
154,9884 432,7277
155,134 335,6783
156,4356 458,6064
160,9538 387,3765
167,6482 456,1649
138,8966 451,3823
135,4593 427,0066
151,3533 385,6148
161,4427 366,9579
140,6431 454,4933
171,2288 429,5143
166,2239 349,7899
175,5821 398,1903
130,1609 401,2908
166,8004 381,7784
177,1459 295,2729
165,8592 365,3431
165,3201 355,4217
173,7897 469,9565
168,9216 386,7755
155,1538 338,1493
168,3611 446,7085
174,1227 425,0869
151,0356 319,6663
151,3236 371,6352
139,4429 296,9179
161,0215 438,7087
161,5824 455,9252
214,225 402,7578
185,5802 398,5652
218,7577 410,2205
210,7459 265,4122
192,1457 312,5921
208,9482 418,5592
214,0046 281,49
214,6575 259,972
274,3051 283,5804
184,629 350,9986
198,224 414,6861
208,5381 418,064
177,8931 357,5943
181,45 361,8628
187,0973 290,2656
196,6396 283,738
242,3287 272,0062
200,1731 278,4379
210,8845 276,5222
280,6421 258,393
216,456 413,182
177,9928 362,0745
232,7594 278,6599
180,6641 374,2819
173,2535 322,0332
200,6006 386,9072
234,1914 286,8457
206,5717 262,8191
183,6398 276,7305
264,4966 268,8351
197,6811 286,9242
176,7165 350,4429
233,8698 268,0148
185,507 356,9971
178,0697 319,4413
201,5623 398,4724
251,2046 254,5056
175,8118 340,8222
216,671 285,6591
170,9092 369,4979
177,3953 318,6866
271,5451 259,1178
206,4341 270,6564
216,2321 258,0484
214,5097 266,237
194,9126 299,7566
247,0188 265,7123
205,5844 265,7336
200,03 392,0391
215,5849 255,464
210,8784 411,5637
247,5011 274,3814
205,1759 292,2899
186,1994 315,9702
192,666 372,5694
204,9262 410,3886
244,6481 259,612
282,2534 256,3609
253,0894 287,2288
173,0673 326,4514
179,2471 349,3672
179,1328 372,0781
196,6162 409,5962
191,1113 307,351
190,0648 309,0473
191,6189 312,9788
201,2028 286,8967
188,2621 273,746
195,9251 388,7263
251,6329 286,2067
193,6005 279,8304
170,6172 344,9275
264,9159 286,5463
184,2071 324,6903
188,9614 282,8599
197,7591 293,3094
277,7007 270,4955
274,5051 256,4272
257,1203 274,1666
168,6775 349,5377
199,8997 281,8901
209,3083 403,1636
246,6974 257,8925
255,2184 254,6121
184,1561 325,0555
265,0327 254,3566
189,4366 293,4943
204,4436 392,4655
205,2712 392,097
221,9459 412,2555
197,844 288,352
177,7099 288,6924
183,2429 322,8601
173,4302 390,7733
172,6262 380,9748
188,4984 386,7128
184,5593 396,0034
181,6587 367,3371
177,2462 332,5322
173,5791 314,2828
174,8049 342,1379
194,234 307,2128
165,9369 316,6533
179,4089 373,1928
192,1109 415,9799
176,453 289,9064
189,1556 398,0356
177,9438 356,0948
234,3801 277,2181
272,1366 267,4401
255,387 254,6732
177,3682 290,4531
166,4225 334,8333
215,4217 426,9958
264,0477 276,7428
221,1629 405,7618
167,1733 357,378
188,6076 299,9896
202,4766 400,8099
259,1969 260,9066
188,2118 369,3278
236,5104 280,0946
197,9522 421,0735
229,3093 258,6125
192,6681 414,8849
189,305 311,9251
172,0884 329,3187
227,5765 285,5515
207,4523 393,1823
176,2124 298,5176
274,1667 285,7311
210,5512 284,036
166,2056 334,1715
185,2989 304,028
200,531 268,6603
168,6692 367,5785
239,2996 272,8218
199,2479 274,5676
191,1485 270,7289
207,1003 420,6127
167,9699 375,7981
247,0341 258,3136
275,4082 284,3835
218,8587 397,7304
225,2394 275,8749
201,917 267,6683
180,8834 386,9112
235,6428 261,8064
276,3577 266,1651
187,3432 372,268
215,5696 259,127
188,7655 283,6245
178,7544 392,3847
215,6875 263,911
224,1336 275,3749
240,8515 255,6147
176,4183 317,2919
187,1461 395,8336
172,7145 348,1421
241,122 254,8325
220,619 406,1061
231,638 276,3442
204,8716 400,6804
166,1537 354,3388
280,9917 278,7342
272,6049 268,7929
212,2682 419,3516
204,9685 400,2434
257,8427 278,2006
270,1384 277,867
194,3144 276,639
190,4403 411,2897
197,3864 384,9048
176,8329 344,1405
166,265 333,8387
239,9204 273,0648
188,2712 323,4158
170,7531 372,5181
269,1359 263,1672
201,6936 282,5571
262,6913 283,2345
203,6471 272,351
199,7465 299,4658
191,2949 379,8897
181,4171 369,5244
217,168 397,1765
236,3485 255,8007
221,6694 419,9685
177,3238 320,9733
229,4892 266,4507
272,5029 268,7281
166,175 364,1797
276,4037 288,1763
189,6831 293,7054
166,5154 320,9978
176,7751 340,2812
202,794 282,8688
182,405 280,5142
251,5679 287,2538
252,311 276,8311
169,0 378,6836
187,2118 322,5177
207,2352 415,2693
217,2433 277,736
180,9929 340,9463
187,7875 291,6143
167,3157 316,3464
190,872 376,2312
183,329 332,9599
226,0981 271,3587
216,8043 415,1898
164,9408 333,2129
280,1246 255,8751
179,4057 386,8688
246,695 264,7955
261,8212 271,8899
171,3778 358,862
260,1768 278,0912
171,5531 330,7214
220,6837 414,096
203,9869 271,1738
249,2051 269,0116
188,8721 391,0409
180,5602 347,7892
251,8001 285,2399
177,6345 363,802
188,1663 277,9985
192,6176 270,3246
211,0439 405,025
177,6976 303,3008
213,875 286,3921
169,4405 368,2094
202,4797 387,2986
199,2842 390,6241
255,4569 257,6748
174,8433 293,9504
169,8299 304,6823
192,9794 416,2504
282,4747 277,0729
227,1379 274,7571
164,1386 327,2065
177,0031 355,2471
259,6545 271,696
217,6106 404,0824
211,3413 276,2412
192,8386 391,1442
180,0149 401,8626
188,9727 279,1032
182,4595 372,6848
186,9937 288,6354
274,0995 276,8162
253,5385 280,1274
190,6532 288,7681
174,0169 299,9267
189,8016 399,4054
188,8026 321,1147
192,9689 416,6685
244,1338 258,6684
245,3484 281,7415
195,2445 278,676
252,8344 256,2594
176,1622 395,6803
228,6282 288,0035
210,78 394,3799
267,7356 259,8398
256,1777 260,2878
279,7128 276,6812
177,1332 390,7537
260,3504 270,7372
265,3164 279,2856
228,3648 268,1039
163,3637 341,6268
226,2979 260,4065
230,8127 263,7698
209,8021 408,255
202,54 419,304
184,843 279,2916
177,1884 313,7126
185,2343 407,2285
190,5343 286,5674
166,1774 346,6433
193,054 305,9184
189,2161 392,2992
178,519 333,3201
169,1737 339,3065
185,3299 388,7798
171,4137 304,7087
229,4206 258,3817
259,142 257,2568
252,8988 261,702
169,2926 320,0312
185,0594 364,8028
179,522 313,8265
186,2861 326,1625
165,5254 361,6284
244,7584 274,5391
276,782 256,4915
215,426 410,0808
248,1072 285,0939
179,3899 334,6091
412,2533 440,8523
401,3091 456,8744
417,9035 486,8349
418,208 535,2405
394,4058 395,5148
426,5157 500,4549
415,0127 425,3151
418,3794 401,32
432,4896 384,4471
400,4065 459,879
400,3929 397,3705
402,4437 420,5312
398,1701 456,3942
408,2542 527,1624
391,7147 508,2574
418,2826 512,7069
434,6321 400,1238
407,5726 504,864
393,0664 494,9476
420,0394 504,9664
393,0298 525,3404
410,4454 533,3042
408,3429 426,3019
404,7589 410,4307
426,8297 539,1812
435,1803 488,1084
400,531 498,3104
430,5382 470,1185
407,952 436,2918
428,9874 432,4359
401,218 381,307
404,441 488,7476
395,3762 440,012
396,3008 537,7437
426,4978 384,2925
410,9229 472,8454
434,5159 376,6802
404,6315 378,407
418,657 527,3611
422,7348 453,9115
420,8149 465,0082
389,0099 444,7741
427,1397 436,9051
420,9149 494,6802
405,1121 398,9976
393,568 384,9715
402,9575 418,2148
428,9284 384,3509
427,432 466,3115
393,8421 426,4731
417,4958 387,5252
413,2007 378,6278
431,9824 377,4159
431,2941 414,1059
402,2771 394,8665
403,5661 499,0737
404,5634 389,2386
415,6482 470,9932
392,2687 374,926
426,2234 401,7186
432,984 532,9242
427,8424 394,9229
420,4672 411,4017
420,8406 377,0662
411,4269 439,2725
416,0732 539,6732
423,8019 415,7957
410,0021 484,5258
406,9242 465,5951
406,2667 526,6188
431,101 385,3526
428,4002 397,5431
415,9039 456,818
420,445 526,286
412,5563 396,3622
414,2389 511,1427
402,4089 458,1513
390,0115 446,162
392,0781 373,5164
425,4497 431,1715
425,5069 444,352
405,6928 457,5755
418,8634 409,5548
408,2767 465,5945
421,9213 421,0467
428,8677 452,9149
394,1101 482,4232
416,2002 528,5431
416,4282 516,3314
390,3503 435,9001
427,5597 507,7413
435,237 522,2695
421,1892 403,3914
404,8473 527,3988
409,0294 467,3495
408,3862 491,6787
435,3224 448,1153
394,7525 382,2702
404,2595 456,848
389,0981 397,0061
413,4146 454,2817
434,8979 461,8843
425,4903 466,285
411,005 375,4523
404,1295 471,0958
389,0617 411,6142
407,7282 429,7167
429,1002 446,9709
394,9254 430,5867
434,0442 404,0489
411,8842 444,0392
420,3988 434,2944
404,5052 372,8737
392,005 381,8126
416,68 438,036
423,5532 474,9832
391,7355 406,0208
397,4164 465,9735
395,0483 438,6805
425,7721 377,1605
420,2627 444,0314
411,751 449,9345
432,7533 383,278
431,6353 508,9456
391,2244 488,9385
427,5824 476,8006
401,1905 394,0835
424,8843 480,3109
414,9265 450,0614
423,263 486,1659
429,6091 431,324
421,9753 421,0566
427,3414 494,44
426,134 538,4095
394,874 534,3773
416,4075 466,5223
390,0334 503,5793
419,7876 479,6316
391,8271 400,4038
408,9067 508,673
409,9137 512,4295
423,0249 399,7693
421,2567 470,9598
391,3565 513,6158
419,3412 473,4637
397,766 415,7267
432,7163 502,9245
412,5478 516,9067
428,9194 454,224
409,3554 452,416
416,1596 405,499
428,6754 472,1193
433,4441 460,0589
429,7638 425,7622
394,4723 501,0432
418,2361 473,8726
419,8665 470,8034
414,7056 465,1668
414,601 515,2425
427,5306 391,395
422,4625 473,4413
407,0937 536,204
422,5262 519,842
407,9383 402,6484
391,6988 424,0262
397,6528 388,3771
405,1665 464,1252
412,0782 415,8801
401,1492 375,0305
422,3035 422,9067
392,6157 487,2673
435,7266 527,8133
417,855 489,753
420,4252 520,9471
416,6367 456,028
427,726 520,4423
420,7145 451,5524
415,1275 441,0676
400,5327 405,8516
413,2284 398,963
419,8167 526,9292
432,1992 427,0775
432,8882 485,9223
430,189 444,3573
430,0366 433,6145
393,4385 483,8707
427,75 465,1699
436,0929 491,2873
419,1696 472,7394
415,6046 378,48
427,6348 494,1174
399,5598 506,6282
389,5269 471,8676
388,8425 408,5973
414,0172 388,672
403,2298 489,9203
426,2155 469,0675
396,0985 511,673
401,6131 491,0689
429,1715 515,6135
419,6013 414,1787
418,8629 487,8662
395,2122 429,2893
411,7454 412,0018
413,7477 389,4208
423,3257 389,2599
424,8092 441,8511
412,6141 441,7663
406,0493 387,9407
415,2748 479,3502
403,9862 430,5477
397,9907 508,9825
418,8038 521,6426
435,046 459,4022
393,1452 440,9206
403,0188 429,8992
433,9672 382,7109
392,988 393,1015
431,4531 520,0615
394,2878 492,6292
425,4038 495,6455
408,587 477,933
397,5536 446,8133
432,9837 383,4896
414,166 411,1924
402,7738 460,7346
392,4159 387,947
400,9813 452,8778
416,6324 410,54
435,5779 489,0776
400,2197 417,2709
401,517 472,6151
430,3015 384,392
431,0093 419,2015
404,0747 487,9504
428,7433 520,0515
397,006 385,2575
436,218 434,3945
430,8724 418,7355
389,607 445,4695
409,2328 379,7109
404,8129 500,9088
416,9918 523,4467
408,5701 475,7256
405,875 468,976
422,2944 445,9505
398,2113 503,3924
429,9362 435,9963
429,913 377,5437
415,3167 386,3485
397,0087 417,4063
429,6694 449,7523
428,0236 439,1747
389,2564 502,076
406,3251 492,7839
401,2559 415,123
429,5324 536,4728
421,6115 417,6281
419,6489 432,331
391,5421 373,7886
389,9395 456,007
426,741 398,8305
403,5908 431,6182
433,4711 434,5088
434,023 428,8884
399,0702 419,9241
426,7226 498,7152
428,8471 522,5909
425,1019 384,9312
400,5599 375,6468
399,949 405,1011
416,6543 439,1414
405,1595 482,5499
414,9393 474,5573
402,1481 501,2193
426,4759 372,7528
417,2396 491,2675
412,2492 519,4885
415,8845 456,9287
396,4838 510,2168
406,3866 471,9717
399,3368 524,0247
417,9169 463,4437
431,3488 436,3337
395,6539 415,2436
391,1285 429,0063
412,8195 377,3999
425,786 432,3546
434,6786 450,6584
416,8388 463,607
401,9024 503,4524
427,0618 539,0871
423,9221 385,8141
400,4875 535,6606
415,5289 396,7961
391,2059 508,2719
395,94 458,567
429,5391 391,5171
431,3407 494,6005
425,68 522,8607
286,7686 219,9458
282,459 235,4703
261,068 312,1536
266,0414 297,2649
286,3705 202,0318
275,8977 210,2577
269,0456 264,0091
263,2368 197,6777
275,1355 196,7319
296,8677 270,5059
276,0551 272,9104
262,7041 254,7792
262,3329 207,1458
255,9392 316,3855
284,4953 268,7509
282,806 304,5916
272,7091 310,3999
273,2334 225,6351
287,5143 239,6754
279,929 290,339
257,0943 199,6093
273,1192 266,2216
264,4757 278,2535
277,837 217,0134
302,5472 249,7855
277,3114 200,1554
280,7216 200,5004
260,7032 183,6358
260,4546 242,6468
283,3747 251,9198
269,0463 236,6664
299,3856 266,2778
284,0943 204,5425
259,2922 211,3933
260,3752 224,5814
296,716 238,4864
270,3638 299,377
256,4907 315,5171
290,9347 268,585
296,86 260,9122
281,7588 222,7568
284,7689 260,1922
267,7031 294,1147
266,5174 226,5404
295,7011 255,1513
275,8261 234,1684
279,2108 211,0175
294,6519 284,1743
271,9085 300,7737
292,2534 209,0316
256,8104 274,7401
258,7039 250,9234
266,9618 294,3677
265,9368 199,1568
280,0732 261,1545
300,4492 237,6661
267,8323 233,6814
290,3899 287,2245
292,3748 287,3589
264,3455 303,5699
265,0238 268,9399
287,3057 241,2057
261,4303 314,2042
279,8857 201,0483
277,0679 235,6724
277,8817 233,9606
271,292 211,1054
286,9012 249,3221
267,3762 193,6434
255,8504 186,753
286,0521 265,2018
283,5007 207,9418
288,9052 216,3592
275,0382 307,448
285,0232 277,2324
279,1402 287,6503
296,2824 266,8721
278,4813 304,038
257,0531 233,9922
258,0329 194,3375
256,242 276,4275
268,9207 269,4464
280,2865 203,6042
256,8489 243,2369
273,1 284,3276
288,1689 266,2786
275,1955 250,8115
262,5646 236,7723
279,4147 293,9864
265,5081 297,2858
282,1468 248,3423
269,1119 280,7878
300,0191 263,4374
292,9503 276,3999
283,2052 294,4177
255,8642 215,8249
280,7841 209,8303
290,8665 274,4067
264,2392 204,9935
282,5805 197,4035
280,9481 258,0611
281,7519 301,9645
258,5339 315,0912
281,1589 244,7197
284,4736 220,4789
259,4766 192,9456
287,2087 266,943
258,6519 304,8001
267,0854 285,2408
255,8151 310,9826
280,2406 230,723
286,6554 259,0752
257,8417 235,9453
259,17 281,1151
274,0967 207,4839
267,0593 196,2936
286,7258 248,7972
256,0863 276,0958
257,7097 277,9051
262,9979 247,3011
271,538 240,6254
280,1762 287,3102
257,7074 182,5724
295,8889 267,3214
272,698 260,2969
280,1844 208,6221
256,3546 212,6974
286,8661 222,1396
282,1548 260,4917
260,7769 231,7549
258,8419 243,7444
284,5157 219,944
279,79 211,5191
299,7229 233,1219
298,2477 255,8102
267,11 241,6826
288,9777 275,2489
264,3875 310,2643
274,9204 206,0892
257,6584 316,0233
269,918 271,3988
260,149 312,2924
265,4035 282,8104
266,6562 292,3972
262,7596 259,4255
257,4494 272,9843
257,1094 292,4486
278,7465 212,5528
284,8714 269,0677
297,2538 248,2739
272,6346 308,5984
284,5257 217,506
291,5209 241,0914
276,1831 281,8479
269,1406 246,0577
282,6713 224,0371
264,6591 265,2222
274,3713 301,8544
297,4449 237,5784
291,1221 218,8004
300,1821 237,0879
258,481 230,6039
292,2051 219,8154
275,6027 297,835
259,6535 190,3643
263,5415 241,6323
256,075 220,5685
269,64 279,4103
258,8022 244,6293
266,2916 199,5826
260,9318 271,8171
281,7496 303,6794
276,5869 236,7988
273,1325 260,122
301,2623 240,2866
269,2131 259,6873
261,4344 261,3941
270,8953 304,6332
265,3552 184,6166
271,7129 273,1012
286,4543 212,7402
256,7718 229,1935
278,0193 218,964
260,9416 241,5229
272,2841 306,809
289,2937 289,7443
260,2262 197,3797
263,4986 239,8551
269,8222 296,6766
261,0898 285,0538
287,1647 233,9497
265,3092 255,4879
299,5672 233,1803
268,7872 231,5384
293,9597 267,4811
278,4345 247,7979
268,1976 207,7997
294,5817 238,1591
273,7109 190,4719
264,6124 245,2257
279,8226 213,1658
289,5946 208,0145
296,8289 219,3307
281,2034 266,5131
276,6597 291,5405
272,7654 203,5645
299,6129 239,9396
287,7095 275,6092
290,8532 278,4482
282,8102 196,1557
278,0509 263,9826
258,3163 268,3787
301,2057 242,6246
258,023 261,6541
259,2091 252,0256
272,8026 293,0252
290,5655 219,0047
256,272 269,1965
261,7535 213,714
269,6877 205,7526
258,9942 271,6512
382,35 385,3907
448,2346 304,4052
360,3783 350,0516
376,3988 306,4544
354,1736 306,2089
385,7892 387,8436
425,9369 294,304
452,7352 304,2715
385,8676 376,0722
334,3938 359,2159
464,4838 286,266
394,5275 377,5883
349,5967 357,3029
351,7398 315,927
364,6499 316,1809
337,4199 343,4318
355,6553 375,9107
364,4594 310,2243
392,193 387,3919
376,7267 380,3326
349,0382 375,911
352,4856 378,5642
377,6312 374,5035
329,4381 347,4991
337,518 315,287
371,8038 382,8331
342,6617 307,698
467,629 282,9836
474,9295 283,5421
374,9511 373,4038
409,3423 295,2422
422,3431 303,5931
373,7713 300,6444
387,2316 286,7645
402,2198 379,5743
483,1043 293,6712
445,118 284,9915
477,1955 297,5901
383,0359 390,7457
452,4262 287,7818
341,7319 316,1888
480,8224 304,155
402,1254 283,2668
436,1007 293,5646
405,3018 292,0066
463,4678 292,3813
354,328 366,6285
374,9715 296,0274
364,9357 378,5985
358,0384 362,6444
340,6041 327,237
359,2619 353,6252
442,0453 284,7811
405,0972 400,2015
368,1925 299,0745
347,5995 353,7714
343,6 323,3717
375,7674 369,8801
352,2071 311,7796
346,2391 339,7997
382,461 303,4382
385,192 395,0053
447,8697 300,2311
377,0636 307,5083
431,9561 295,5425
348,7518 357,1512
368,8071 309,5632
389,3468 293,6121
490,0429 297,8334
383,8976 290,2986
434,3909 285,3525
369,5365 314,5429
475,9342 303,5538
469,0647 283,1661
400,9238 291,6647
344,0165 368,0806
386,9887 387,5658
475,1109 302,2399
422,2658 305,3146
350,1553 362,9016
402,0818 287,0349
373,9564 368,9396
347,7874 372,5735
455,7641 292,4426
351,8068 319,0376
392,9823 295,3648
360,1517 317,1158
366,8535 386,2434
376,2501 383,2294
405,3864 391,8907
381,1132 302,3143
367,3953 314,561
329,5292 351,7847
348,509 373,2207
411,7297 281,8309
481,7434 289,9557
456,2855 299,0747
397,2625 302,0385
399,6461 388,8665
345,3938 326,2676
341,2725 365,4771
346,9743 377,9813
349,9457 350,4246
366,1479 378,1589
400,4525 400,4228
373,521 295,7046
351,4778 378,909
389,861 387,9467
343,2499 373,6602
384,714 398,3557
340,6431 350,2699
415,3028 287,4161
468,8966 298,4099
481,5221 282,5079
427,1128 298,4008
367,2909 385,2453
404,8559 395,0875
334,7724 329,683
403,9931 391,2305
466,0303 299,4301
341,8663 339,2848
329,7738 337,62
343,0282 324,8303
368,2606 366,141
389,7847 303,807
386,5091 379,9068
380,3754 371,965
386,15 306,2112
428,8694 299,7703
379,9683 305,9795
404,8423 391,4284
354,7359 314,7623
382,2394 396,8051
329,9319 335,9446
482,7997 283,6075
342,7826 321,7943
413,3371 305,0207
462,6423 303,0508
330,4406 327,4901
473,6912 304,0048
352,4967 383,3208
425,3235 295,8084
354,1845 308,6712
334,348 362,0434
398,5427 380,7482
424,5405 305,1118
333,5658 342,1571
393,4987 295,4905
391,7738 305,0156
370,0969 369,3496
365,3352 372,9788
368,0975 305,3065
461,7313 293,9582
411,0273 295,5639
345,9857 342,4058
440,4909 304,3825
358,4521 320,1521
451,0048 303,9887
401,8601 304,7878
368,5547 315,0063
428,0705 283,8564
463,0578 299,1051
350,9746 358,9423
426,0107 282,178
365,2866 300,5352
377,3889 377,2511
356,4163 302,8763
361,3261 293,5141
348,9368 332,3309
336,0567 330,1328
362,65 375,7126
335,5833 340,8355
337,9057 331,1284
438,4231 295,7445
347,4866 376,2249
421,5234 284,8871
363,0139 309,1454
465,3256 288,1735
426,9438 282,9322
353,0013 321,3866
396,9522 286,4359
413,2572 281,7046
373,6135 382,3058
350,4037 373,8135
398,7328 296,5457
419,7077 299,3761
369,4083 310,9672
416,469 291,2836
335,9275 332,3829
440,9128 282,6589
380,6335 292,3673
472,2297 282,7674
364,1501 360,1115
475,8704 285,4535
387,3724 295,4425
451,3027 282,4186
350,7672 371,5141
358,0981 319,177
481,917 297,6917
368,6541 312,8045
433,4569 302,727
465,5278 301,2341
347,7651 356,9003
351,0137 372,6469
443,3207 296,9622
370,4801 378,6778
362,2548 379,284
404,6305 282,5193
345,0676 346,1629
397,1921 376,5511
353,7409 309,0302
414,0716 300,6623
450,8031 290,8176
328,287 338,4626
360,2988 369,2442
381,2629 377,7552
376,4345 306,7929
457,2097 299,4814
383,8052 285,985
480,4117 303,2378
352,1825 378,7026
364,6672 313,1764
369,0303 389,9616
391,1198 384,2056
377,4042 291,0811
433,8091 287,2941
435,8704 292,9254
362,4955 378,209
362,3292 320,7078
470,5717 301,4833
339,1713 328,4513
423,3002 282,346
367,9335 296,3567
369,4926 370,3426
456,8967 302,0714
349,5496 354,8662
380,5782 306,1061
396,2291 302,7116
367,4365 319,7489
393,4526 396,9493
406,7212 394,0533
338,7545 372,4077
470,7298 284,4389
477,2954 304,0476
370,7105 387,7796
467,4396 292,7059
442,0416 303,6087
377,2804 303,0888
487,5505 288,1719
373,7809 294,2897
355,5672 333,0948
481,2087 291,3723
354,0367 335,5076
353,745 336,076
364,6924 301,5668
348,7206 322,5797
341,8499 336,234
347,4271 334,5627
370,3361 386,4769
355,5341 331,184
424,9372 298,0648
361,3071 328,8281
384,7815 379,0842
331,2302 349,992
448,5282 290,7753
334,979 356,9175
362,1024 321,0847
344,272 355,4733
430,1905 285,0217
362,7045 382,056
430,0755 288,1382
343,3266 345,693
435,0179 292,6689
381,0995 372,9688
352,7674 361,4297
357,7591 384,9111
369,3179 387,6705
358,7513 330,7359
381,6745 391,7542
391,561 381,1079
479,0895 286,9927
469,6885 300,1265
373,5336 390,0671
364,7462 372,3415
438,6045 301,145
347,8691 321,9604
367,9322 304,5796
361,7042 369,5127
365,8083 314,5227
342,3053 309,883
379,1991 304,7241
354,2811 384,1183
340,5904 346,8115
457,2673 283,4052
330,4302 349,9093
364,8315 360,3182
345,1769 365,0956
379,3369 288,2455
490,695 293,4522
433,8152 285,9189
514,5074 403,0957
483,4485 409,4181
518,622 406,055
516,5125 464,7299
553,4149 383,0845
504,3999 358,4673
548,5928 365,5967
503,2158 400,8265
558,6217 396,2875
519,6959 462,4217
530,0433 471,8141
515,5025 453,0216
483,7675 426,8057
491,0802 425,4312
547,4043 437,9637
551,6781 362,8929
564,8976 418,5785
516,6018 386,0116
521,7073 392,5698
517,6615 353,8552
532,7501 437,3601
567,7488 424,7569
519,4775 394,0628
492,7897 395,0652
550,6504 390,0772
505,2267 355,6481
545,0428 442,5787
514,3692 398,1565
552,4473 352,5873
506,6025 452,5623
491,9986 453,0121
510,5084 365,6973
485,9818 411,0114
520,1307 343,3323
528,5772 350,3441
542,7016 408,4761
533,5791 409,995
510,0196 353,8928
526,2314 377,6248
536,7715 416,6806
539,7123 466,699
530,2609 463,378
571,8467 431,3154
487,4294 405,0664
529,3671 444,224
527,1824 426,8155
531,93 415,5205
518,2437 347,3865
508,6357 449,7558
538,5495 413,7526
553,6313 456,1211
532,213 392,0801
516,5879 444,917
553,5904 454,6595
520,2923 403,8511
536,1718 410,5804
517,7771 447,0358
558,5941 394,0934
501,5696 430,3496
504,9804 441,1274
566,3193 444,6997
505,297 357,9391
539,8109 381,2483
516,6534 421,8212
484,4638 411,4055
524,3184 370,9394
529,8864 435,907
516,7715 352,6267
498,417 393,9924
510,1564 362,8791
570,0159 428,1221
505,7727 359,8494
527,5174 372,1662
507,1865 372,453
527,4851 392,686
532,0702 388,306
501,0309 440,4076
499,1214 438,3596
548,3856 460,0919
548,961 379,9711
527,0133 415,6287
548,4622 464,3117
497,7075 426,0868
497,5665 387,713
528,409 408,1076
525,2067 451,4938
531,2606 364,8189
507,6886 419,34
526,7021 422,371
494,3986 390,2086
537,5428 357,5245
493,2785 420,3931
524,6678 476,418
538,6618 408,2069
500,312 357,4431
529,9479 418,7399
522,6414 343,6815
486,106 403,1882
529,7184 358,5208
534,6782 423,4017
519,0636 345,3369
486,7872 424,4702
539,0122 427,945
569,2665 387,955
486,8651 401,151
562,2644 434,0456
522,1928 442,5872
507,1878 468,0963
571,248 401,714
510,9096 463,5999
550,2983 389,5654
516,5019 440,5982
502,8128 368,2921
527,1282 462,5416
513,0294 387,0833
556,1338 370,2235
504,7243 444,2839
538,0828 469,7058
541,5935 408,9108
490,0086 445,4207
503,4972 432,8095
496,2887 425,2736
561,3554 432,6921
515,3631 430,1576
560,3352 372,3334
557,4025 440,8128
525,8364 371,0212
563,7096 434,1507
565,6749 431,8625
507,14 417,0517
539,1828 352,4119
543,71 420,7363
549,5936 430,9929
521,8395 428,5526
510,602 449,039
498,0502 400,6671
556,2172 407,1767
525,8675 342,6583
522,9575 349,2464
538,6884 414,1242
534,9239 443,5012
516,2869 471,631
512,1902 387,6889
544,4081 471,0508
535,9741 471,7674
485,6042 435,0716
548,2543 451,0435
486,0388 399,5471
543,1971 429,9297
488,165 407,5499
552,0371 352,1383
530,0321 383,9613
496,2454 441,8715
560,6809 380,4056
529,0522 392,5897
566,6735 430,4703
546,8747 397,4349
530,8185 407,424
546,1981 395,1258
554,4419 355,6246
515,5889 366,279
497,5744 372,2172
504,7196 383,6014
509,264 426,6882
508,6084 450,3999
551,6917 409,3563
490,5232 429,864
491,5369 439,2154
527,748 429,1272
538,5336 372,6676
527,6665 414,6192
507,017 401,2161
565,4318 433,6331
566,5973 428,5516
535,6662 468,4296
544,5649 372,5021
567,5937 425,0393
494,3774 404,6889
529,2435 422,7724
547,2605 384,9578
535,7019 421,3817
497,9023 412,4083
522,8601 422,4484
532,904 465,259
510,6792 370,0442
488,899 434,413
553,0918 439,2073
533,1969 365,1826
521,4826 428,841
500,523 397,9318
531,016 366,7359
567,55 378,8525
530,0768 461,5578
556,0501 385,9569
518,1744 409,68
489,3568 383,892
495,2114 404,1716
529,3398 389,2719
541,7712 462,2033
529,9779 408,4755
509,2837 454,1102
553,0105 399,2742
497,9757 425,7443
546,3899 388,9621
558,1234 416,8323
502,8767 462,7215
504,1439 355,7284
516,7867 442,4929
512,0655 371,6579
506,1211 449,5142
493,3539 392,5095
503,0892 412,9488
533,0585 470,0993
566,2785 397,5771
513,8573 442,8974
493,8557 433,7647
516,8198 442,7609
568,0897 389,2045
563,3231 412,224
495,1034 436,6469
544,8815 353,3689
493,4544 392,1748
538,1999 449,6748
559,8709 396,2135
545,6314 466,3936
514,8534 377,7245
484,0995 434,3088
490,7715 367,2731
546,7026 390,7645
540,4588 414,8399
507,4077 407,5347
521,6027 420,0396
500,1605 400,1732
503,4768 362,8407
534,1367 389,6211
548,6869 422,4536
514,0963 381,3774
518,3119 452,894
510,3342 463,14
546,6527 425,4334
523,4278 343,4433
502,31 458,196
528,1852 413,2558
560,2928 392,6746
547,73 458,761
524,7961 342,5037
501,2201 449,7567
534,8312 351,7286
563,1719 410,723
537,4725 454,4595
490,9476 444,71
544,8594 356,0366
573,2838 420,975
562,909 444,3492
554,5335 379,6484
495,0831 381,5186
546,645 407,7247
495,3421 427,763
551,3689 437,3386
541,1954 370,8064
483,7069 428,9627
541,1029 405,6715
530,5044 455,5351
528,1975 468,8046
523,701 420,1966
512,7667 365,9635
524,8357 348,0745
494,334 441,6279
566,1664 428,9572
555,0363 377,0646
560,5038 380,4273
543,083 449,627
521,3614 362,0094
509,9568 391,7486
514,8883 369,2976
508,1785 367,757
533,6688 393,2327
529,0457 449,5896
511,0111 407,531
489,2915 396,8405
554,1826 445,843
529,6702 373,2733
500,1655 428,0455
535,8717 430,3377
519,3749 391,759
508,7605 384,1824
502,0369 366,0116
539,6434 438,8773
517,6137 455,3592
529,4303 342,1178
525,101 466,6703
504,8233 431,3004
547,1172 429,7107
535,2468 349,8861
524,4334 398,9439
530,2521 472,0973
547,8799 358,3917
545,946 380,9061
569,6536 432,2022
535,2621 378,8324
