248,954 605,8246 0
265,2341 639,6779 0
291,974 635,6158 0
252,6145 645,2148 0
288,3009 619,3058 0
313,2722 581,2675 0
236,1331 613,0487 0
257,4449 688,4337 0
313,2 634,0181 0
215,9059 609,6442 0
304,1899 655,2877 0
292,8567 661,2713 0
220,3852 620,4444 0
237,1657 600,6646 0
316,6777 605,1869 0
267,2188 580,2107 0
229,2019 632,6398 0
316,4905 606,9454 0
304,476 593,6702 0
246,6296 575,0323 0
220,3932 646,0506 0
223,0942 654,1835 0
322,4155 629,2701 0
314,9321 607,0815 0
281,2529 614,2894 0
229,2066 638,6986 0
297,5555 651,4273 0
264,1965 625,8 0
285,662 593,5857 0
299,4212 583,9567 0
213,9827 608,7614 0
225,2472 621,2614 0
265,3893 677,7324 0
332,1392 628,0091 0
308,4523 660,9009 0
216,2106 603,0796 0
315,4584 622,5035 0
239,2273 592,9578 0
270,5553 623,4481 0
252,3416 640,8279 0
313,6703 625,0747 0
205,7986 642,4022 0
220,4332 651,5891 0
238,0758 682,0877 0
251,0022 681,7827 0
267,2181 662,1506 0
265,5084 576,4501 0
311,2605 605,2346 0
240,1652 682,2179 0
285,8504 687,03 0
305,7727 574,1721 0
220,3879 616,4385 0
255,425 687,2401 0
237,0178 664,6711 0
312,1971 620,6513 0
305,4096 654,5568 0
205,3582 618,08 0
295,5755 594,437 0
277,8413 676,917 0
245,3327 596,4892 0
308,5608 587,4911 0
229,5555 659,6747 0
243,7879 679,5831 0
223,4044 614,5641 0
287,4946 652,5382 0
284,9279 636,6352 0
231,4432 628,2029 0
233,6737 581,9654 0
224,1259 606,9973 0
294,5702 613,088 0
307,0581 594,3806 0
300,1573 580,4814 0
242,9468 611,3624 0
293,5772 591,2942 0
253,0758 691,8223 0
223,6942 587,6118 0
327,3856 604,2374 0
279,1082 649,1986 0
251,944 624,9168 0
303,1145 579,3085 0
257,056 635,3545 0
227,5381 585,0038 0
250,7382 567,0023 0
275,1665 610,2677 0
276,8018 660,333 0
289,8566 580,0967 0
288,0971 670,1145 0
228,2644 578,526 0
259,6969 642,6488 0
254,7354 629,944 0
246,592 651,3099 0
272,7001 614,1814 0
274,1871 615,7919 0
228,8469 599,8868 0
289,7943 582,9193 0
294,6402 653,6364 0
251,2989 586,7302 0
271,0704 628,9586 0
229,5439 602,1369 0
206,9737 644,241 0
213,893 596,1796 0
316,348 607,9753 0
314,6072 644,3084 0
247,1492 663,9387 0
255,1823 563,6631 0
261,8172 677,3648 0
302,3054 601,1318 0
302,2522 680,4507 0
206,0419 633,5112 0
275,2955 689,3961 0
243,568 685,2164 0
264,1969 604,5366 0
320,9905 634,9274 0
300,2615 614,1473 0
233,4851 624,8952 0
276,7141 576,3166 0
313,2255 612,7529 0
284,0842 654,6816 0
308,6267 642,5068 0
225,4467 582,9992 0
262,7704 650,6525 0
286,9417 645,1208 0
318,7102 620,6015 0
305,5512 586,2595 0
268,5897 569,5519 0
306,8426 627,7314 0
212,4925 646,0764 0
252,2349 567,2095 0
299,1887 619,8604 0
294,6189 654,3691 0
313,4737 586,0386 0
297,8425 586,1289 0
303,9644 610,3229 0
282,201 579,8034 0
226,454 608,1395 0
283,0187 674,1762 0
270,6775 647,7851 0
279,72 575,6676 0
246,2766 674,6511 0
247,6198 576,2157 0
222,2984 640,6796 0
302,6513 577,0076 0
247,9126 645,589 0
304,5722 654,3343 0
297,2274 628,1668 0
276,333 652,2183 0
325,8218 635,4064 0
239,8984 597,8922 0
253,5916 623,7778 0
301,5557 609,7118 0
267,4912 638,4448 0
232,7201 576,3646 0
283,3748 656,6929 0
223,9589 674,1456 0
233,677 664,55 0
259,9384 644,9247 0
308,6907 605,0045 0
248,3303 673,2145 0
251,7666 656,4263 0
263,8596 634,4287 0
249,0 593,4841 0
275,1537 658,5089 0
308,8601 672,4731 0
304,6169 659,5949 0
264,2453 617,0697 0
297,6994 591,2432 0
285,5539 572,7952 0
255,7073 631,8479 0
282,9995 592,1525 0
267,1554 590,3872 0
207,7236 603,6472 0
294,3546 592,9504 0
256,5855 634,9904 0
233,5204 589,3996 0
273,36 682,3316 0
282,7904 581,3767 0
245,9692 643,3344 0
288,4729 670,617 0
275,6373 574,9884 0
249,8717 685,1516 0
246,0699 674,0627 0
267,6516 578,3801 0
228,0499 646,6592 0
268,5796 594,3477 0
265,7899 628,2995 0
254,6617 581,519 0
273,2078 609,9266 0
268,496 682,2183 0
300,6676 662,1979 0
244,9249 685,1939 0
296,8495 578,0584 0
278,7508 650,6561 0
218,244 662,6164 0
207,1153 624,8737 0
227,0906 578,8578 0
233,1194 649,2653 0
239,0648 573,9768 0
272,7933 572,4016 0
298,4633 580,4188 0
300,1561 647,5351 0
328,0253 610,6556 0
279,0463 612,3904 0
275,2128 599,8168 0
244,2479 591,7462 0
300,1464 610,7752 0
204,0656 635,6537 0
279,7716 660,0732 0
287,6521 673,3104 0
245,8353 655,9609 0
281,3968 680,83 0
285,7954 576,9804 0
279,1576 646,3726 0
205,2731 611,1801 0
300,3875 587,7305 0
252,1524 637,4583 0
298,2675 571,8908 0
244,107 652,4853 0
259,4504 674,3649 0
271,6352 610,2424 0
311,1287 659,9703 0
251,6092 602,4169 0
259,882 582,2698 0
289,8958 598,7276 0
331,7818 610,7129 0
255,9258 587,7247 0
236,722 631,8777 0
255,4832 596,527 0
282,4091 658,3086 0
257,3503 604,9151 0
259,5041 589,9286 0
302,656 653,3588 0
230,2822 619,2511 0
308,0456 678,4658 0
252,0469 589,0526 0
253,3859 603,0313 0
250,1045 597,9059 0
262,3052 656,9972 0
282,7786 592,6762 0
270,2814 573,572 0
288,5594 598,3705 0
310,1118 603,9397 0
289,5639 623,5607 0
262,4617 688,268 0
225,2361 610,7294 0
294,7583 641,8159 0
330,0622 641,2515 0
296,4808 644,9185 0
249,7291 640,43 0
296,8456 584,6619 0
280,5035 630,5732 0
279,1329 643,2855 0
304,3854 597,7679 0
227,8431 674,4616 0
277,4373 671,4777 0
289,0896 639,101 0
219,1155 621,3229 0
247,4103 590,1605 0
286,2918 611,5438 0
237,3282 621,6119 0
262,2814 610,5549 0
284,3177 569,9722 0
282,2691 629,7912 0
329,7145 637,8541 0
277,133 672,6724 0
230,4449 671,9834 0
246,3206 620,3441 0
236,9441 668,0712 0
304,5397 662,6499 0
304,9445 670,7064 0
239,2718 584,509 0
222,6538 581,8981 0
290,4372 648,1966 0
237,1998 591,5678 0
277,7362 686,1823 0
248,3064 610,0967 0
238,0019 676,9844 0
256,4566 664,0615 0
240,1553 637,0289 0
273,3267 595,4907 0
320,9222 612,3687 0
281,0148 590,3632 0
220,5424 592,9627 0
226,3637 628,3098 0
278,7925 644,9939 0
300,2479 621,1222 0
298,3398 614,002 0
218,5691 655,448 0
327,6861 648,6636 0
288,5649 679,9949 0
287,2288 604,714 0
266,4949 566,3563 0
285,6021 673,9251 0
209,0302 633,942 0
227,453 615,7051 0
222,2457 605,295 0
237,8618 657,4693 0
307,9287 657,8149 0
226,1096 609,0504 0
240,3393 581,005 0
264,8736 589,6732 0
226,3275 607,0855 0
237,4096 654,4026 0
317,0846 618,3374 0
232,4493 582,8306 0
278,5645 648,2515 0
321,5265 598,2476 0
279,1768 571,4008 0
300,6196 589,2243 0
214,6215 602,0284 0
230,2801 604,3927 0
271,2637 592,5172 0
263,7191 633,3349 0
320,5723 618,1618 0
287,6471 681,4801 0
275,0447 685,4667 0
305,8638 573,3013 0
294,4428 678,6231 0
314,6019 669,6135 0
283,3772 685,9617 0
269,5638 570,9986 0
231,9758 646,4127 0
210,158 631,1456 0
263,5162 596,7552 0
211,3399 651,9813 0
213,421 605,2229 0
226,5906 643,0721 0
313,6643 644,7232 0
330,7398 631,7733 0
320,2253 669,3723 0
253,2033 677,2637 0
278,0522 633,5916 0
259,1441 631,463 0
234,8409 574,5167 0
248,7214 651,904 0
225,3043 648,4239 0
209,7812 627,7389 0
285,5183 620,2317 0
252,0301 665,375 0
214,7897 601,3615 0
236,5688 628,0806 0
252,9945 673,966 0
289,055 567,6124 0
214,643 645,958 0
314,7791 668,8189 0
315,3017 602,9189 0
273,248 582,5166 0
247,4669 670,6981 0
251,8978 596,9949 0
316,7559 587,6926 0
272,9574 637,0266 0
290,9253 651,1115 0
242,8022 669,0302 0
274,6858 617,529 0
241,3708 663,7979 0
290,1574 609,0871 0
248,5821 583,5867 0
291,5713 681,5348 0
258,5981 682,2665 0
261,8824 609,8395 0
262,4941 588,0749 0
294,2266 675,3397 0
315,1246 628,5766 0
272,9143 633,4091 0
290,9347 605,6492 0
282,2674 583,9941 0
305,4123 588,8671 0
260,5063 659,2927 0
267,4434 614,9115 0
277,5505 629,9308 0
275,2743 579,4798 0
224,7864 609,2349 0
283,9935 578,565 0
299,4537 579,4165 0
288,2602 661,5873 0
253,9848 597,1529 0
261,2826 660,0454 0
271,1813 626,3001 0
283,4353 657,3962 0
269,9801 591,8326 0
290,2163 640,7336 0
234,9955 586,3968 0
275,3747 663,8796 0
278,7447 673,1046 0
263,3799 664,1005 0
260,4108 616,8823 0
223,4183 610,2208 0
253,2184 598,9351 0
309,8787 672,8838 0
322,8932 655,4735 0
258,9157 577,0368 0
251,8166 667,2197 0
224,8051 597,5377 0
243,3029 643,1859 0
283,8348 603,3086 0
229,4913 589,4154 0
286,6252 673,2994 0
290,2757 658,6358 0
254,9254 607,4271 0
305,4268 619,6118 0
268,7098 593,259 0
223,6031 613,0407 0
251,8896 622,1759 0
289,4181 656,2122 0
254,976 620,0359 0
237,2681 613,2287 0
230,591 586,1207 0
248,0108 650,6677 0
259,9413 590,7304 0
245,4658 589,2683 0
273,7486 627,433 0
207,388 607,6386 0
224,5643 579,3731 0
261,427 575,2881 0
228,804 676,9431 0
311,7378 641,1845 0
239,7128 676,2773 0
234,3789 633,6513 0
333,6127 637,4658 0
248,5496 678,4729 0
328,6266 623,8786 0
292,0818 588,4973 0
256,0611 622,2318 0
249,0739 593,7382 0
296,1878 569,0196 0
250,5877 651,7065 0
257,4084 623,2406 0
299,094 628,2805 0
271,7077 641,4438 0
274,9129 674,9472 0
255,9811 650,2752 0
279,1837 579,0222 0
265,2602 597,076 0
328,0768 619,2336 0
281,9383 614,9249 0
242,3446 648,3087 0
270,1571 620,2249 0
301,8309 631,3195 0
234,2366 610,7905 0
258,3901 607,4729 0
321,3684 629,7799 0
252,6444 589,9766 0
229,3848 665,6889 0
250,8109 577,3124 0
316,4424 602,9341 0
303,6541 683,986 0
263,6566 672,6348 0
207,5059 616,3365 0
308,0717 618,4401 0
306,4415 576,046 0
231,396 625,0748 0
245,0983 614,6918 0
311,4209 578,6305 0
263,044 602,0752 0
309,6463 650,9494 0
311,2816 607,4336 0
256,2292 677,1467 0
291,4586 645,3163 0
260,9796 678,3301 0
259,0712 596,2671 0
222,068 658,0162 0
227,7831 665,9788 0
275,329 670,6557 0
230,0838 606,9926 0
228,4355 636,0864 0
224,1697 630,5711 0
244,6954 575,4854 0
313,995 646,4387 0
223,5778 632,6114 0
250,8498 667,134 0
265,4789 687,3972 0
286,0445 665,3079 0
289,12 660,6951 0
281,211 664,2861 0
300,3615 618,0601 0
274,0758 678,2746 0
263,8989 665,9759 0
287,5754 644,2749 0
307,9668 660,9612 0
233,7729 577,8381 0
308,998 575,6393 0
290,7426 632,3849 0
328,3114 644,5276 0
217,6057 586,649 0
282,5266 683,184 0
229,6143 623,3814 0
307,0477 608,1294 0
332,898 615,5224 0
235,5715 681,1572 0
218,2643 603,5775 0
230,9521 604,5293 0
270,0458 640,7711 0
307,9307 611,433 0
294,6786 678,6839 0
303,7218 626,9887 0
273,7204 669,0602 0
267,5596 642,9713 0
231,8708 601,0004 0
292,9956 568,245 0
216,9215 599,2931 0
274,3267 652,8929 0
223,6838 612,9721 0
231,3382 582,8672 0
227,9129 640,6912 0
267,3049 623,6457 0
259,13 614,4775 0
260,7288 629,2426 0
235,3144 660,0184 0
292,1684 610,1103 0
250,6169 662,0114 0
205,8944 624,0592 0
275,7938 692,6231 0
255,3698 640,6027 0
315,4903 637,9863 0
231,4197 665,9193 0
237,6964 616,9635 0
325,831 637,9008 0
313,8343 580,0852 0
242,4386 584,5515 0
246,1244 573,2071 0
319,9895 651,7978 0
225,2401 667,2673 0
293,1034 663,8135 0
213,4871 637,9292 0
267,3154 674,2389 0
283,0535 588,7626 0
248,0625 566,557 0
295,594 571,4716 0
288,1007 595,0475 0
295,962 586,5036 0
258,3149 570,1965 0
296,567 629,6225 0
241,2474 623,8587 0
225,3547 650,3341 0
275,348 615,3099 0
321,255 655,0834 0
291,6669 586,7336 0
277,9142 631,8789 0
215,6679 610,7312 0
257,2406 619,902 0
240,3666 652,8801 0
218,6314 626,0952 0
300,1875 591,793 0
231,2501 621,8438 0
245,8534 605,0861 0
217,5011 623,9489 0
210,4113 650,1412 0
319,9144 605,0647 0
295,0843 625,3135 0
315,3264 598,6051 0
239,1474 630,8251 0
307,222 632,9744 0
281,5066 617,748 0
277,2805 609,9836 0
251,5705 685,8944 0
303,6138 670,6379 0
298,4006 657,919 0
325,7651 653,6123 0
230,0714 590,3964 0
290,8717 596,699 0
241,3134 625,4083 0
226,3553 647,934 0
218,5822 606,8716 0
276,0448 651,9882 0
271,606 600,1629 0
243,6247 625,404 0
211,035 654,1718 0
298,5462 601,4227 0
287,717 668,1467 0
219,7744 624,001 0
253,4006 565,3316 0
263,3792 652,4085 0
218,5528 651,5183 0
283,1063 565,5755 0
312,8576 618,3933 0
239,089 649,9235 0
231,0309 617,7306 0
309,1855 667,8649 0
209,0528 643,1958 0
247,485 651,0785 0
271,2205 671,7988 0
271,6002 607,1813 0
249,5382 576,7756 0
311,3746 669,1379 0
250,9824 621,8273 0
204,5154 637,8833 0
211,2405 598,2571 0
257,3597 620,0833 0
215,8307 627,5444 0
258,6885 630,3889 0
252,0208 668,6752 0
257,8237 569,0154 0
291,755 595,842 0
266,8117 637,0028 0
326,808 650,4883 0
253,4261 613,1547 0
264,4154 620,563 0
284,895 606,4815 0
299,1702 672,449 0
206,2922 640,6656 0
257,9006 614,2498 0
253,5992 691,7897 0
278,9833 668,6399 0
294,9081 580,6268 0
294,1063 627,4477 0
245,7541 613,6869 0
277,022 591,3978 0
256,1525 661,9053 0
233,5734 624,5842 0
254,1037 631,9884 0
326,1622 614,6289 0
291,713 582,5254 0
302,8909 577,3515 0
267,623 595,1816 0
305,5612 612,1034 0
249,028 626,9224 0
274,3234 640,7898 0
273,7582 602,6046 0
218,3463 621,9521 0
301,1955 674,8905 0
289,093 679,0161 0
319,3597 589,6035 0
255,6375 666,5582 0
274,7382 685,3491 0
328,7628 645,1367 0
252,21 657,8895 0
231,7072 657,4622 0
241,5357 595,2168 0
281,248 567,0191 0
245,1676 631,4794 0
241,2484 651,9665 0
324,4139 628,3162 0
321,8305 602,1814 0
303,528 611,4101 0
222,4866 657,691 0
259,8157 618,4976 0
300,0072 615,8712 0
297,2521 624,217 0
261,8173 603,7966 0
239,8015 571,5546 0
264,3247 672,2187 0
306,2966 681,4673 0
327,1544 648,2244 0
262,38 579,4675 0
232,111 681,0707 0
256,1577 608,6137 0
211,3812 649,59 0
309,2033 607,3454 0
313,8321 583,4218 0
233,6088 642,073 0
246,327 587,9357 0
241,2174 675,3392 0
272,199 667,2314 0
266,9057 586,9208 0
301,4071 595,4942 0
284,1766 600,0784 0
268,1021 685,8877 0
244,3275 680,5692 0
239,1642 645,2328 0
241,4628 570,9336 0
302,1452 660,687 0
300,2673 648,0646 0
313,9108 642,6438 0
271,5048 661,3188 0
240,0155 578,9245 0
266,467 576,2733 0
272,4729 587,4409 0
289,2678 652,7573 0
297,1912 685,3833 0
276,4653 584,0612 0
272,6228 577,6219 0
221,5753 598,3442 0
270,6401 691,2986 0
308,1544 619,7243 0
319,2589 654,6007 0
324,4793 655,2044 0
318,5242 603,0705 0
270,12 657,7035 0
256,2473 643,6831 0
279,2013 681,6155 0
204,6302 628,0167 0
301,4629 593,2252 0
264,4746 647,5602 0
304,4547 676,4472 0
237,4072 662,7782 0
206,3987 644,4923 0
267,5079 663,7791 0
299,6794 596,9931 0
232,7482 653,8403 0
253,9001 664,1242 0
286,388 636,1835 0
297,7188 650,2549 0
270,3677 691,359 0
290,8706 577,432 0
334,0339 634,4962 0
322,4148 618,2707 0
236,7283 600,6662 0
265,8066 636,6448 0
333,6945 626,5939 0
255,5047 638,6891 0
275,2628 685,9858 0
249,4518 598,746 0
248,4303 648,693 0
288,2643 568,6767 0
233,5407 643,164 0
249,9396 627,8617 0
264,1297 668,7868 0
267,9921 619,4888 0
250,2989 674,2605 0
212,139 618,3578 0
319,3743 593,288 0
264,8174 597,4101 0
287,504 639,5335 0
318,3854 660,4602 0
317,7066 638,4984 0
289,4192 582,7232 0
235,6532 638,6364 0
234,2702 640,2888 0
214,6355 604,694 0
285,3489 646,0848 0
281,2183 692,475 0
330,7469 626,1312 0
274,7361 611,5941 0
302,6641 664,1171 0
315,674 616,1882 0
314,3158 672,6337 0
228,2128 619,3177 0
306,0126 601,5662 0
291,6717 591,0927 0
286,0771 656,892 0
307,7784 650,1057 0
207,9613 608,6535 0
217,9638 630,2917 0
289,6693 648,078 0
297,1044 642,7767 0
314,7018 662,2581 0
332,5867 617,8596 0
229,638 619,2777 0
273,5751 632,9843 0
235,7537 653,0568 0
272,0128 574,7211 0
215,2728 651,197 0
275,3452 606,7551 0
304,2282 577,809 0
218,3317 657,2251 0
305,9933 617,4935 0
227,9338 598,2361 0
282,1965 567,9915 0
204,6271 620,299 0
246,9495 648,8095 0
259,0443 633,0965 0
248,309 589,7561 0
237,0473 655,6308 0
238,9444 589,253 0
313,2143 676,0468 0
242,1226 651,2172 0
301,5628 644,8914 0
303,7779 633,3303 0
286,7664 580,9582 0
266,6575 626,346 0
260,0624 684,1153 0
224,5465 649,6663 0
250,3313 667,8662 0
261,6997 604,9184 0
240,7089 644,5302 0
291,5841 584,1381 0
290,3629 573,4309 0
328,4843 637,3056 0
246,3886 632,7154 0
208,7806 648,512 0
267,0964 665,3163 0
223,9646 645,6873 0
255,7592 657,0394 0
258,848 684,3284 0
331,3506 614,6949 0
248,2244 626,9789 0
310,8285 660,0682 0
255,9634 615,9087 0
240,9195 622,1719 0
296,2454 683,5668 0
302,7461 642,1045 0
288,6165 644,8143 0
277,7637 627,8036 0
306,7735 642,2579 0
276,302 625,8969 0
290,6177 671,0563 0
247,6699 592,2704 0
261,1072 688,9754 0
220,2146 608,3328 0
328,6621 654,9358 0
281,714 668,4418 0
274,4691 633,2164 0
260,1685 645,3173 0
268,9852 645,4095 0
300,8076 599,577 0
314,9467 621,8711 0
238,8735 624,5135 0
239,7868 647,1087 0
254,3659 600,2705 0
295,9736 584,2373 0
253,2412 683,5956 0
283,9353 624,5955 0
253,2788 593,2996 0
260,6658 603,9283 0
325,6697 621,4827 0
245,2373 567,5475 0
273,0081 567,834 0
236,1893 599,264 0
227,505 647,4183 0
294,2147 688,5749 0
315,0444 638,482 0
289,2285 569,5778 0
271,7031 586,5624 0
260,1496 625,9835 0
295,8949 615,8934 0
227,4802 643,5608 0
271,1091 582,3058 0
217,4776 643,0132 0
233,8714 594,3011 0
217,7236 594,8666 0
280,8988 564,574 0
320,5331 598,0842 0
305,313 669,9974 0
276,9984 635,1164 0
332,6225 614,3556 0
283,8063 656,0495 0
210,2621 618,3244 0
257,0823 567,4911 0
276,711 628,6174 0
228,9746 624,1601 0
273,1806 567,6105 0
261,3127 616,6961 0
325,1841 594,3048 0
316,5258 669,3489 0
289,4753 565,5948 0
219,7183 607,1247 0
288,7138 618,223 0
298,6799 643,6062 0
261,9108 653,7832 0
269,3214 619,6033 0
324,2211 614,3523 0
306,6746 613,5056 0
312,0741 667,176 0
327,0895 643,3661 0
291,2059 599,7754 0
234,8325 580,252 0
251,4863 655,6125 0
298,2151 664,5813 0
331,4388 615,6068 0
308,4422 665,532 0
318,4336 647,0529 0
287,6069 598,5771 0
320,1566 665,2092 0
234,1994 585,0222 0
305,0312 640,2942 0
321,9038 656,0771 0
240,4461 629,4814 0
243,5039 597,2124 0
332,6301 637,4627 0
249,1396 690,1455 0
220,3714 651,7599 0
280,4008 591,62 0
303,8424 584,0282 0
317,4794 652,7946 0
241,7654 678,1493 0
251,2728 679,4305 0
233,4413 630,8014 0
315,8922 594,788 0
216,2812 590,1008 0
219,1598 596,7743 0
282,4022 597,2101 0
310,0423 594,637 0
232,2813 648,5141 0
222,2126 637,5171 0
322,5071 642,2955 0
280,7796 606,6355 0
238,1525 648,1777 0
329,9295 636,3207 0
269,5328 603,9333 0
295,2851 642,9025 0
258,8138 648,4752 0
216,3071 646,072 0
257,4312 593,6531 0
291,2289 609,3358 0
234,0327 659,2721 0
226,1479 643,0925 0
312,6333 590,862 0
241,4751 672,1043 0
287,7294 657,512 0
222,2674 583,6502 0
283,7343 570,3639 0
323,7294 612,5322 0
227,9763 661,5678 0
258,2939 637,6644 0
272,0055 623,5708 0
242,3935 584,0299 0
214,8565 629,2168 0
311,8492 600,7901 0
294,7706 608,7514 0
216,7878 606,5584 0
241,4274 686,0006 0
280,171 571,132 0
213,6978 620,5035 0
297,0976 616,5431 0
238,0263 573,8015 0
322,1841 589,9306 0
212,2292 628,0021 0
221,6799 627,0414 0
281,2051 569,0194 0
228,7965 630,6283 0
208,5263 603,8632 0
240,8471 591,6323 0
232,7097 628,984 0
250,779 578,5698 0
225,5413 660,9062 0
250,794 622,632 0
269,3022 682,3687 0
269,8898 642,3465 0
226,7364 587,2406 0
260,8152 651,465 0
283,1877 574,5143 0
222,9244 618,9142 0
329,7629 638,9756 0
306,7354 594,1295 0
223,5013 642,61 0
221,6139 583,0986 0
298,5639 670,9559 0
283,2368 677,9394 0
270,0125 601,0367 0
316,4806 585,8724 0
334,1829 625,433 0
224,4665 631,8772 0
251,1007 673,9162 0
258,9158 683,6359 0
236,4575 661,6197 0
309,2517 666,6812 0
233,9281 643,7044 0
225,6907 629,2363 0
251,9944 604,5965 0
284,5391 645,3163 0
222,1496 589,6856 0
284,3403 658,2438 0
241,4691 574,2021 0
321,2528 593,5233 0
304,4986 631,1149 0
290,0599 619,5734 0
265,6824 588,8625 0
308,8098 641,2236 0
295,6084 590,8465 0
229,3189 602,013 0
307,2232 641,5187 0
282,4721 687,4693 0
301,7082 629,3264 0
304,7475 623,1341 0
222,0763 673,5687 0
262,4139 653,511 0
270,1555 687,1969 0
291,7088 610,9271 0
261,1438 681,5198 0
222,7258 657,7962 0
217,5441 664,4813 0
285,2333 655,6908 0
328,563 615,517 0
312,4084 587,3332 0
253,0076 597,2706 0
257,9231 635,1491 0
224,0818 637,5425 0
283,3696 667,2463 0
207,0116 641,05 0
271,8449 575,9755 0
286,9205 672,2448 0
310,8353 642,3791 0
264,3524 606,5481 0
301,2001 623,0001 0
274,2406 692,0865 0
226,0566 667,0425 0
263,4168 572,3476 0
268,354 664,5082 0
288,1871 656,6782 0
310,8529 593,9069 0
257,6985 622,5709 0
268,5281 646,5942 0
297,1217 654,5951 0
329,3962 602,7335 0
314,7723 635,3197 0
264,4582 685,3422 0
205,9529 645,8646 0
243,6711 678,0351 0
314,9222 630,9568 0
258,6823 582,532 0
288,4009 647,959 0
222,2254 615,8643 0
260,7136 652,1998 0
222,0265 628,6409 0
258,0604 578,441 0
266,105 653,2087 0
278,2663 639,4463 0
304,8108 678,5179 0
229,1999 654,6827 0
271,1943 653,3239 0
227,2059 654,4487 0
641,6501 187,9307 1
653,5628 179,3133 1
717,3175 264,8882 1
593,0482 249,3101 1
660,306 249,3193 1
683,4688 207,1554 1
651,403 241,4268 1
684,1457 165,266 1
637,8406 242,8033 1
652,6176 288,0435 1
619,2097 270,7907 1
652,7979 171,8441 1
635,1475 208,5658 1
656,1126 228,2259 1
614,9541 237,1766 1
605,8308 261,6458 1
707,809 218,305 1
720,6295 159,142 1
650,4083 275,709 1
688,892 262,5264 1
594,6079 275,096 1
710,3231 181,2231 1
695,0564 218,6049 1
612,1679 170,1302 1
597,8179 251,1283 1
715,6563 261,7425 1
631,6321 165,3772 1
714,2506 257,2632 1
683,7258 162,8952 1
644,8554 199,5443 1
637,9884 183,1543 1
594,3576 195,4346 1
672,8379 192,4129 1
674,6948 162,4784 1
591,2547 212,195 1
616,1076 284,8927 1
594,2251 160,0496 1
686,3147 224,3699 1
687,233 228,6747 1
663,055 266,4845 1
707,4588 167,5406 1
672,7736 265,3511 1
616,9864 221,8243 1
591,1866 197,6668 1
596,5908 202,7679 1
706,0397 180,3837 1
615,5736 235,4962 1
652,5841 251,9977 1
601,6304 226,8843 1
668,1248 241,8008 1
602,8827 229,2387 1
593,454 162,4349 1
701,9727 185,3566 1
644,0624 174,6947 1
665,5165 206,9549 1
650,7305 249,7707 1
711,2295 209,5099 1
663,434 288,9806 1
617,6828 170,2256 1
708,4512 202,5312 1
659,9177 252,1483 1
622,1471 256,9629 1
636,0434 278,3725 1
640,1122 255,6672 1
671,4569 281,8311 1
589,1673 266,2333 1
640,4744 178,3423 1
672,2035 208,3656 1
593,93 213,3833 1
679,9074 202,728 1
613,6907 196,4879 1
637,1283 202,3101 1
607,0608 237,2172 1
634,978 207,7724 1
653,6882 253,3249 1
712,7092 218,7169 1
624,8591 263,0441 1
596,0008 177,9416 1
641,9573 183,3432 1
602,4858 169,4769 1
703,3898 262,5545 1
643,1899 165,5648 1
631,4193 158,9498 1
612,0045 246,7294 1
604,1165 160,6433 1
652,402 238,7016 1
715,0407 214,6219 1
717,3054 172,1977 1
656,2734 201,7606 1
610,3601 240,4179 1
621,0772 276,349 1
618,8086 244,6132 1
682,7201 242,964 1
635,7539 184,1907 1
633,901 286,4405 1
638,8037 252,5569 1
650,73 286,2517 1
646,9186 207,2688 1
720,3644 178,7785 1
713,7451 273,0466 1
670,1672 239,7543 1
705,7972 224,8176 1
714,6532 284,5932 1
705,5556 281,1972 1
634,5043 230,3632 1
592,8873 252,6775 1
619,5823 273,8391 1
669,1433 281,2826 1
625,1348 183,3741 1
632,8776 287,5614 1
643,2875 182,2501 1
670,333 194,5278 1
592,4319 189,7233 1
675,6759 250,5227 1
623,2657 243,1515 1
705,4161 223,958 1
632,009 178,3953 1
638,5315 268,5188 1
634,7177 236,1078 1
646,5227 205,6349 1
699,6323 216,5798 1
635,957 281,9006 1
653,1454 285,4832 1
698,017 184,6056 1
621,2416 285,1555 1
605,1498 242,6549 1
606,1579 190,9939 1
638,1222 262,8955 1
627,5299 258,0801 1
687,6189 221,2276 1
598,4386 213,3297 1
640,9747 175,8697 1
695,5359 187,2638 1
624,7192 168,7572 1
598,827 198,9239 1
699,3135 274,2947 1
708,7035 235,504 1
681,7958 170,545 1
627,468 164,948 1
717,006 210,4249 1
707,8593 161,061 1
708,6428 211,5919 1
665,9819 218,6117 1
601,6149 239,4456 1
670,5635 270,4502 1
708,9779 224,0279 1
602,6085 225,8436 1
644,2072 180,5974 1
609,2853 245,0321 1
648,638 163,2644 1
689,2781 205,4333 1
658,6114 223,3126 1
623,8575 199,9752 1
697,1974 288,6963 1
644,5624 213,7109 1
609,3228 272,6902 1
708,6626 183,1722 1
622,7124 273,7821 1
717,459 233,8433 1
606,2627 237,638 1
676,0037 162,686 1
656,2947 159,3303 1
667,9622 220,8256 1
685,5929 266,0108 1
590,1132 208,3052 1
632,2183 256,8207 1
705,373 222,2443 1
696,7896 228,0711 1
687,253 209,7855 1
710,261 177,5875 1
670,3023 263,892 1
649,179 158,6024 1
714,358 223,3565 1
683,9853 232,6937 1
643,319 250,3105 1
716,1386 233,0014 1
631,6784 195,0713 1
719,6605 165,3239 1
652,198 163,3417 1
656,1669 205,6783 1
697,8707 218,5775 1
595,5306 242,5246 1
614,7194 214,763 1
687,0243 252,0937 1
704,9936 273,8871 1
616,1295 262,1185 1
630,9734 246,0864 1
602,149 172,7587 1
671,8598 274,7243 1
677,3479 247,623 1
716,1226 209,5993 1
683,5504 286,5277 1
717,1984 229,0281 1
590,9545 168,9996 1
681,5768 165,7238 1
606,3837 245,5117 1
639,079 218,1894 1
718,2743 284,0626 1
641,5315 244,7755 1
615,4082 220,9396 1
684,0535 197,5989 1
675,728 164,3758 1
674,8245 262,196 1
706,5332 230,2965 1
666,4655 182,0858 1
639,9348 178,4639 1
713,0626 161,3416 1
707,6538 273,067 1
703,3828 224,8242 1
705,0822 262,1691 1
702,9729 246,9018 1
621,9801 279,4104 1
659,6059 159,2851 1
642,2658 210,9785 1
595,9309 205,0301 1
630,0633 229,0979 1
710,2036 162,8137 1
595,5018 218,1518 1
674,6183 163,2615 1
707,721 171,0384 1
709,0316 197,4082 1
642,1163 283,4776 1
647,7646 212,2975 1
642,0657 170,7215 1
704,6854 244,2793 1
610,2135 186,4855 1
596,9249 256,7353 1
600,8391 245,9062 1
622,341 245,7691 1
654,9268 166,943 1
688,2471 246,8193 1
595,2547 251,8827 1
594,9368 285,2055 1
620,1549 244,4646 1
687,1817 216,2944 1
641,5543 238,6363 1
688,15 248,2725 1
601,4873 234,0617 1
611,0874 244,4375 1
687,4778 251,2403 1
644,62 222,4731 1
671,021 171,4617 1
719,6861 229,3458 1
590,8524 161,8074 1
701,8718 284,2634 1
661,7725 235,0233 1
660,3186 184,5618 1
602,5038 286,3271 1
611,3941 204,4361 1
678,3883 208,0772 1
653,9571 220,1094 1
594,6909 272,7164 1
619,323 163,331 1
657,8556 274,5203 1
644,9244 194,0238 1
665,2692 247,4141 1
678,1861 168,4515 1
636,9184 221,4907 1
630,2755 241,449 1
632,7845 188,8441 1
660,1594 256,0646 1
643,9002 227,9524 1
665,7936 253,3843 1
590,7012 261,0778 1
679,2902 159,3624 1
617,638 247,0172 1
662,553 238,156 1
629,9675 254,0235 1
663,1393 194,7637 1
657,2299 170,8329 1
649,0036 231,6933 1
644,1204 269,4697 1
591,2952 266,934 1
619,2987 227,8648 1
622,5288 171,6863 1
636,1352 205,3119 1
607,2145 262,1006 1
620,4769 171,399 1
599,4306 183,704 1
659,2204 243,2901 1
638,8398 248,2432 1
603,8136 207,0965 1
713,2948 176,3506 1
612,7631 222,5654 1
648,4502 253,736 1
592,808 172,4246 1
716,6892 183,5389 1
675,6263 170,4641 1
685,1962 221,0207 1
649,7727 245,7951 1
650,1487 284,9572 1
684,0036 202,717 1
606,7726 236,8882 1
644,2286 160,2368 1
647,3994 288,8101 1
622,0309 282,5217 1
689,6824 249,9467 1
630,0363 265,4306 1
650,7754 185,9088 1
598,3623 228,7576 1
684,5448 234,8551 1
682,9655 158,9351 1
711,7818 173,1918 1
694,9094 264,6797 1
713,9012 211,8994 1
667,4067 276,4313 1
604,7561 265,7514 1
710,9507 187,4204 1
710,9705 223,4896 1
697,9275 247,814 1
682,5816 209,4464 1
650,8115 287,6279 1
674,809 270,1569 1
718,3775 266,958 1
656,4063 175,1772 1
592,3186 185,568 1
618,3262 241,6275 1
690,2438 271,9884 1
670,3196 240,9036 1
718,2329 231,0181 1
702,6113 175,5522 1
670,9615 213,881 1
626,9408 264,4804 1
609,8633 247,2828 1
632,0215 285,4696 1
623,8811 236,2228 1
616,872 199,3927 1
631,0636 200,6558 1
717,4875 232,5811 1
626,5968 281,9603 1
717,9681 278,4655 1
607,8177 281,6608 1
712,4871 184,9158 1
593,3384 259,9626 1
707,3786 259,6281 1
677,6147 161,3954 1
611,1426 168,4633 1
640,1303 221,2292 1
658,312 260,81 1
635,8167 255,3085 1
634,8916 187,8529 1
614,42 159,5693 1
654,4784 200,0475 1
607,2243 203,7388 1
703,1884 195,1567 1
643,8803 272,581 1
660,1615 169,8785 1
624,0408 239,542 1
640,6856 206,3957 1
632,0871 175,7589 1
692,874 280,1037 1
684,4399 190,1361 1
690,3516 238,3252 1
621,7768 215,5581 1
686,5493 251,992 1
654,9386 266,2908 1
614,9749 167,0806 1
679,3865 272,2425 1
654,2234 268,0094 1
600,7801 166,9911 1
718,5108 171,2585 1
703,5793 188,3455 1
604,1579 258,1482 1
709,5276 190,7031 1
627,7209 211,0132 1
593,4586 183,5715 1
620,3607 248,935 1
666,0743 288,368 1
683,5613 195,7464 1
717,174 177,9663 1
627,4538 210,1966 1
614,2719 286,4556 1
660,7698 281,9679 1
674,6226 278,1843 1
712,8444 243,6597 1
593,3799 185,4027 1
599,108 247,9053 1
716,9479 226,6807 1
668,1503 274,4656 1
650,5399 263,7658 1
642,7093 224,4417 1
714,5404 266,6573 1
612,8341 287,6753 1
695,4781 223,4165 1
644,9868 210,9581 1
706,2421 232,5886 1
635,9981 204,8439 1
648,6381 208,1068 1
593,5544 193,6604 1
627,4585 177,1586 1
593,2949 244,7438 1
674,9481 224,7332 1
698,6135 208,9673 1
675,8819 202,4342 1
700,904 269,3132 1
668,4248 205,6268 1
681,2598 255,5385 1
638,5275 232,1048 1
697,5308 212,9079 1
693,8186 211,1992 1
603,1613 255,5212 1
628,7867 230,6152 1
658,3779 161,9364 1
692,5007 173,2702 1
596,0624 166,5917 1
699,2007 220,0211 1
638,045 268,954 1
696,7982 196,4069 1
710,5665 247,373 1
656,6565 270,3939 1
708,3076 190,2965 1
717,9781 223,6024 1
684,65 191,8027 1
647,71 276,6043 1
613,7295 277,3292 1
694,0838 281,6208 1
653,3616 237,0334 1
606,7375 159,3119 1
677,0621 184,3908 1
652,8283 178,3382 1
686,1592 254,4403 1
652,6205 236,989 1
603,3822 225,5108 1
617,7462 197,4072 1
635,3377 258,3161 1
592,6653 228,8078 1
652,9232 284,9765 1
610,8071 276,5725 1
624,0015 255,8313 1
685,4623 265,2171 1
709,552 227,8296 1
609,6956 204,9669 1
687,0339 166,8364 1
699,3863 188,0386 1
592,8442 245,3703 1
614,9582 239,7146 1
619,5171 179,0862 1
672,442 186,9101 1
638,7124 263,7455 1
619,2233 255,1709 1
592,0555 221,463 1
608,1578 175,9032 1
682,538 216,7012 1
699,6947 191,1256 1
617,4565 174,777 1
599,2306 231,1449 1
627,7632 244,5765 1
696,1231 243,2991 1
682,22 228,7228 1
659,6252 219,2699 1
667,8926 178,6161 1
685,4592 196,4587 1
617,2915 166,5688 1
634,8307 211,5325 1
714,8603 210,6816 1
593,3897 237,4829 1
663,5314 220,1591 1
592,9782 275,4065 1
599,7146 193,4383 1
615,9616 206,7031 1
684,3528 230,8046 1
680,5215 248,4998 1
664,573 197,0956 1
593,496 218,8495 1
630,9825 220,6428 1
647,185 264,6139 1
681,8015 229,7799 1
603,9953 205,9302 1
674,7967 232,043 1
597,8816 194,7744 1
613,3706 229,6177 1
720,2478 191,3709 1
642,1856 229,6365 1
602,3038 159,0625 1
684,3416 281,6066 1
679,8308 233,7439 1
664,3997 232,5487 1
653,8904 206,0733 1
653,4361 253,3533 1
646,2175 199,4148 1
631,8309 217,4119 1
654,8736 193,8319 1
704,6419 188,7558 1
708,1888 216,4335 1
695,1812 289,7368 1
665,1074 278,9933 1
608,8085 191,7086 1
625,7552 186,9996 1
600,9733 202,2206 1
629,3825 210,154 1
701,1848 280,9084 1
703,7899 200,8292 1
697,8543 235,57 1
678,9295 274,1061 1
597,8532 201,8387 1
615,5781 160,7514 1
619,1474 210,4174 1
627,8141 176,8584 1
715,0121 271,0124 1
687,4837 264,8623 1
656,1043 163,9083 1
617,9269 226,2555 1
600,0605 268,5482 1
684,9383 194,5654 1
705,3103 185,5374 1
675,272 240,0216 1
656,4379 160,1614 1
676,9549 170,8265 1
682,6966 239,8129 1
669,2563 216,0578 1
677,172 258,6456 1
669,3685 209,9695 1
653,6127 176,3256 1
615,6831 234,8197 1
647,0887 183,9245 1
614,0086 279,3441 1
677,4111 160,8023 1
637,1533 264,6059 1
594,6355 237,7507 1
718,0055 258,1911 1
661,9984 209,7203 1
719,5776 177,5829 1
663,273 262,1308 1
690,4331 226,0344 1
688,8058 184,0623 1
700,5018 185,376 1
625,3876 191,5546 1
688,4929 181,9278 1
717,6315 178,789 1
693,949 220,0544 1
602,6773 206,1057 1
686,4407 178,885 1
593,8085 221,6081 1
605,4825 251,3375 1
697,965 273,5333 1
699,4604 174,8201 1
653,1518 207,6175 1
592,1906 263,8519 1
708,3917 221,3614 1
631,687 254,3273 1
613,1359 237,4007 1
659,2988 235,2662 1
594,9433 193,1147 1
662,5826 192,6281 1
675,7585 239,1529 1
654,1106 225,1322 1
700,263 187,7398 1
610,8683 270,0138 1
616,5414 164,4157 1
630,9812 189,2606 1
607,7043 186,2979 1
708,2151 262,1111 1
719,1223 231,9986 1
670,0263 223,4591 1
715,5757 159,0092 1
703,8969 164,2997 1
659,8913 199,6652 1
717,27 257,4612 1
601,5316 202,7262 1
590,6089 169,6097 1
664,1245 240,163 1
650,9347 232,874 1
693,0618 167,9134 1
598,6546 224,4267 1
708,068 223,1733 1
679,5754 247,9728 1
593,0334 279,2132 1
646,7034 179,3325 1
702,4256 177,7616 1
626,7628 185,1705 1
642,2377 194,6742 1
658,3245 265,4107 1
665,7028 254,9044 1
650,0167 217,9905 1
661,8949 185,7218 1
678,4967 207,3441 1
720,8613 258,6718 1
694,6949 195,371 1
676,0707 232,9475 1
681,3007 201,632 1
649,7356 167,6444 1
636,5386 158,1281 1
658,9574 257,7966 1
652,9945 289,2574 1
620,6666 197,1407 1
591,5789 183,4074 1
608,9721 255,2316 1
643,6762 229,1289 1
645,8034 173,8356 1
641,1067 161,9502 1
700,6263 181,4492 1
645,7374 163,6291 1
713,5284 271,3463 1
704,4099 278,0044 1
638,1192 275,7297 1
718,3091 288,5945 1
670,4568 172,3644 1
664,9801 222,7068 1
667,6074 284,4966 1
621,9056 281,0574 1
676,4656 223,9122 1
624,8926 220,7658 1
666,1056 180,6645 1
636,4665 195,0764 1
713,2041 265,3019 1
667,0627 251,272 1
621,9703 252,3531 1
649,0026 212,9839 1
695,5383 289,3745 1
594,0814 212,4649 1
706,9193 184,0465 1
702,047 236,3798 1
656,3846 266,5982 1
673,333 249,2847 1
624,5414 218,2745 1
683,1159 202,1978 1
640,3839 190,6026 1
623,099 231,5362 1
593,2486 258,8954 1
696,3809 194,1736 1
634,8692 248,729 1
707,3507 175,4932 1
678,6236 202,0568 1
654,7571 245,0435 1
635,5824 262,1727 1
655,9327 266,7723 1
635,1169 193,9146 1
699,6091 285,7994 1
713,5891 213,2966 1
607,843 231,3028 1
602,0451 207,1864 1
656,2792 203,3316 1
718,8493 278,6948 1
652,3092 210,2225 1
655,8451 209,6187 1
594,6394 264,784 1
608,893 271,5825 1
591,3679 179,5261 1
685,5359 250,4449 1
636,8723 219,9527 1
708,0567 278,0923 1
656,647 268,2951 1
639,3422 219,9139 1
695,6816 178,0547 1
707,7323 213,054 1
646,0563 270,337 1
695,4324 257,9656 1
595,1377 184,1945 1
607,0825 277,8355 1
655,088 241,0624 1
678,7242 181,1324 1
663,36 205,8581 1
622,6746 243,8244 1
670,4316 276,4274 1
718,7106 289,7447 1
675,2395 160,7615 1
692,4878 270,1273 1
682,6055 243,7697 1
688,2608 274,5187 1
600,4049 178,3817 1
628,7447 189,065 1
631,3081 267,3672 1
616,3467 234,6041 1
704,6351 264,499 1
687,0223 166,0425 1
718,1924 164,5462 1
604,6506 196,1702 1
697,9215 287,0785 1
636,0944 261,371 1
674,7669 285,1677 1
659,006 229,6086 1
691,383 178,8188 1
593,9583 282,6206 1
698,1257 168,3203 1
615,6242 260,4301 1
686,2372 284,6955 1
592,5003 161,0812 1
596,2106 175,0473 1
639,0609 285,9351 1
631,0297 231,8292 1
618,2518 194,9111 1
713,3101 200,9368 1
689,8754 158,7338 1
608,3271 276,0042 1
665,6895 270,5492 1
715,4954 165,4014 1
692,9354 243,196 1
613,0737 268,1674 1
636,533 242,9719 1
664,6997 275,4782 1
662,3207 191,9082 1
605,8176 261,2351 1
611,4932 256,3691 1
659,1417 282,9744 1
599,7791 250,2149 1
633,0082 210,5354 1
601,9238 215,8215 1
630,7974 286,7888 1
676,6869 289,9244 1
707,5678 214,2151 1
637,8296 161,5538 1
603,6231 253,2358 1
658,4684 254,2556 1
703,942 264,9387 1
629,6844 162,3439 1
693,2327 212,2015 1
599,4263 185,1036 1
686,8296 233,2076 1
662,5129 225,6662 1
689,7328 215,9585 1
644,9366 280,7047 1
673,7982 175,6284 1
697,6871 227,1461 1
682,4177 236,4685 1
714,9612 276,7754 1
712,9854 170,4566 1
670,8928 158,9044 1
654,0289 210,0009 1
611,8314 249,2068 1
606,0913 235,7465 1
687,7187 237,3699 1
701,281 206,8945 1
600,2552 217,3901 1
619,8642 258,4329 1
655,32 180,1386 1
667,3574 209,2919 1
692,5012 184,2529 1
602,2822 159,6741 1
701,6115 162,4559 1
645,0798 200,6732 1
600,7134 170,0837 1
628,6358 158,7842 1
598,4414 188,9027 1
674,4531 248,0188 1
635,3087 226,2223 1
659,7115 239,0824 1
662,2012 192,8607 1
631,2903 158,4272 1
693,4107 183,696 1
687,2831 195,988 1
698,3224 173,3377 1
676,6193 173,0188 1
718,2736 244,8771 1
631,1107 228,688 1
717,1144 239,728 1
689,576 233,9506 1
631,6479 259,2422 1
604,6525 221,7077 1
713,3976 204,0893 1
703,4851 277,3732 1
678,0427 177,3102 1
615,6918 251,7097 1
663,3827 241,5115 1
701,8342 210,1551 1
644,8362 249,837 1
649,0823 267,8518 1
605,2505 212,1575 1
671,841 241,2049 1
679,1885 232,3461 1
659,815 227,03 1
702,8862 287,5525 1
658,3206 159,2186 1
647,7097 188,072 1
697,6096 282,3362 1
697,2194 276,7008 1
593,5524 273,6792 1
693,8356 235,3954 1
625,2342 260,0583 1
690,6245 228,609 1
635,8522 168,9382 1
664,8658 182,8472 1
641,755 201,5497 1
622,8336 168,7916 1
670,5517 166,207 1
601,6154 159,7617 1
686,9211 215,2985 1
713,8159 160,3394 1
696,0881 257,2846 1
688,6345 215,6539 1
663,8855 161,5225 1
694,0761 197,1268 1
682,9081 282,8524 1
679,9491 194,4022 1
678,467 252,6189 1
691,8248 261,7383 1
637,8883 277,1613 1
696,2749 166,3122 1
658,1553 253,7978 1
607,4752 253,6899 1
715,9757 197,9421 1
702,6587 282,1411 1
595,0628 281,2254 1
646,9173 186,5259 1
593,7513 273,3653 1
628,5002 266,1607 1
710,0256 288,0071 1
702,0244 161,3671 1
652,6199 194,8788 1
616,906 250,3362 1
604,0577 245,3379 1
655,8445 185,4904 1
688,329 169,7527 1
659,3312 196,7002 1
720,3611 287,1477 1
686,9293 201,5161 1
608,5211 280,1574 1
620,4597 203,9988 1
629,0949 251,5701 1
680,2545 197,7833 1
617,0201 172,6058 1
635,2773 199,6893 1
692,1061 197,5637 1
657,1841 171,4885 1
660,5579 210,5843 1
705,2908 191,3663 1
629,8265 208,0117 1
605,9323 277,1685 1
662,6417 240,2044 1
597,8457 172,6946 1
689,5375 199,6307 1
634,9754 206,1044 1
594,2672 203,6998 1
657,4961 263,9285 1
719,2062 229,0146 1
688,8677 175,2239 1
652,179 268,5996 1
607,3795 248,0927 1
668,097 233,1428 1
682,9139 261,0817 1
660,3831 285,4039 1
711,55 204,9065 1
656,3597 287,6813 1
626,1513 259,4959 1
615,6129 267,5912 1
594,2229 281,5261 1
636,8002 255,403 1
599,095 172,4167 1
634,4536 188,785 1
680,8837 180,1852 1
629,0336 238,0575 1
617,6991 268,6081 1
704,826 196,9079 1
699,215 163,8119 1
691,2254 242,0169 1
711,9869 225,719 1
677,5356 266,1517 1
666,7936 265,6984 1
619,6226 273,0267 1
656,8043 194,3221 1
702,5867 188,5906 1
717,5121 230,304 1
719,0787 260,3894 1
673,1472 189,4994 1
631,9681 180,2676 1
639,6768 237,2675 1
664,7745 167,9089 1
623,5185 188,5517 1
639,6109 165,5792 1
691,737 249,708 1
636,339 285,9245 1
669,7669 178,4106 1
590,223 192,7898 1
674,5955 216,8929 1
622,5732 279,7617 1
718,8597 221,3306 1
605,7028 242,5019 1
608,4578 226,3493 1
691,9796 222,9284 1
635,0441 244,4409 1
690,835 231,9101 1
719,169 261,4991 1
701,3005 276,3849 1
589,8494 215,7326 1
612,9729 258,6686 1
715,9941 177,8944 1
719,269 196,2152 1
690,3837 214,0619 1
603,4085 237,1988 1
619,7942 280,1322 1
703,7751 281,0281 1
643,3773 197,7455 1
709,1349 225,2661 1
681,551 274,5257 1
643,6497 255,4165 1
641,4271 233,3281 1
616,7036 263,6529 1
604,194 213,6112 1
693,2707 274,8018 1
598,8944 263,0979 1
614,8798 168,7576 1
689,682 217,5685 1
597,1939 217,9936 1
705,909 238,9307 1
699,7994 278,9462 1
702,2938 278,6321 1
639,0112 198,7907 1
625,934 163,0387 1
667,3292 228,4851 1
720,0794 167,5723 1
705,6395 244,9529 1
635,3425 269,2037 1
638,3361 247,8835 1
623,4263 286,3247 1
691,2449 161,8711 1
644,4612 159,0709 1
703,5657 282,4738 1
710,6933 251,8441 1
614,0022 235,2644 1
596,5326 229,0839 1
651,835 174,0569 1
683,8646 213,2637 1
699,8965 160,2312 1
626,0498 176,6369 1
646,2422 223,4416 1
616,1784 169,4355 1
664,7667 216,9838 1
710,9172 231,0233 1
710,0962 164,7063 1
682,6824 242,9316 1
626,7969 166,5938 1
641,8884 227,7584 1
613,2691 159,0099 1
691,669 279,583 1
702,6561 217,0767 1
637,7373 257,8549 1
594,6753 188,782 1
619,944 211,6358 1
597,4918 259,1433 1
591,6133 188,6285 1
617,5794 206,1185 1
615,882 279,6009 1
663,9788 203,9471 1
719,0343 269,6122 1
639,4373 254,2117 1
683,2209 240,8778 1
658,6277 196,1547 1
602,9711 186,1574 1
714,9721 209,6435 1
687,5488 158,2276 1
640,5545 168,6682 1
660,4757 160,3004 1
708,1892 278,3689 1
700,4374 246,1765 1
702,9167 218,3269 1
716,3076 207,4709 1
610,0335 243,2182 1
673,1737 190,4253 1
616,2171 278,9169 1
698,0094 158,6226 1
643,3907 245,7462 1
709,0438 236,3443 1
627,679 240,8175 1
711,8868 186,3624 1
634,1375 242,2569 1
596,1222 171,6323 1
601,8967 247,6105 1
696,3453 286,6574 1
667,9426 190,8305 1
595,5185 281,2158 1
660,9633 272,9827 1
674,0362 236,6974 1
597,5225 287,1824 1
629,0366 201,4689 1
707,2794 226,248 1
677,266 262,4907 1
618,0539 204,1816 1
719,1972 213,8302 1
601,2461 283,8187 1
642,1215 174,772 1
673,4479 282,8561 1
683,5793 178,896 1
687,0451 252,9529 1
599,7645 176,8002 1
713,1867 263,7146 1
682,4309 189,067 1
676,7087 239,107 1
602,3486 244,624 1
684,428 288,2115 1
687,505 186,8273 1
611,6837 169,2205 1
646,0113 161,3934 1
629,0791 221,1844 1
669,0719 184,7339 1
658,0917 244,2626 1
622,3947 208,2966 1
628,5439 242,0908 1
691,0611 248,194 1
616,889 203,3672 1
627,1483 171,6979 1
635,8465 273,8739 1
665,2879 227,109 1
591,1291 198,8856 1
666,8661 167,0568 1
663,8339 207,2843 1
604,7149 179,4634 1
589,5313 174,6841 1
686,912 213,2058 1
643,1611 271,4856 1
664,7042 218,9354 1
706,5587 217,0156 1
374,8144 413,9735 2
381,2676 343,0393 2
402,4372 378,2275 2
432,509 396,2185 2
413,6885 410,1617 2
363,1279 392,7224 2
428,4952 368,298 2
394,5795 370,27 2
392,4052 350,9361 2
435,6581 402,2559 2
368,0483 354,7603 2
465,5999 405,2494 2
399,6276 420,8829 2
398,0104 366,9113 2
370,7946 438,8656 2
444,4494 410,1102 2
390,3723 339,1551 2
399,4276 326,233 2
429,1307 443,8854 2
424,1243 329,5113 2
430,1822 377,1487 2
446,308 356,6458 2
345,5508 418,6009 2
414,7429 366,0912 2
376,0848 398,668 2
339,7937 431,0714 2
359,1199 387,6332 2
385,9857 433,7277 2
358,1619 336,5345 2
392,959 366,7576 2
445,3483 337,0682 2
368,552 333,487 2
422,5606 404,5906 2
405,6781 379,5222 2
428,7958 400,8281 2
419,2083 328,9634 2
369,773 433,0525 2
348,2497 419,6154 2
440,7338 322,2441 2
419,0088 378,7155 2
459,0131 388,1654 2
429,8571 325,4044 2
363,1934 334,2817 2
367,2643 408,499 2
382,5178 342,1135 2
372,9415 356,0815 2
365,7278 354,8739 2
414,839 343,0021 2
414,6025 436,1383 2
387,5662 377,6009 2
450,2167 366,8134 2
441,3532 365,7838 2
357,2965 356,8184 2
432,8516 365,0464 2
384,0408 396,6577 2
465,8684 325,1214 2
385,3892 386,4634 2
457,5567 429,6322 2
378,9558 388,1005 2
441,6355 404,4666 2
402,7127 445,5763 2
384,8872 327,5422 2
397,9916 430,2626 2
394,4823 325,2173 2
362,4907 442,3355 2
355,6069 420,8082 2
361,7072 382,3547 2
445,4185 322,5046 2
341,5815 393,0518 2
456,5319 417,4331 2
390,1285 345,1652 2
423,0382 435,701 2
379,4418 394,5515 2
382,4847 434,9587 2
381,6966 426,8279 2
388,2954 364,3509 2
389,6416 430,44 2
436,7863 384,6851 2
375,5551 395,3202 2
391,2322 325,2274 2
352,7571 422,199 2
424,3651 438,7413 2
404,5057 371,1463 2
452,238 343,2192 2
372,4695 441,0693 2
416,5607 359,2128 2
426,9575 446,6589 2
341,4171 325,7489 2
341,6982 369,6739 2
403,6994 385,5277 2
431,2014 319,4713 2
346,6424 399,4278 2
450,5973 447,3332 2
372,5217 337,305 2
442,3354 324,4143 2
425,8752 360,6485 2
369,242 338,0258 2
398,538 354,8685 2
459,169 397,49 2
452,3271 424,8206 2
382,834 332,9491 2
376,3916 396,6285 2
381,4369 402,2758 2
466,0432 343,9499 2
398,254 412,6309 2
364,3069 397,5358 2
416,6472 398,2328 2
406,4851 331,2671 2
429,7892 450,5465 2
439,701 385,8094 2
376,8952 387,3703 2
417,6906 400,6064 2
396,8636 385,1942 2
448,0366 416,1433 2
400,9676 428,72 2
342,5891 437,2398 2
399,6004 408,582 2
455,9944 342,5929 2
390,0693 327,0734 2
356,0512 445,8677 2
427,0428 328,0789 2
377,0439 411,3461 2
362,4964 379,4354 2
363,249 322,4706 2
465,8634 327,5836 2
438,4889 386,5815 2
401,5877 339,6468 2
442,9076 377,7247 2
426,3881 370,9644 2
364,068 367,6168 2
356,2797 394,6293 2
424,0233 440,6841 2
391,7653 407,7223 2
459,1865 416,5507 2
410,595 322,7055 2
413,629 420,4328 2
409,1055 405,832 2
426,8587 372,6013 2
371,3916 429,4484 2
430,1834 352,4104 2
394,4218 325,7121 2
355,4388 338,3437 2
440,7015 365,5117 2
366,1622 365,113 2
360,1986 446,2792 2
432,2177 376,0515 2
463,9858 411,8951 2
348,4309 375,8749 2
415,4161 375,0382 2
457,9653 361,3429 2
354,6365 347,0979 2
409,9752 413,4313 2
416,8598 387,162 2
402,494 446,337 2
468,05 415,6135 2
399,5685 385,9672 2
371,5421 323,5137 2
370,3249 373,5211 2
467,6042 370,2177 2
428,9546 390,3557 2
347,0648 418,565 2
358,5312 402,5344 2
405,8636 381,5049 2
342,123 447,2869 2
395,7503 410,1631 2
353,84 441,0694 2
385,3431 381,1244 2
420,2556 427,9926 2
371,3699 444,0999 2
425,0687 340,0949 2
344,1581 378,1703 2
420,9227 443,2688 2
342,2969 323,4358 2
367,9745 386,6043 2
356,8879 361,1783 2
419,1057 414,4996 2
357,9128 417,5323 2
340,596 400,0903 2
421,9818 411,1819 2
350,6269 351,3854 2
338,0956 450,7459 2
396,1639 359,9523 2
456,0355 364,282 2
339,5608 386,0781 2
360,6161 343,7362 2
417,6597 376,0364 2
456,2661 375,1822 2
360,2092 438,4279 2
466,2733 449,3417 2
407,0998 355,513 2
429,5132 334,1435 2
457,2148 344,0427 2
454,5944 405,9768 2
455,624 412,2953 2
379,0957 346,8112 2
404,3936 385,8651 2
439,9286 352,502 2
413,4662 326,1999 2
409,8504 427,3676 2
355,8627 354,9694 2
462,764 361,5217 2
367,8843 352,0553 2
384,6823 360,4623 2
380,0435 447,2808 2
388,0929 449,0616 2
430,13 431,9594 2
446,9536 324,3755 2
364,116 339,9221 2
431,6565 383,5799 2
345,5335 440,8895 2
456,0406 392,8653 2
357,5046 347,8886 2
443,8953 398,2642 2
397,7841 432,8688 2
376,3845 366,1529 2
399,972 410,7565 2
338,4344 379,5687 2
359,4821 415,8917 2
393,3679 358,4989 2
364,9001 348,1257 2
388,9306 417,9435 2
402,0434 404,8111 2
354,3407 358,8248 2
381,3356 367,5027 2
415,111 359,7096 2
387,0309 346,3911 2
410,127 445,83 2
451,3792 445,3241 2
343,8298 388,0331 2
461,9948 335,7284 2
409,3399 336,0607 2
420,4948 402,8259 2
439,9725 337,9513 2
372,897 388,2449 2
382,8316 408,3817 2
435,3194 419,4605 2
459,0346 367,4037 2
350,1992 384,4544 2
396,6079 441,3055 2
340,5489 439,565 2
438,204 359,2214 2
386,6929 441,7089 2
460,5352 384,63 2
459,4809 392,984 2
463,7743 346,0285 2
434,1477 416,1234 2
421,1679 391,8405 2
427,79 411,3494 2
349,7178 323,0064 2
382,8589 438,8866 2
460,0236 408,7272 2
439,1152 386,7217 2
459,246 354,4776 2
437,1699 332,1583 2
343,6354 438,6714 2
450,0375 364,2939 2
446,1856 329,2589 2
421,0485 402,7561 2
356,7094 394,0549 2
449,0254 389,8632 2
381,9984 336,7394 2
408,7962 336,8371 2
414,7139 324,2445 2
438,926 445,7719 2
451,2732 424,6344 2
356,9666 343,7748 2
353,2307 391,6044 2
399,5813 350,0223 2
447,5179 380,3708 2
406,5729 414,4366 2
464,395 395,9917 2
398,1461 450,2665 2
466,0791 343,0546 2
389,6614 324,0633 2
459,7524 397,1851 2
387,6866 413,3774 2
396,0187 445,9754 2
407,33 402,9551 2
351,8617 321,7029 2
455,6382 440,2999 2
465,775 362,6001 2
419,269 359,1663 2
443,9706 433,4612 2
468,6991 424,89 2
378,4354 322,0096 2
381,9029 334,4124 2
422,0939 356,7268 2
337,7397 396,4407 2
413,4508 440,7307 2
393,2113 355,3921 2
348,8204 444,817 2
443,3045 338,6011 2
380,6186 398,9173 2
467,3067 447,7284 2
451,1782 345,0001 2
343,2853 414,3897 2
397,1619 333,8335 2
386,8473 412,7304 2
455,8864 335,0494 2
385,3436 416,0059 2
363,7347 424,592 2
378,3637 412,1803 2
446,3198 347,9041 2
451,6604 327,1433 2
460,1796 371,1 2
352,5766 371,3479 2
364,5171 345,8895 2
392,5916 354,5064 2
394,8673 399,1678 2
368,7842 335,4366 2
462,5581 326,9505 2
402,8072 402,2356 2
454,4451 440,7304 2
395,3973 383,6622 2
420,6412 390,3512 2
418,4916 447,9424 2
437,8231 375,138 2
375,7003 322,1705 2
426,1853 398,2938 2
419,1848 408,0583 2
379,2262 422,4666 2
452,9161 333,9937 2
413,2884 386,9093 2
382,8404 357,2007 2
398,1398 416,8022 2
449,6528 365,251 2
426,868 405,0739 2
391,6814 415,2586 2
346,9774 416,4532 2
369,8115 415,7957 2
356,8125 340,5044 2
363,4281 440,9017 2
356,2981 389,0411 2
424,0312 371,5117 2
356,4722 325,5845 2
367,4805 363,2154 2
374,4028 438,4265 2
432,751 424,4628 2
388,8173 368,3768 2
406,6301 432,1653 2
395,1361 433,4197 2
341,9669 388,0984 2
412,5911 395,2717 2
425,8801 437,594 2
460,7228 439,2318 2
451,7605 339,7172 2
377,7869 340,7284 2
418,9532 411,4539 2
351,4672 349,6185 2
386,6797 435,3944 2
420,7764 348,5592 2
404,0639 344,9781 2
359,1429 450,6687 2
358,0472 415,5729 2
362,4178 390,2121 2
337,5337 445,4938 2
349,901 324,1932 2
381,2771 408,5239 2
417,4721 354,5026 2
462,8275 322,5805 2
427,5264 395,6645 2
404,2758 447,8786 2
436,6548 376,2502 2
381,5895 410,2754 2
468,8674 432,6621 2
376,0069 377,4342 2
447,6522 412,271 2
446,2563 385,0318 2
456,2702 420,7759 2
373,2972 397,4384 2
410,4298 350,1803 2
394,8251 328,1302 2
396,8436 432,9213 2
408,9626 427,5546 2
435,161 384,4579 2
345,3568 382,2475 2
367,3834 365,0185 2
369,3312 322,7106 2
368,1042 371,2297 2
456,7892 360,8872 2
464,7845 443,9893 2
430,2428 371,0351 2
455,7568 338,2188 2
347,6416 406,3725 2
342,7689 411,025 2
353,6018 348,0845 2
342,6136 399,3178 2
453,1863 393,1069 2
424,7564 332,0781 2
455,5627 450,5623 2
422,8584 336,238 2
406,6669 425,8044 2
447,7088 344,5308 2
338,4254 337,7359 2
359,3163 330,6862 2
387,1407 327,3932 2
396,773 377,9937 2
355,3192 329,753 2
439,9951 403,5232 2
453,5233 400,2948 2
343,5525 392,1882 2
381,7528 397,06 2
387,5444 374,3578 2
441,4141 365,7836 2
353,8355 387,8643 2
401,1093 396,1273 2
433,9595 340,0278 2
392,2798 415,1282 2
343,6074 403,7089 2
448,1636 419,6829 2
397,8589 383,4232 2
461,5759 419,2182 2
455,1753 349,1961 2
391,701 426,6585 2
454,6638 369,1023 2
341,3811 372,3801 2
446,2339 348,3337 2
466,3144 330,0509 2
459,0068 319,156 2
378,1271 427,0852 2
445,6998 322,2582 2
460,4584 433,9017 2
387,6988 443,7725 2
394,9975 361,252 2
447,1426 343,6318 2
384,8395 427,5984 2
412,582 329,9552 2
445,5771 332,8466 2
431,6415 424,7949 2
462,2186 326,7005 2
465,5964 388,8473 2
366,3284 321,4852 2
404,8947 414,6265 2
424,7055 446,4933 2
379,3893 379,1167 2
440,4733 441,7401 2
458,4103 448,0663 2
381,6228 431,4721 2
399,7948 416,8534 2
370,8588 385,8531 2
337,6063 445,2506 2
406,0179 432,9612 2
447,5115 411,4327 2
392,3843 378,5605 2
408,6486 358,2171 2
376,9 432,0696 2
367,3074 367,7986 2
467,5689 383,7304 2
404,8546 388,129 2
459,2819 338,1871 2
400,0791 332,6184 2
405,8364 407,5184 2
418,49 428,9739 2
393,1037 358,2236 2
354,0942 378,7636 2
348,0968 419,7418 2
452,7885 402,6894 2
415,1159 372,7955 2
340,7441 395,5684 2
431,2021 428,1777 2
426,0205 411,6693 2
466,8024 388,561 2
429,1368 409,3211 2
459,8541 349,4877 2
440,4411 327,602 2
446,418 340,9089 2
434,8561 343,4395 2
446,5433 409,4706 2
369,9434 448,5962 2
468,2225 326,2026 2
431,2166 404,784 2
405,0955 330,349 2
361,2467 401,5459 2
388,9858 395,7839 2
360,3419 411,5629 2
456,4064 347,7907 2
444,4471 363,688 2
402,8448 396,9382 2
454,3952 371,2806 2
357,9401 401,3691 2
385,7592 394,3053 2
446,5891 379,0256 2
382,2881 426,184 2
373,571 343,1652 2
420,2758 432,5289 2
414,4536 399,9803 2
350,1992 428,659 2
417,3471 346,2149 2
367,5754 382,1923 2
442,4963 449,3807 2
421,2268 366,0304 2
377,7519 331,5041 2
342,0039 397,6908 2
423,6397 445,2958 2
424,5073 379,2189 2
338,0443 433,2152 2
362,4603 329,7988 2
455,4532 427,1076 2
349,1247 340,7078 2
365,2537 330,9278 2
423,513 359,3992 2
391,7557 439,5158 2
359,1409 442,272 2
365,409 326,4774 2
378,6758 392,0762 2
398,1152 427,9256 2
391,0749 447,9245 2
403,5791 344,1735 2
339,6719 439,5269 2
352,3251 366,4234 2
384,1576 448,5302 2
468,3032 326,0829 2
348,5127 418,7429 2
451,9331 344,5419 2
378,6922 443,5438 2
408,9897 379,0787 2
356,2207 340,9161 2
407,9041 372,0197 2
410,8475 332,3218 2
411,8607 383,3598 2
387,0253 443,021 2
444,4911 353,7564 2
429,2113 346,4641 2
433,0208 389,1436 2
403,8567 320,0281 2
362,3967 324,1682 2
359,4339 403,6365 2
340,2285 389,2343 2
347,9701 372,6995 2
347,2988 403,1455 2
344,2882 328,3281 2
435,9483 332,1713 2
462,5244 338,9217 2
374,8228 364,8169 2
427,4755 409,9976 2
351,2607 349,6597 2
458,9466 401,5272 2
376,0355 327,3227 2
434,5046 350,0591 2
405,2098 412,9863 2
341,9082 366,5593 2
456,5398 408,7989 2
440,9727 358,1634 2
449,1652 382,1245 2
461,7419 358,9326 2
363,2487 395,7787 2
403,5758 403,2259 2
356,7775 388,2308 2
376,1283 443,4417 2
461,9165 371,2105 2
466,177 389,6554 2
413,1042 335,2371 2
359,878 440,0727 2
449,5047 378,2988 2
450,2611 366,2361 2
417,4856 375,2395 2
458,64 443,5698 2
374,4614 397,3685 2
372,103 436,1161 2
439,7475 417,3902 2
463,3625 346,2094 2
386,9926 361,9584 2
429,9782 333,3568 2
394,31 326,9921 2
387,3354 391,7362 2
426,4026 369,3445 2
389,7442 380,4936 2
381,7792 392,5023 2
400,6423 333,414 2
425,5821 349,6974 2
442,1198 426,5642 2
348,6013 351,1447 2
397,8493 346,1434 2
457,7223 339,0779 2
357,9914 394,0551 2
420,3567 444,8377 2
463,7605 407,6007 2
415,3331 422,4715 2
401,0737 420,2208 2
393,2712 355,1381 2
367,0669 440,3508 2
428,6431 370,0673 2
362,2541 327,2285 2
465,5242 346,9048 2
468,7166 371,8867 2
359,46 342,9828 2
372,9466 432,581 2
438,9311 403,3857 2
392,836 358,5497 2
435,5689 381,6391 2
455,7861 332,2718 2
462,5778 428,4316 2
421,0289 396,282 2
371,7477 382,9878 2
423,9897 374,1245 2
350,9856 400,5382 2
439,8814 422,1667 2
428,477 325,7951 2
453,7126 407,7706 2
350,3851 320,4211 2
412,5017 327,7063 2
368,4218 404,1838 2
442,7289 330,7181 2
451,6769 354,827 2
437,9225 393,7946 2
355,7654 366,6382 2
393,762 382,9644 2
397,6567 424,2826 2
343,1939 446,3342 2
352,4711 426,6736 2
397,7971 363,606 2
453,0842 363,4861 2
369,9948 420,4522 2
406,5518 336,3752 2
409,6995 407,8999 2
399,172 364,0432 2
458,5919 434,269 2
432,4239 375,0075 2
437,4702 320,2272 2
451,0752 386,2515 2
416,9732 354,1714 2
360,426 381,8991 2
347,4649 431,4138 2
437,9571 427,636 2
391,985 450,5441 2
377,577 387,8048 2
368,9056 381,8617 2
350,2112 400,9388 2
432,2998 419,9131 2
354,656 359,9489 2
378,0127 448,9421 2
375,4166 387,2669 2
342,0442 418,4527 2
359,6779 436,9522 2
431,0847 434,1053 2
425,6049 347,0995 2
396,9138 392,811 2
362,8464 422,8468 2
428,8559 398,1592 2
379,4177 384,86 2
359,6041 363,2057 2
439,0602 378,3806 2
391,4576 438,1712 2
447,7315 319,7544 2
468,3852 386,7435 2
431,0509 352,8152 2
348,3128 428,444 2
444,3287 384,58 2
449,648 413,9175 2
445,2322 368,4207 2
464,2916 417,0212 2
340,1934 419,2065 2
426,2511 416,2335 2
417,3366 350,8701 2
340,4563 422,1742 2
421,009 370,434 2
366,4955 403,9204 2
449,9185 391,736 2
420,7227 386,3236 2
456,4371 322,9304 2
427,5556 381,6767 2
356,8028 442,2939 2
416,7677 417,8494 2
358,7538 430,9505 2
356,1946 323,4065 2
446,5547 418,834 2
388,5099 428,2408 2
353,4242 361,5415 2
366,5925 411,8981 2
462,052 412,6855 2
382,4919 417,0418 2
433,1907 400,9369 2
404,1151 370,3983 2
358,2352 335,1559 2
371,4928 446,0432 2
352,2547 336,8421 2
412,8511 442,0359 2
429,1147 340,589 2
423,6973 433,1751 2
394,1299 446,3151 2
429,7468 402,0468 2
440,1143 367,7441 2
402,7526 325,5531 2
407,744 371,9457 2
417,1654 412,7545 2
358,8264 340,7003 2
381,0376 320,1313 2
447,3681 414,0352 2
438,6998 436,2587 2
426,2604 359,4879 2
341,4758 437,4151 2
444,9525 427,4807 2
364,0663 364,785 2
455,6588 375,6518 2
416,2176 370,6864 2
468,4444 389,0673 2
433,9083 421,6502 2
390,963 332,9475 2
435,5215 434,1958 2
380,6691 397,8703 2
352,3368 362,7937 2
362,0033 334,3756 2
365,1617 374,7732 2
386,3501 412,4715 2
416,0374 397,8308 2
354,4936 429,7557 2
339,691 368,3111 2
423,8471 325,6921 2
433,7705 446,5794 2
437,9081 443,0442 2
351,8856 371,5731 2
351,1913 350,5458 2
407,0933 320,0137 2
415,3184 423,5983 2
351,7017 368,7813 2
400,9933 404,1149 2
376,1329 411,5982 2
432,2682 358,5899 2
353,071 389,4353 2
355,8051 377,0526 2
431,2361 405,9549 2
418,7656 324,7723 2
443,863 394,8155 2
416,5108 437,4144 2
340,3266 408,8167 2
363,4687 442,8022 2
363,3437 427,625 2
433,3281 418,5227 2
386,7962 355,2206 2
416,1449 426,3219 2
456,4562 396,2224 2
405,9942 409,566 2
425,7585 449,8933 2
375,4807 399,0026 2
435,2546 349,8986 2
440,7188 344,6379 2
403,4936 410,7826 2
396,3204 329,7534 2
462,8166 418,6509 2
364,4785 378,9168 2
337,9112 335,6876 2
427,4116 353,2989 2
395,9641 415,908 2
418,233 441,6917 2
430,8607 368,9413 2
411,7366 448,3277 2
448,12 323,6578 2
391,6406 424,935 2
432,1166 338,0979 2
410,5065 354,4165 2
362,6291 404,4327 2
402,8513 387,1277 2
443,8672 431,578 2
372,8974 377,9309 2
423,871 377,6039 2
355,9546 449,0377 2
371,5337 325,2267 2
362,605 338,1081 2
406,4936 430,4397 2
421,6617 355,1566 2
407,7497 402,734 2
369,2986 405,523 2
384,0952 399,3784 2
431,7994 423,4967 2
349,328 431,8748 2
450,0493 358,1418 2
355,6826 353,9721 2
467,1935 359,4513 2
464,0429 331,5186 2
394,8132 413,1655 2
433,2346 436,951 2
463,5203 362,4227 2
453,056 437,363 2
387,0463 357,8671 2
462,6981 354,8652 2
388,7049 406,9196 2
347,8148 423,3452 2
467,5297 335,6257 2
359,7453 398,7527 2
466,4428 344,8274 2
349,2507 424,6821 2
338,4829 340,3591 2
362,6196 363,2915 2
425,4245 340,5556 2
346,1051 417,4953 2
418,044 389,5607 2
437,3994 421,8842 2
350,8404 391,7635 2
410,2121 410,9711 2
468,1939 343,1407 2
348,0067 392,1329 2
467,7446 361,3691 2
431,5658 345,0109 2
468,2039 348,278 2
352,2895 327,1528 2
386,8551 395,5434 2
388,9995 335,3235 2
386,6834 415,4829 2
406,5054 385,1819 2
356,3688 447,393 2
409,3061 356,9143 2
422,3071 436,0757 2
413,5358 338,937 2
364,3706 431,0355 2
460,6275 337,9217 2
412,2993 400,2836 2
387,1569 439,1703 2
361,4119 319,7687 2
350,9399 348,7572 2
440,7525 344,1595 2
361,6976 363,8798 2
417,8398 327,039 2
339,4654 340,4994 2
355,8608 378,5243 2
437,4105 409,6263 2
455,4532 417,91 2
457,8359 371,4969 2
426,1436 394,1388 2
460,8866 402,4098 2
414,0641 411,7365 2
366,8388 446,1324 2
382,7393 390,3046 2
456,8386 418,5597 2
426,5432 385,7449 2
419,5718 442,7012 2
463,8465 427,1004 2
452,5843 443,0902 2
344,9268 330,225 2
410,8355 376,3573 2
454,3917 422,4551 2
349,5555 349,9753 2
369,1634 415,0354 2
445,5911 352,0809 2
402,9998 444,2606 2
397,162 433,7963 2
339,079 356,125 2
340,3133 387,6186 2
395,3479 332,7289 2
349,3389 379,2142 2
431,1383 363,7756 2
340,063 319,3514 2
359,9783 425,1951 2
433,104 395,7211 2
358,5793 379,2671 2
423,112 433,0432 2
387,6506 436,5703 2
427,4551 358,1233 2
410,5018 411,6683 2
381,9452 326,4211 2
362,3097 445,6474 2
443,934 350,2088 2
438,4854 331,4581 2
394,4682 407,5441 2
374,7485 446,4624 2
433,1865 366,0531 2
456,3162 414,6785 2
380,2509 433,9091 2
387,0439 368,9151 2
358,8448 388,4164 2
347,4007 400,3236 2
429,6324 354,2515 2
420,8425 393,8521 2
373,063 380,6837 2
431,444 400,6668 2
402,5174 431,9902 2
463,5765 364,8144 2
361,0308 421,8039 2
450,9719 437,2302 2
390,6907 434,2721 2
375,6855 431,6542 2
366,7962 322,6781 2
379,2733 424,0992 2
338,4791 343,5686 2
378,9245 342,2226 2
409,7237 339,4521 2
412,3418 341,2845 2
449,5883 329,7768 2
362,8346 375,3325 2
345,9165 408,1651 2
444,396 373,8361 2
344,9427 393,7794 2
371,4554 341,1989 2
461,9315 374,2088 2
415,5533 429,4112 2
381,3569 390,416 2
441,357 368,5602 2
353,1138 423,0488 2
445,2395 327,9994 2
389,8663 379,8183 2
371,0694 366,6834 2
403,8805 423,6628 2
357,908 406,509 2
365,5453 365,0638 2
430,9885 363,4571 2
452,2808 361,1472 2
352,6511 333,9168 2
413,6412 355,0995 2
359,8349 389,7739 2
418,1605 371,9466 2
377,2772 433,6845 2
457,852 404,8897 2
362,746 329,4064 2
447,26 380,1586 2
420,4358 339,1455 2
381,5764 449,7414 2
467,0771 450,5807 2
400,5729 422,3668 2
404,366 400,5643 2
381,9627 443,7587 2
432,9921 332,4482 2
399,2935 405,4561 2
373,8472 339,573 2
425,5875 421,3812 2
468,9193 400,6608 2
340,6822 450,8624 2
389,931 371,6856 2
367,5892 397,9591 2
394,9533 419,2522 2
425,1756 371,7103 2
362,0312 414,5966 2
349,0873 322,3167 2
342,278 407,028 2
412,0706 426,2921 2
348,9507 424,9639 2
460,7127 327,2595 2
433,6917 371,6679 2
370,1094 376,3403 2
440,4235 319,3808 2
409,0805 368,9766 2
355,3104 435,7433 2
442,2953 379,5487 2
419,7492 344,2402 2
352,0296 359,2924 2
422,5289 321,8534 2
345,2655 414,7923 2
365,0995 416,193 2
405,461 343,7193 2
364,316 365,0823 2
412,5499 383,5023 2
344,0729 419,9053 2
449,6002 443,2672 2
398,9241 445,9817 2
348,0448 423,6468 2
425,0779 446,8168 2
443,5128 442,9592 2
363,0898 398,2805 2
337,0277 345,7715 2
414,1205 387,6026 2
433,7015 395,0108 2
345,8043 330,5259 2
351,0435 433,5539 2
342,5767 436,0442 2
399,6131 337,6216 2
370,7307 389,8578 2
379,9887 340,3225 2
388,5258 399,0091 2
375,882 431,3362 2
400,3485 321,1216 2
397,7221 369,9963 2
399,2236 360,2456 2
400,1401 339,9252 2
383,9008 395,5199 2
352,5304 355,8962 2
403,2943 394,694 2
396,2204 411,7397 2
368,2245 432,0086 2
374,7767 359,8813 2
366,2178 363,0175 2
399,5821 386,4937 2
459,5397 399,6389 2
371,0602 319,2645 2
379,692 321,0565 2
376,7868 361,4256 2
457,2787 446,0494 2
451,2143 421,9596 2
396,4465 395,909 2
375,8512 335,7941 2
466,0305 342,311 2
367,4727 327,313 2
371,0882 333,3405 2
457,3078 361,6594 2
392,6799 347,327 2
402,1303 399,0735 2
380,5538 406,226 2
416,799 325,9045 2
360,82 379,9933 2
365,0283 361,9533 2
462,7508 390,7282 2
399,0341 401,4492 2
411,515 360,32 2
391,1898 330,2327 2
340,9622 345,9137 2
367,9367 334,6094 2
400,4916 389,7183 2
397,9364 345,8628 2
422,5949 365,5117 2
390,8114 388,5553 2
374,8386 397,6562 2
373,8118 404,5179 2
345,8488 331,5171 2
