510,2552 591,4099 0
603,0157 675,9543 0
595,6478 683,8804 0
547,87 590,1086 0
559,0991 611,6572 0
497,8574 681,5812 0
593,1046 627,7076 0
601,1419 594,7627 0
500,1846 654,302 0
593,5124 660,3435 0
584,0506 681,9071 0
489,998 602,7469 0
541,4772 592,4276 0
475,2589 686,9888 0
539,2205 593,646 0
477,2185 691,9699 0
490,1546 668,7835 0
477,721 592,2002 0
487,2782 717,6958 0
511,383 611,2651 0
582,3002 681,3287 0
494,159 693,1592 0
553,9841 593,4791 0
530,096 591,8511 0
479,7914 624,0992 0
589,3957 709,3312 0
486,3477 684,4479 0
492,7729 696,6199 0
568,0784 590,5613 0
494,3201 712,09 0
573,3555 595,4623 0
586,6093 718,536 0
497,8436 608,8826 0
586,3489 712,9581 0
600,2634 670,6692 0
482,8052 599,5985 0
486,6595 617,4681 0
581,6682 704,0449 0
606,6791 691,932 0
594,1809 670,5328 0
492,3603 613,9862 0
489,4292 628,4739 0
601,7964 713,536 0
495,2717 648,806 0
503,7951 602,673 0
475,6907 663,1 0
486,0946 718,8888 0
494,1349 597,8417 0
561,5856 608,5759 0
489,2779 593,4791 0
588,5482 677,5614 0
555,4086 612,2719 0
597,9725 597,8574 0
477,0036 592,7595 0
583,3862 679,1036 0
490,0666 677,4973 0
500,9455 600,5417 0
499,9598 647,8077 0
540,3007 603,2823 0
500,9127 605,457 0
592,923 711,9731 0
598,9606 716,0934 0
588,2446 643,5165 0
496,028 589,8322 0
493,2304 708,7966 0
553,1942 611,5265 0
605,5551 600,6333 0
555,7209 590,9475 0
594,5642 657,2988 0
591,8828 596,826 0
601,8007 631,7521 0
480,5596 713,752 0
490,449 590,1509 0
502,1027 605,4428 0
498,7936 621,0812 0
585,767 594,5366 0
590,469 624,9753 0
581,3672 690,1753 0
591,4031 678,3636 0
599,2765 669,8596 0
576,9563 594,5119 0
488,5681 690,3255 0
532,6619 604,5241 0
482,7864 705,2721 0
585,9631 711,9156 0
599,6716 636,8284 0
592,5806 648,1565 0
606,8296 716,5754 0
484,0755 610,0164 0
588,681 656,9876 0
476,2245 702,3779 0
555,5132 610,1612 0
514,9499 597,5293 0
475,814 654,3877 0
596,2055 609,6292 0
486,9467 628,7683 0
525,4669 598,0706 0
532,2571 601,152 0
478,0437 657,0782 0
592,6416 632,1673 0
578,4579 594,4544 0
484,2915 618,5811 0
568,6614 591,4788 0
497,6878 697,6958 0
583,2692 675,9827 0
589,5804 685,8825 0
606,2689 637,3038 0
489,0416 615,1758 0
503,9333 598,6536 0
599,7289 697,8615 0
521,7791 597,6416 0
595,7412 693,526 0
493,0195 597,7815 0
602,4995 602,4994 0
490,2735 678,0376 0
522,5099 593,0905 0
545,7665 600,066 0
606,1076 673,363 0
500,7199 641,2192 0
588,7914 656,3695 0
599,3252 606,7638 0
594,3961 681,3225 0
496,2251 663,9402 0
475,737 665,9747 0
495,2888 678,0536 0
490,4148 625,3196 0
598,2565 694,5466 0
489,8423 695,9158 0
555,8556 607,7443 0
492,2286 651,5037 0
583,9188 701,0268 0
488,6267 642,8774 0
516,4562 594,6724 0
490,7627 700,7648 0
580,6984 643,8985 0
593,5311 610,8938 0
495,0964 653,989 0
501,2059 593,4852 0
497,4439 651,8714 0
497,329 710,3718 0
589,2985 623,6972 0
578,5574 613,0031 0
580,6918 617,1842 0
489,0578 655,3967 0
501,1587 693,6568 0
492,9758 639,5894 0
596,8882 659,8839 0
604,0783 703,1722 0
556,6958 589,5741 0
493,0268 654,9921 0
542,0933 592,1798 0
493,1278 713,3421 0
554,2681 595,9369 0
587,3624 702,3971 0
477,6284 629,2897 0
485,3535 692,3106 0
605,1669 699,3254 0
477,622 639,6052 0
508,2336 606,2602 0
482,8017 590,4878 0
540,0732 607,448 0
542,1076 606,9399 0
580,9402 675,0244 0
590,7837 694,2952 0
499,9247 626,1966 0
599,4974 631,5332 0
486,5386 600,4577 0
585,2959 647,23 0
586,2801 656,2959 0
483,1394 694,8543 0
481,3143 701,0978 0
475,5303 651,3917 0
480,0672 626,0563 0
479,0169 690,5677 0
600,9913 693,5635 0
599,9479 711,4472 0
594,1556 635,2513 0
478,658 702,8647 0
595,1815 683,2807 0
562,7349 587,9746 0
581,0247 602,7279 0
544,1544 608,7179 0
497,4511 596,448 0
485,5606 681,0742 0
488,2299 627,1967 0
602,8371 703,9049 0
564,4942 607,6034 0
579,1562 599,562 0
603,3924 648,7474 0
585,8857 678,495 0
528,1053 609,791 0
593,9068 606,0308 0
523,5925 594,7339 0
597,3095 589,5782 0
476,044 683,6624 0
479,8376 635,6798 0
481,9195 677,396 0
496,2576 602,5427 0
479,1107 695,0782 0
589,7019 593,8544 0
585,1834 693,5571 0
477,6974 671,2372 0
478,0434 618,2121 0
559,5152 609,3381 0
477,0431 602,8865 0
489,2511 633,8959 0
544,635 597,3242 0
581,0998 678,0034 0
483,6295 591,0629 0
603,1127 658,3425 0
558,8761 605,5608 0
485,7561 587,9041 0
489,7645 605,4744 0
601,8331 674,2795 0
516,7847 612,1695 0
491,8216 629,7434 0
499,7593 615,2562 0
582,1644 702,5347 0
605,5516 647,7481 0
605,431 690,3913 0
581,7261 676,9053 0
489,1866 674,0806 0
587,3591 590,213 0
604,7866 659,7071 0
475,4491 590,5546 0
605,4681 626,1175 0
489,074 679,3015 0
601,9334 614,9771 0
511,2803 605,9446 0
494,3061 656,2438 0
549,2904 613,1104 0
529,5503 605,1386 0
492,2088 703,0785 0
500,9918 666,2976 0
586,5241 609,7481 0
600,2715 597,7611 0
603,9491 620,2898 0
500,349 622,98 0
597,9462 610,7785 0
586,6807 682,656 0
584,6257 717,1645 0
475,3127 712,358 0
585,3208 707,3635 0
494,8244 641,0314 0
475,4998 598,6135 0
496,0912 687,2277 0
593,0549 692,0607 0
568,6902 598,3952 0
493,8015 643,4207 0
566,6443 590,8131 0
483,6012 619,2414 0
514,1804 610,8151 0
495,2133 642,7147 0
507,141 608,4948 0
518,2126 605,3778 0
576,5203 597,1652 0
580,875 598,1382 0
497,7509 627,6016 0
484,1434 685,986 0
596,5696 631,6779 0
495,9608 637,4099 0
583,5736 633,3163 0
552,3775 593,1786 0
586,1534 622,0734 0
477,7871 611,5676 0
485,0469 673,9847 0
560,2671 607,0506 0
493,3722 653,6834 0
602,0449 669,1201 0
536,9253 588,1797 0
581,2232 608,2286 0
509,94 600,7126 0
494,6609 612,1747 0
603,4604 673,9372 0
594,1006 621,7543 0
604,0491 661,316 0
586,1811 625,5691 0
599,3374 671,3897 0
595,4386 697,108 0
597,7889 709,0136 0
489,5383 710,6311 0
568,2057 602,8223 0
492,999 635,0759 0
597,155 658,284 0
482,649 590,2524 0
598,4338 616,8939 0
491,2892 624,3405 0
499,343 620,8812 0
564,4081 595,5706 0
597,6362 715,1761 0
475,5749 631,8105 0
596,1033 642,6631 0
480,9601 645,3777 0
517,6354 587,0116 0
476,983 677,9455 0
499,5587 615,2984 0
543,3927 587,1749 0
584,8164 622,7105 0
496,4579 668,6179 0
479,038 705,0158 0
593,5991 649,6948 0
602,0052 664,2055 0
591,5699 615,8554 0
476,9791 594,9203 0
597,6541 591,5072 0
593,0588 708,1752 0
475,52 694,489 0
516,469 593,7254 0
496,3676 682,7752 0
498,717 716,4311 0
491,1574 615,1151 0
483,8535 691,9586 0
581,2881 621,8612 0
489,7766 672,0052 0
606,6781 634,9135 0
493,3376 643,7736 0
479,4006 631,1617 0
508,9954 594,7641 0
599,7096 679,6457 0
573,0446 608,2326 0
520,3602 598,3676 0
500,9082 694,7855 0
482,7818 677,0573 0
604,0287 691,8194 0
496,4306 693,4241 0
581,9094 686,9778 0
480,5024 692,5165 0
487,0438 694,1935 0
559,4298 600,3369 0
579,9411 611,496 0
580,6837 613,5041 0
485,071 694,0674 0
606,6952 655,0722 0
499,6127 639,8364 0
579,3267 589,4842 0
598,4465 663,976 0
570,2532 591,5043 0
595,6097 594,5706 0
596,2697 643,4186 0
495,2739 623,264 0
586,3903 689,3916 0
575,11 611,6121 0
484,7766 651,731 0
583,7308 707,0021 0
537,5211 598,9176 0
602,3483 607,8744 0
603,2236 657,2006 0
475,9434 718,8142 0
479,2804 700,6773 0
492,6059 704,3556 0
579,9625 601,6998 0
539,3716 595,7608 0
499,2094 662,4236 0
485,1499 603,7879 0
493,723 682,0229 0
494,0911 657,121 0
594,5624 683,8125 0
597,5795 654,4717 0
598,5146 613,6687 0
520,2639 607,6898 0
484,0038 617,4434 0
483,8887 716,9427 0
505,2332 604,5912 0
588,9668 650,4375 0
496,4878 650,9842 0
476,0579 688,7297 0
589,6821 592,415 0
517,7883 603,4986 0
494,6645 671,6448 0
595,1806 587,2126 0
483,9946 700,6732 0
590,519 638,3942 0
480,2151 625,44 0
475,9276 663,4982 0
477,628 654,0422 0
581,083 663,7546 0
499,5067 652,6382 0
595,1146 691,1366 0
486,656 716,6597 0
602,9539 679,0724 0
584,0264 634,58 0
490,9421 696,4546 0
487,2106 647,6196 0
590,0272 652,2236 0
499,4851 644,8754 0
496,2148 615,74 0
483,7504 645,0333 0
481,3409 690,1568 0
477,0147 681,4496 0
476,1058 672,9731 0
589,7254 617,1296 0
576,7737 604,4373 0
499,4029 713,5927 0
584,8266 715,363 0
602,6445 684,9487 0
492,48 710,6407 0
487,1236 707,558 0
594,8388 657,7268 0
546,6455 606,6165 0
535,5515 603,7834 0
497,9409 667,3219 0
585,5888 683,0741 0
515,1568 612,4473 0
587,0724 593,9137 0
589,1532 601,2862 0
491,6484 594,6588 0
596,5573 612,2059 0
481,3317 598,2884 0
478,5602 693,3112 0
527,9522 594,3578 0
598,7924 684,9549 0
586,6442 599,0295 0
513,2605 612,7795 0
482,0966 717,8602 0
477,7403 713,2004 0
528,542 587,6224 0
481,4783 603,5645 0
589,1322 595,196 0
480,1755 656,8862 0
591,0021 683,6044 0
498,9312 664,903 0
600,7964 689,9192 0
492,8197 664,8935 0
573,1563 606,7333 0
488,7894 594,4323 0
494,5378 624,0743 0
561,8571 588,0282 0
605,8366 709,7962 0
552,2632 597,0541 0
491,1507 588,0406 0
591,2077 716,9178 0
547,8093 611,3464 0
570,0617 607,7801 0
489,2371 663,2586 0
597,3549 696,9469 0
594,463 603,2625 0
491,7122 714,5163 0
564,5889 597,0158 0
592,0292 681,7389 0
582,5768 654,8407 0
500,1602 635,7256 0
552,1943 596,7311 0
557,2357 591,6311 0
490,28 626,1608 0
494,006 703,6718 0
487,5951 713,4913 0
592,8304 673,8538 0
597,5782 685,5776 0
494,9048 690,9188 0
481,1053 717,9602 0
496,4166 588,3307 0
488,5879 628,4667 0
554,8754 611,6173 0
562,1057 605,8299 0
475,7564 608,6171 0
574,382 589,1589 0
603,6174 604,3211 0
585,237 655,5969 0
598,5492 648,4584 0
491,5539 686,4179 0
527,9938 599,8274 0
601,2124 590,0851 0
579,825 590,9028 0
597,7076 713,1545 0
480,7286 629,6049 0
511,025 595,6457 0
588,6475 625,2548 0
593,7413 619,9845 0
527,038 607,2329 0
497,222 711,1931 0
486,4514 595,9638 0
486,5809 687,4486 0
485,0675 701,9515 0
591,4936 717,8027 0
589,9453 717,6733 0
482,8973 601,9367 0
489,623 684,6519 0
512,6487 594,6846 0
505,5906 589,432 0
588,9428 653,4035 0
484,6954 684,7228 0
573,0104 587,2798 0
492,2292 653,4707 0
581,3661 639,2389 0
593,8553 690,5844 0
515,6576 609,115 0
483,0812 690,8844 0
493,8192 628,9631 0
489,9421 686,7729 0
583,5522 622,5322 0
497,7573 718,8025 0
579,4781 589,3787 0
602,1144 674,0889 0
600,036 718,6672 0
603,4436 684,9128 0
492,7305 615,4023 0
600,925 692,126 0
595,3236 709,4913 0
583,4209 654,4998 0
533,9114 597,1031 0
494,8943 642,4692 0
571,2404 596,9596 0
480,732 667,9602 0
494,8725 600,9511 0
489,4197 707,7384 0
593,6958 590,6036 0
558,2099 611,3744 0
605,8079 705,7438 0
582,8461 696,0426 0
581,6561 619,0966 0
594,0757 688,4612 0
480,8969 593,209 0
484,4818 675,1643 0
497,6457 662,1332 0
485,8136 645,1781 0
494,6551 604,8043 0
602,5348 624,6799 0
600,8754 655,9164 0
602,366 616,6828 0
603,229 608,9463 0
566,1199 595,8918 0
588,987 671,7209 0
477,3476 642,9956 0
596,817 718,7933 0
594,3587 639,6691 0
591,1022 662,9302 0
485,0794 685,6374 0
602,087 676,0806 0
494,5314 627,5195 0
483,5475 652,719 0
500,8647 679,1215 0
602,1369 718,5824 0
486,023 604,0167 0
477,9279 671,0385 0
602,323 652,5543 0
600,3924 591,3514 0
494,0197 659,4509 0
531,7539 588,4886 0
497,1705 631,4828 0
491,785 701,9019 0
499,3469 708,2925 0
590,5551 715,9553 0
496,8634 667,9474 0
495,5359 638,3161 0
586,3766 623,4398 0
583,3273 625,1934 0
599,6026 645,6459 0
594,276 658,9964 0
605,2211 710,4159 0
589,7699 646,2052 0
596,4788 620,483 0
532,5408 603,7685 0
502,7101 591,2938 0
509,8169 601,4705 0
593,7609 618,3159 0
584,6698 654,4259 0
500,8195 621,235 0
497,8672 705,0717 0
606,2318 620,5563 0
598,548 599,2773 0
587,1951 589,0934 0
490,0907 713,816 0
493,5085 704,2335 0
519,9521 592,5214 0
587,6721 620,1014 0
491,0696 639,2319 0
476,0459 677,2539 0
522,484 608,1404 0
581,2622 677,6854 0
597,2925 619,092 0
483,7447 642,3387 0
483,3938 697,0577 0
593,5724 688,8807 0
594,148 711,223 0
594,727 639,9243 0
550,2177 600,7563 0
606,36 616,0293 0
597,5754 603,7322 0
517,7864 611,8056 0
544,2352 592,0536 0
547,7 595,0169 0
492,3416 704,7782 0
591,7279 712,9195 0
497,9645 628,98 0
495,6686 599,6817 0
592,2184 681,392 0
547,2011 603,0696 0
528,484 597,3392 0
538,9229 589,394 0
536,903 608,8408 0
556,3722 609,9612 0
604,047 717,4373 0
537,2109 608,3486 0
581,509 710,2173 0
520,5628 612,9192 0
599,6088 675,3685 0
603,2694 604,6809 0
521,9762 598,8329 0
581,7787 693,5038 0
550,6456 611,435 0
496,9454 718,1127 0
477,2595 617,4351 0
497,0612 680,3544 0
494,784 649,4378 0
478,9256 639,9265 0
586,4244 677,5663 0
487,124 664,9682 0
560,3444 608,9703 0
498,3211 623,7155 0
546,5527 590,4418 0
476,1132 685,7646 0
488,8875 616,3839 0
606,2202 648,3964 0
490,244 604,8307 0
581,6908 686,1661 0
583,5349 654,6141 0
546,043 588,8296 0
595,8544 712,9569 0
592,3045 685,4945 0
588,6953 677,6049 0
586,6007 713,5241 0
521,2573 587,289 0
598,263 604,1413 0
491,0022 668,2615 0
606,0271 706,3781 0
500,5122 678,4349 0
579,8179 601,2424 0
606,0293 689,2888 0
488,0825 703,43 0
586,5706 588,352 0
475,4598 670,5936 0
475,7875 596,6144 0
591,8456 697,2609 0
491,6512 715,1702 0
538,9395 603,389 0
592,114 697,4778 0
587,356 634,7022 0
539,9468 613,2504 0
579,6838 593,597 0
595,0249 614,013 0
606,4691 608,569 0
520,9878 587,6317 0
522,1702 601,1477 0
583,9517 686,7888 0
554,5719 595,945 0
602,6386 599,821 0
477,0913 706,0796 0
603,5802 627,9507 0
597,258 704,2585 0
534,1464 607,439 0
568,2679 597,4001 0
487,6372 667,752 0
491,1608 682,6068 0
480,6261 622,3166 0
478,5157 684,2646 0
600,0922 647,1798 0
532,6373 590,6367 0
541,6203 600,548 0
526,7495 592,4325 0
497,959 696,8709 0
489,5666 614,1163 0
606,3449 602,0813 0
495,7791 649,9105 0
494,7573 708,2259 0
588,7811 615,3455 0
555,5446 610,7034 0
493,4386 673,3864 0
597,9122 657,2716 0
476,4472 628,3154 0
535,8878 592,059 0
542,2022 598,5698 0
583,1599 673,2172 0
486,7947 647,0679 0
486,2504 597,5934 0
587,6973 598,1607 0
588,2339 661,6726 0
499,6218 627,5343 0
578,6055 599,7093 0
512,1004 606,0491 0
602,2275 614,8739 0
490,9578 633,4147 0
599,4585 644,3314 0
477,2553 707,9824 0
503,8865 605,0079 0
583,4124 628,9038 0
489,7002 642,7979 0
538,2546 604,4806 0
592,6347 664,4423 0
478,6154 600,6576 0
605,2677 605,1103 0
576,083 608,4018 0
483,2034 600,2223 0
583,8722 686,8742 0
602,2816 654,0285 0
501,1124 644,3899 0
603,302 680,5344 0
590,0388 669,5148 0
580,6399 608,9387 0
491,9098 664,5727 0
593,041 670,7661 0
490,065 614,5799 0
605,7044 672,162 0
496,5208 667,9283 0
540,3452 609,1637 0
476,9291 618,4136 0
480,7854 590,9677 0
480,5367 678,4258 0
592,4993 668,2963 0
514,2524 610,5842 0
485,1971 638,7252 0
602,9613 712,2352 0
575,7963 593,3333 0
539,7716 603,7676 0
604,8895 660,7198 0
592,3733 660,5121 0
498,2733 593,8941 0
476,1988 648,0239 0
598,3046 647,0401 0
603,3079 635,6659 0
475,7867 709,0784 0
592,2593 699,6762 0
500,4213 711,1252 0
483,6195 712,202 0
482,6812 680,9969 0
603,0891 668,3313 0
542,0372 606,8868 0
593,473 633,1406 0
591,5677 661,3874 0
497,6571 646,1125 0
602,6788 667,2574 0
588,3365 618,8425 0
490,5005 609,8455 0
515,7464 612,4616 0
602,7356 638,2194 0
537,6668 604,3235 0
543,0996 589,2118 0
491,4353 678,7905 0
583,7319 700,9742 0
587,2596 681,093 0
603,8787 695,277 0
598,927 660,0401 0
602,533 691,3694 0
536,0044 596,9721 0
487,5894 659,6637 0
499,4562 633,387 0
595,9076 671,3938 0
604,8096 702,7883 0
595,1161 628,8957 0
557,8773 606,9199 0
478,6413 612,4761 0
485,3889 718,2649 0
479,5578 686,141 0
604,9126 647,1051 0
516,1603 606,5422 0
481,7376 621,7331 0
591,1066 666,8486 0
537,5019 608,773 0
579,243 588,7391 0
581,1915 592,4741 0
518,3736 610,5252 0
492,6556 591,6413 0
483,3415 629,9255 0
599,9973 631,026 0
589,7426 634,6101 0
494,611 624,2665 0
491,7254 630,579 0
573,7195 604,7366 0
513,5382 601,6809 0
488,0817 708,3187 0
506,0076 599,8031 0
582,0413 709,2862 0
488,8363 611,5603 0
594,4897 622,2409 0
487,2022 703,1377 0
552,6786 598,2874 0
514,8741 609,2477 0
516,254 588,3564 0
486,5867 672,5862 0
604,4766 718,52 0
580,2874 588,3777 0
502,8239 605,2555 0
489,6563 602,7303 0
521,1452 593,9772 0
562,0648 594,2155 0
480,455 668,2105 0
596,0632 599,402 0
514,671 599,0945 0
493,1774 716,0175 0
481,0052 671,4316 0
599,3244 621,8637 0
498,0137 602,6295 0
591,0273 682,4418 0
516,5202 612,4409 0
582,5689 664,3141 0
478,2965 705,97 0
499,78 685,9464 0
583,9848 598,8843 0
499,0839 587,5551 0
491,7175 708,4394 0
484,4414 672,4171 0
483,9432 667,9853 0
528,6499 610,8291 0
509,9877 593,0444 0
481,8535 657,9912 0
508,1539 587,149 0
489,2722 625,7419 0
587,344 610,074 0
562,7293 591,7284 0
491,4122 615,1051 0
587,3193 673,7957 0
489,118 677,9158 0
500,1076 594,1854 0
601,9828 621,7309 0
481,6119 704,9008 0
545,5078 591,7377 0
510,903 592,1129 0
483,3656 596,8618 0
491,1173 672,9493 0
517,3714 613,1292 0
592,3376 618,4591 0
498,9847 595,8123 0
491,2638 686,9214 0
516,1751 589,9343 0
572,194 593,5604 0
487,0354 625,2926 0
588,2844 709,7995 0
592,1577 693,0487 0
606,1051 683,5686 0
487,52 621,3075 0
590,336 672,2008 0
492,0455 712,7334 0
586,6949 610,9883 0
594,4869 644,7636 0
588,5118 675,1212 0
550,5375 597,5474 0
482,108 636,4611 0
600,9087 694,9371 0
569,3444 597,9257 0
585,3473 621,3306 0
569,3485 594,3439 0
582,3384 714,9352 0
511,0865 612,6364 0
586,5122 710,5027 0
488,2494 703,1538 0
548,6794 588,474 0
501,3917 674,4884 0
590,6847 607,916 0
606,7292 620,2214 0
483,0783 626,8021 0
596,6014 694,7842 0
584,0219 590,9994 0
554,1509 602,6322 0
480,6086 718,3938 0
503,7805 608,346 0
581,3003 681,5441 0
548,783 607,2894 0
596,6903 687,7894 0
583,5008 710,3562 0
603,6547 646,4641 0
595,77 644,6658 0
605,3443 639,0551 0
601,696 604,0825 0
486,1932 593,759 0
531,189 588,2976 0
602,9468 685,6484 0
494,0478 640,1229 0
485,1638 598,5508 0
596,9613 612,383 0
499,099 650,754 0
490,7193 598,2309 0
499,0307 701,8554 0
600,5293 589,6987 0
483,8574 660,3195 0
582,4326 603,291 0
493,3502 600,3264 0
491,9822 650,362 0
520,8801 608,1456 0
491,6455 659,8268 0
597,2902 700,9387 0
588,0776 714,672 0
586,1054 626,2025 0
586,8148 629,1208 0
590,3535 592,5704 0
528,2008 605,6237 0
488,5316 701,3248 0
492,807 622,3715 0
592,2203 623,6038 0
585,679 690,1724 0
555,494 603,927 0
487,8297 638,0129 0
482,6349 698,188 0
553,0893 588,3771 0
538,4979 597,5422 0
597,1641 641,0715 0
475,5862 694,6233 0
586,9887 643,5381 0
497,3558 677,8936 0
591,8622 694,6252 0
605,1814 654,9515 0
528,4353 590,025 0
498,8331 632,0359 0
483,2289 689,5855 0
576,9785 613,105 0
481,5085 679,8687 0
581,8307 597,0888 0
592,0979 670,0779 0
585,1423 692,5801 0
487,8395 703,6856 0
528,7363 606,5471 0
514,9906 600,0637 0
531,8353 605,0464 0
545,131 603,7666 0
598,8043 607,7888 0
590,2018 599,7527 0
592,4209 717,6962 0
500,3368 709,6814 0
528,2551 607,0767 0
489,4396 683,4205 0
510,4555 611,9952 0
606,2012 678,4417 0
479,6539 587,0941 0
491,3608 713,0956 0
541,7345 587,287 0
545,8404 607,1637 0
583,4455 662,0589 0
492,545 610,9488 0
586,841 614,5001 0
500,8846 691,9575 0
494,3525 604,0111 0
510,8421 604,9495 0
597,3051 650,1032 0
494,5895 706,2848 0
480,8631 662,8511 0
519,8435 609,1049 0
599,7322 707,505 0
579,1554 588,2359 0
586,3154 639,0716 0
496,1126 668,976 0
592,5432 627,5436 0
583,1256 588,068 0
585,7495 670,7651 0
494,3268 629,4437 0
586,417 667,4542 0
565,2407 595,1745 0
483,2448 664,4192 0
483,9246 634,4183 0
576,7728 613,3258 0
584,6291 654,2677 0
603,1533 687,2971 0
487,5187 649,5909 0
490,3138 629,7081 0
492,3019 630,6204 0
484,9405 622,6265 0
604,4385 593,0662 0
484,8124 592,3955 0
485,949 685,8755 0
487,9843 653,0941 0
588,1032 629,4287 0
494,9795 596,4162 0
590,3503 703,786 0
502,5747 591,6993 0
478,7167 588,1518 0
587,2557 643,8121 0
481,439 612,2927 0
483,8935 626,7349 0
598,5265 591,9451 0
481,0636 591,6746 0
476,0672 698,0034 0
572,5917 609,8432 0
585,9723 716,6511 0
481,7149 624,1322 0
476,4434 711,5209 0
481,7507 695,557 0
534,1092 605,7616 0
487,2872 692,7762 0
595,9433 641,5623 0
489,2566 599,5886 0
539,3166 598,4416 0
478,3852 683,8283 0
570,3485 588,8871 0
478,6701 635,1504 0
604,251 605,4402 0
480,7802 609,8624 0
563,8004 602,8303 0
601,8106 705,0149 0
500,7232 709,0537 0
583,2419 674,5153 0
593,5366 625,6597 0
494,0683 606,2982 0
595,9378 627,0332 0
499,0957 621,2895 0
535,1374 587,6082 0
556,3846 588,0013 0
522,5395 606,5418 0
480,0541 689,2074 0
481,6664 603,6399 0
523,8818 607,4773 0
494,8269 595,3496 0
484,335 670,7375 0
595,5271 714,8483 0
591,1602 650,9567 0
597,5869 609,1251 0
509,321 594,8324 0
477,9712 614,5203 0
486,2023 707,4607 0
587,6154 641,7838 0
601,9054 695,2417 0
598,0395 672,8096 0
594,5349 699,8519 0
488,7304 661,0208 0
485,9719 674,2572 0
572,549 604,3015 0
485,6553 643,2482 0
492,7724 626,3261 0
480,5927 624,4082 0
492,3435 609,018 0
601,0192 695,6065 0
585,6016 637,1636 0
532,08 592,1618 0
593,4065 635,8654 0
475,5613 673,4818 0
584,5247 630,9532 0
503,4432 609,4387 0
495,753 623,1992 0
585,1199 602,0938 0
589,7006 591,2749 0
497,5751 614,2971 0
598,9889 673,2953 0
565,0277 604,333 0
477,61 623,488 0
591,9018 646,4221 0
492,2972 699,4476 0
487,8538 670,2575 0
544,1913 591,6935 0
561,2564 609,6395 0
603,4962 630,154 0
601,0453 638,9939 0
486,307 683,4908 0
543,3376 593,0858 0
597,964 651,2233 0
585,9183 712,5689 0
532,1126 608,525 0
587,4418 652,8365 0
589,7128 701,1193 0
488,6544 708,4263 0
605,9535 707,1308 0
588,6976 624,3971 0
591,9499 655,7676 0
582,2376 675,5294 0
592,9948 716,2154 0
475,3367 610,555 0
528,782 590,1901 0
489,3954 589,6174 0
606,0956 611,9444 0
601,8258 706,0368 0
581,2156 646,4525 0
592,9938 612,5127 0
495,285 592,222 0
491,0915 716,4984 0
584,6729 641,1497 0
493,0477 712,1111 0
507,3968 590,7435 0
588,5304 587,4058 0
592,8986 670,5692 0
481,3042 634,3693 0
594,3482 641,0806 0
539,3041 601,5021 0
554,2597 595,0694 0
494,2238 697,4133 0
602,7394 615,7505 0
577,9048 597,7741 0
564,4763 599,13 0
588,1569 598,1396 0
587,643 662,262 0
479,7599 648,3194 0
600,9437 689,4113 0
599,091 632,9435 0
603,9153 704,0741 0
599,6794 633,2079 0
588,1928 670,9074 0
499,8445 666,0488 0
581,9064 603,8107 0
496,5412 607,4976 0
485,3239 595,1093 0
602,0691 619,5737 0
603,4142 637,3323 0
589,9235 643,1409 0
496,1493 693,1345 0
483,1303 643,2055 0
504,37 596,7454 0
488,0245 593,3746 0
499,596 630,5081 0
571,0045 601,6948 0
553,514 608,9811 0
569,8259 598,2365 0
475,9353 610,2619 0
589,1473 677,3079 0
528,5639 595,1657 0
602,987 618,8208 0
605,3147 662,6398 0
498,7644 589,2569 0
491,3481 674,745 0
505,012 594,7446 0
490,2346 633,6363 0
510,1869 608,9399 0
572,2614 608,3416 0
602,7568 645,4794 0
578,0675 611,1792 0
479,9344 679,1318 0
490,7581 593,6067 0
496,9886 713,9354 0
488,1856 613,1801 0
515,5672 612,2765 0
479,3418 634,1048 0
594,3109 673,0225 0
592,1202 627,0292 0
591,6569 672,0838 0
578,7565 604,2907 0
496,7309 653,0239 0
484,1855 642,4799 0
556,1047 587,7383 0
476,8679 685,2019 0
563,1964 587,5576 0
584,4795 587,9346 0
582,5336 607,2594 0
489,407 653,772 0
508,5275 591,6008 0
475,2161 657,4699 0
485,9755 646,0607 0
488,8399 706,1223 0
579,6112 595,8061 0
592,507 689,3883 0
605,681 626,3049 0
528,4779 602,9419 0
572,6861 611,6129 0
590,0635 669,4539 0
501,0255 695,5223 0
489,7959 645,7903 0
603,1026 717,3524 0
599,9563 619,1874 0
516,4163 588,1195 0
509,4922 610,6521 0
550,5039 595,5072 0
483,0826 656,8909 0
592,2481 709,0402 0
497,9193 610,0061 0
512,4986 596,1344 0
604,7515 714,0385 0
587,7731 632,5727 0
583,8704 703,8699 0
485,6546 687,9832 0
533,3387 606,8946 0
492,305 645,6492 0
487,4383 667,1798 0
595,2273 681,9878 0
483,0722 631,9015 0
598,014 682,2576 0
489,7911 632,4287 0
481,3562 595,8308 0
554,2778 596,696 0
483,9693 639,3236 0
493,4654 708,7007 0
485,3347 713,6736 0
478,6559 587,3671 0
479,1542 636,1504 0
584,1531 675,8011 0
580,7988 663,46 0
486,6207 602,6578 0
606,4881 717,2352 0
598,9199 597,4797 0
479,1398 610,735 0
588,2525 662,2844 0
605,9187 653,1827 0
503,8382 601,0085 0
579,372 598,7488 0
588,5961 680,1881 0
545,8374 607,0272 0
578,6126 610,6139 0
485,2455 608,8449 0
581,5559 716,307 0
580,7621 667,9049 0
600,4884 607,4806 0
498,0067 672,8414 0
600,5172 679,5697 0
603,0317 605,0438 0
604,8128 677,6757 0
587,0793 673,4043 0
563,1837 597,7404 0
514,0655 599,6988 0
495,7028 612,2895 0
482,8843 645,2703 0
577,2541 606,5693 0
480,1174 638,4197 0
487,8753 613,4198 0
591,4613 650,6509 0
479,9712 621,4667 0
523,417 602,6646 0
590,0361 607,6812 0
588,6613 690,7352 0
592,2542 706,9049 0
490,1293 707,9474 0
489,9765 645,9015 0
583,5027 699,2157 0
501,3284 627,3711 0
604,1975 649,8481 0
604,8613 625,689 0
510,8912 603,1249 0
479,5262 630,913 0
492,9842 600,554 0
487,1215 714,8728 0
564,8222 607,4948 0
484,9654 615,9925 0
497,9973 661,0162 0
602,1673 662,7374 0
479,8414 690,5712 0
489,6051 658,5975 0
478,5595 641,0743 0
485,6192 650,7958 0
497,9222 668,3245 0
590,3713 643,4904 0
591,9159 599,9345 0
593,0306 598,1745 0
499,459 608,5067 0
594,4394 704,1939 0
499,5001 671,2821 0
597,4613 684,0734 0
586,0181 647,9477 0
586,5134 673,3246 0
489,1389 699,7329 0
581,2657 689,2855 0
486,8257 713,5191 0
572,1078 597,1489 0
543,663 588,3685 0
603,7632 609,8121 0
479,8553 688,6976 0
590,8699 703,8103 0
478,7747 706,5716 0
501,0747 670,812 0
536,4257 588,4526 0
497,0567 591,8154 0
528,8825 598,9693 0
500,9491 644,0445 0
598,6702 680,1299 0
559,2297 601,1512 0
528,4978 592,0674 0
588,7947 668,5198 0
490,6659 712,111 0
501,3383 593,4291 0
498,0289 718,8719 0
600,7159 681,289 0
597,0682 687,2088 0
602,4705 632,3253 0
603,3022 699,0232 0
600,77 611,4754 0
586,3948 643,7748 0
596,4658 685,4175 0
518,1778 610,5503 0
480,6567 660,5421 0
522,6851 599,5245 0
587,4951 624,964 0
476,0732 595,0902 0
572,2169 590,5871 0
485,4279 596,7059 0
606,382 674,7023 0
566,0977 603,7048 0
505,2927 592,6301 0
501,3594 705,5546 0
496,0646 688,0064 0
479,3094 674,2064 0
551,0833 609,2471 0
478,7176 617,2668 0
476,5039 627,05 0
591,5605 668,8471 0
480,6518 657,3689 0
554,6785 587,9192 0
600,2329 615,9583 0
519,0523 603,562 0
551,9093 609,7206 0
481,364 653,1959 0
503,3505 613,318 0
549,4049 605,4939 0
496,0358 614,4853 0
573,1548 597,6824 0
481,7194 625,5652 0
549,0006 597,431 0
481,9636 709,5797 0
563,9797 591,5334 0
503,3808 612,0102 0
482,8266 649,8579 0
584,8739 703,7126 0
510,2725 603,4612 0
484,1758 589,9967 0
584,1252 615,3693 0
508,6299 603,996 0
483,0033 668,1469 0
606,1394 594,3593 0
506,7233 592,5899 0
582,517 710,3868 0
479,9416 708,7523 0
596,2695 642,1747 0
556,9871 593,0697 0
588,061 623,0238 0
508,4315 611,6984 0
554,3214 604,4956 0
563,7005 609,8292 0
601,5642 708,6409 0
480,3648 707,2995 0
476,9618 613,2888 0
484,4573 695,8064 0
592,0639 624,6374 0
524,1113 593,9239 0
482,6071 639,3262 0
588,6574 639,0486 0
575,0807 604,005 0
595,6376 681,9606 0
496,9362 610,8192 0
584,9061 654,9898 0
476,3468 619,7953 0
576,7195 591,0805 0
578,5042 589,0795 0
497,7448 643,7751 0
541,2558 605,967 0
589,1704 708,0741 0
487,6132 692,2975 0
587,9018 654,5652 0
495,638 610,1741 0
606,983 709,879 0
588,537 628,4166 0
486,007 653,1217 0
584,1351 652,5579 0
497,2284 674,3891 0
493,4144 604,7384 0
602,2634 592,5749 0
588,1447 713,0548 0
570,6301 602,0866 0
559,1822 609,7243 0
591,0747 670,3466 0
538,4952 588,6166 0
479,2741 624,764 0
604,0931 597,9708 0
559,4547 610,3914 0
498,902 640,8915 0
576,4153 593,5474 0
591,9146 621,6225 0
523,6562 598,9614 0
527,6133 595,0244 0
574,8201 608,6055 0
550,0786 611,9827 0
596,4802 662,6403 0
479,2671 665,1639 0
498,4841 697,8714 0
479,3104 640,312 0
540,3099 588,912 0
532,7111 609,0175 0
583,0936 709,6768 0
592,3427 688,8486 0
487,4496 669,0269 0
592,2008 708,1947 0
542,1864 602,5817 0
589,7146 628,4933 0
544,0121 597,9291 0
495,2602 701,5239 0
514,0388 587,5858 0
589,6508 644,7705 0
550,26 609,8323 0
490,754 712,3053 0
591,5907 632,5736 0
483,1481 612,0643 0
491,4957 670,7826 0
487,3736 599,2784 0
484,3952 637,8363 0
493,5775 708,91 0
531,3231 602,4192 0
597,6931 639,0759 0
483,9922 671,9149 0
589,0661 637,429 0
501,2931 684,4387 0
494,0547 614,024 0
489,3263 646,2041 0
505,2708 610,546 0
595,5962 605,4993 0
498,316 588,5661 0
571,2371 600,8454 0
495,9005 705,2033 0
563,8674 593,6525 0
526,8701 609,0891 0
605,4598 662,8387 0
589,8732 660,069 0
592,5142 691,4835 0
597,9847 612,3057 0
547,8842 595,7868 0
491,3662 592,6886 0
495,6907 713,4231 0
508,8658 591,2734 0
586,7001 676,2955 0
493,8762 615,9955 0
481,7645 647,6061 0
499,7268 613,2545 0
586,0721 607,0587 0
518,3906 610,2553 0
540,7568 598,2699 0
503,1261 600,6516 0
500,8891 600,4607 0
597,6707 700,7583 0
582,6075 633,439 0
596,9678 632,561 0
499,2277 641,8911 0
585,2343 611,4383 0
484,2941 620,2208 0
561,1533 598,1094 0
485,5167 664,9625 0
567,9704 606,0584 0
582,396 631,7271 0
599,2813 681,1478 0
588,5834 593,9839 0
586,766 669,216 0
590,2595 706,2789 0
479,1137 595,9567 0
591,6575 698,2485 0
562,1881 589,4569 0
488,4067 615,9369 0
586,8182 638,7673 0
595,6856 629,3349 0
560,1218 591,949 0
569,7019 591,5393 0
590,3467 689,8109 0
501,5221 590,8554 0
491,7352 681,9257 0
479,571 653,8225 0
571,3266 600,0486 0
485,9411 643,0197 0
557,639 589,8449 0
525,9357 598,9913 0
497,786 666,0717 0
572,7999 587,8146 0
591,7056 596,2331 0
592,8508 714,5246 0
587,7248 600,6389 0
499,4842 674,9782 0
595,6857 644,7548 0
581,3207 656,6781 0
476,0052 600,593 0
578,7525 605,8913 0
589,3967 590,962 0
480,208 608,1875 0
584,9869 608,1306 0
601,4392 667,3673 0
602,7516 655,8611 0
546,8726 606,4715 0
598,7374 693,1206 0
497,3945 691,1736 0
590,2813 597,7235 0
600,8656 709,3178 0
523,1571 612,4484 0
499,6106 674,5473 0
560,9496 603,7746 0
486,6052 634,3002 0
477,2897 715,7279 0
491,4766 650,5189 0
577,9186 597,8197 0
479,3293 665,5962 0
590,7358 608,9757 0
552,5582 589,6858 0
605,1698 601,375 0
513,7921 610,8487 0
515,0601 607,6856 0
602,9261 652,652 0
585,7026 675,0197 0
539,0255 594,5943 0
475,5191 680,8336 0
485,3692 619,5158 0
601,6356 674,1156 0
547,9653 592,5062 0
475,5849 713,7295 0
596,6497 602,9264 0
606,8929 650,3549 0
597,7328 613,813 0
557,0564 602,1685 0
513,1912 590,059 0
586,21 616,7834 0
489,0813 707,6415 0
508,1051 603,9196 0
575,1175 611,2925 0
496,1219 614,7028 0
482,0091 666,5328 0
565,7845 596,9743 0
598,1572 718,9226 0
600,2853 611,8713 0
600,917 619,8859 0
477,807 714,6449 0
567,0188 588,594 0
606,3878 644,6226 0
591,453 709,126 0
535,0299 594,8626 0
476,0151 653,4579 0
477,1033 647,0718 0
557,728 610,2272 0
583,9943 714,9819 0
480,3473 696,9442 0
480,3428 654,6331 0
227,9611 165,1333 1
219,4311 176,0374 1
238,7252 164,3663 1
321,6802 246,1327 1
249,6032 151,0035 1
322,2657 186,965 1
325,0407 173,3683 1
220,8775 178,1852 1
237,1078 267,2806 1
342,7527 177,1004 1
309,7276 164,2292 1
232,519 268,2946 1
343,5676 202,4136 1
226,0975 222,8275 1
214,0884 160,4876 1
321,6728 240,3112 1
230,0082 248,6202 1
284,8446 158,7314 1
332,3406 191,3007 1
228,6411 165,3488 1
310,6073 145,1491 1
340,3988 218,5748 1
335,9599 269,2624 1
322,9863 259,2033 1
319,4139 146,4645 1
277,8161 154,4028 1
317,1004 155,0851 1
244,2345 154,8719 1
291,8059 144,1771 1
326,2437 268,8032 1
245,0253 160,9861 1
252,5131 146,429 1
344,9398 223,827 1
320,6647 263,5632 1
344,6844 182,9824 1
337,5221 179,7503 1
297,602 149,6973 1
334,7979 229,9042 1
238,572 238,2234 1
288,2548 161,1588 1
231,4806 235,3331 1
215,5001 248,9971 1
312,8974 155,7083 1
256,0645 165,5114 1
344,4239 271,5024 1
333,2334 233,2176 1
236,8856 181,9018 1
235,4225 254,4117 1
338,5846 248,301 1
323,2282 221,3547 1
305,3455 161,8883 1
263,7548 165,1411 1
322,2173 266,5151 1
236,3993 179,6262 1
216,6738 215,829 1
315,736 154,406 1
333,7494 170,3027 1
224,8714 185,0784 1
218,5726 264,6032 1
228,7967 225,8818 1
236,8723 260,3058 1
221,3035 198,759 1
339,9649 237,2824 1
227,9638 151,6298 1
339,5655 208,1427 1
214,3525 209,0663 1
315,1655 166,2006 1
328,4109 161,9083 1
217,0591 190,0351 1
264,812 162,6273 1
226,4306 167,321 1
225,3644 156,0936 1
328,6242 236,0351 1
216,4425 155,566 1
325,0159 230,3056 1
267,3691 160,9805 1
222,9613 217,7417 1
322,3476 212,4413 1
317,6336 159,3176 1
237,1103 216,1355 1
216,0311 225,6553 1
341,8726 271,589 1
337,3855 273,8269 1
335,1597 268,8743 1
325,3741 265,0118 1
338,4796 250,074 1
267,7505 159,3435 1
243,2413 166,5742 1
233,395 220,9376 1
228,3337 153,867 1
225,8672 201,981 1
224,6263 214,492 1
223,7732 182,2659 1
312,0538 162,6587 1
233,4206 255,0329 1
286,4927 147,014 1
336,8342 245,0409 1
217,3715 146,5219 1
214,8712 175,5427 1
267,2805 159,7925 1
320,8165 186,3317 1
342,3856 234,5449 1
219,1153 163,028 1
343,831 273,7757 1
239,0295 188,652 1
336,5192 183,6932 1
323,153 179,0504 1
220,8081 215,5137 1
257,2066 152,3849 1
259,18 149,8265 1
339,7755 223,2772 1
281,3367 158,2234 1
318,5128 159,6004 1
331,1113 207,1417 1
218,4518 253,2012 1
265,6346 159,9279 1
215,0534 160,3411 1
293,539 147,2569 1
329,2273 272,7645 1
213,8049 187,3614 1
253,9513 148,1549 1
236,8656 162,3201 1
222,1205 260,3388 1
237,0128 216,8158 1
273,7031 159,0425 1
334,2636 256,7268 1
316,7675 164,3654 1
226,9434 236,1368 1
219,2487 213,6611 1
337,8486 198,3701 1
237,1036 239,5776 1
342,1221 189,4283 1
270,405 164,7186 1
321,3132 201,5685 1
339,1192 157,8876 1
262,8438 157,2959 1
344,6848 146,1256 1
248,4351 149,0019 1
223,5243 203,9867 1
216,2036 272,6831 1
338,6865 190,3048 1
286,1301 159,3122 1
329,8415 229,4705 1
336,2363 215,2575 1
236,5827 242,877 1
320,2229 183,569 1
339,2039 263,5169 1
234,4855 247,7106 1
222,1098 171,696 1
228,0304 275,3266 1
237,8066 269,183 1
329,1518 259,7457 1
333,6821 204,0722 1
232,8163 225,9262 1
213,0269 254,411 1
236,2577 185,2577 1
268,8689 170,2599 1
342,9968 212,5597 1
293,031 170,0605 1
239,3464 232,2261 1
329,3379 157,2469 1
231,799 201,9156 1
235,5255 173,6509 1
292,0403 160,2451 1
239,2454 197,735 1
323,2945 268,0274 1
335,4602 207,6176 1
225,5166 255,4839 1
340,4533 232,4418 1
246,3201 148,3215 1
308,0861 161,4995 1
339,7127 154,917 1
242,0025 168,3444 1
238,0781 267,4472 1
334,3447 182,1769 1
234,9731 164,2106 1
337,5469 270,6325 1
226,4343 211,4744 1
302,1689 158,8108 1
295,4731 158,5469 1
215,9502 182,9014 1
321,7785 239,9228 1
320,9777 220,9887 1
226,3059 176,7039 1
338,856 158,5063 1
218,5396 206,7285 1
237,9666 192,4088 1
226,7933 262,2886 1
226,3417 244,7596 1
226,5571 179,8506 1
275,2475 164,8927 1
227,7702 239,8656 1
236,268 160,26 1
238,1152 235,1523 1
215,5843 191,0374 1
227,1935 264,7851 1
213,7657 232,6491 1
237,9731 209,5052 1
222,2866 180,5915 1
220,6987 166,4949 1
275,0247 153,6399 1
326,0202 178,3275 1
336,669 188,227 1
225,9415 259,1618 1
332,0883 209,2114 1
222,1944 174,3941 1
240,4302 151,7461 1
324,8826 220,5935 1
235,4663 186,202 1
328,7328 183,0665 1
329,2692 205,0161 1
233,729 158,0984 1
238,3767 241,5025 1
238,2985 213,8017 1
243,1851 169,6602 1
343,9908 247,9934 1
216,5673 209,2296 1
336,2846 249,1823 1
279,6173 158,9646 1
319,0938 182,6745 1
341,9811 216,6402 1
274,3035 150,4414 1
223,4851 162,4579 1
280,3856 145,8389 1
233,9887 251,2059 1
271,4508 150,9124 1
228,2274 264,8798 1
317,2837 160,7045 1
341,2727 160,6344 1
326,2374 155,8571 1
332,9816 241,7198 1
325,072 228,0536 1
233,6083 245,57 1
242,1791 166,5943 1
295,2998 148,9088 1
317,4884 155,6968 1
275,9847 168,5909 1
218,4606 250,2664 1
329,6625 265,4454 1
222,0947 228,6525 1
341,0585 250,8872 1
332,3554 186,1817 1
341,1494 235,8654 1
335,0207 208,5058 1
237,6811 183,8691 1
218,1421 195,9015 1
343,6803 181,5986 1
320,8466 183,8186 1
287,3207 168,7725 1
217,4723 248,4664 1
281,6854 150,5143 1
296,9089 160,5323 1
277,3279 162,4929 1
340,8666 173,821 1
316,0527 151,8851 1
324,5368 274,9539 1
333,3084 266,6076 1
231,8099 228,3175 1
309,9178 165,6299 1
332,5542 194,1207 1
241,4634 166,4437 1
344,2438 177,1201 1
221,3539 183,4478 1
327,2907 174,1226 1
223,8554 210,2037 1
344,4642 216,1895 1
229,463 210,0725 1
328,2788 144,1214 1
225,7827 222,8055 1
219,3239 222,3817 1
222,7065 214,5894 1
343,3262 185,6307 1
335,8881 255,1232 1
283,7568 152,9727 1
329,2835 225,8261 1
310,5201 159,8639 1
319,4641 202,7269 1
223,4398 182,8431 1
220,7482 274,1382 1
324,4826 212,5608 1
231,1498 215,557 1
231,1863 194,4469 1
271,6126 163,1052 1
321,3168 246,5203 1
215,6677 222,9563 1
238,7749 245,4491 1
231,5716 201,526 1
331,0153 222,1481 1
226,9837 224,8689 1
220,2949 171,219 1
340,5176 261,1728 1
319,1101 234,4872 1
230,4195 255,8341 1
329,5324 161,7297 1
224,3153 250,3681 1
228,7939 223,8582 1
333,9569 261,8055 1
225,5026 255,666 1
225,7492 243,226 1
335,7892 186,4692 1
238,1131 229,8675 1
218,0851 249,1013 1
234,0864 275,1163 1
280,2074 168,0301 1
335,62 172,3997 1
320,5138 246,6463 1
228,7477 216,64 1
218,4263 144,3954 1
323,0989 229,6609 1
223,396 231,8928 1
336,3186 148,4903 1
231,9296 175,3636 1
321,6265 261,719 1
283,4341 149,6309 1
214,0154 234,4362 1
218,2917 192,7267 1
343,8476 272,1784 1
270,692 169,9291 1
231,1875 146,4892 1
226,3675 244,4536 1
248,5731 152,5529 1
234,5122 182,3833 1
333,2754 179,6354 1
336,8013 189,9374 1
337,5635 262,477 1
256,3966 156,0134 1
274,8279 170,3747 1
228,4626 268,0322 1
219,6882 182,1286 1
222,0475 275,3873 1
236,756 168,8747 1
322,0366 227,3774 1
327,2311 222,5743 1
220,1864 271,6619 1
248,9993 168,0388 1
324,6857 210,1113 1
224,9802 162,7549 1
223,467 212,0506 1
256,6488 148,1249 1
296,4135 149,7108 1
344,0011 164,2898 1
221,5745 229,1384 1
222,8256 212,21 1
320,6126 239,8067 1
228,9026 250,1963 1
336,5498 247,8104 1
282,1487 161,044 1
340,4467 185,4461 1
223,3953 182,1764 1
307,4693 154,8816 1
319,841 192,9432 1
327,5608 230,0132 1
316,7613 144,3653 1
329,6972 205,3161 1
296,4387 165,4583 1
260,2862 157,8066 1
338,4171 250,7519 1
239,6941 151,295 1
213,6958 255,137 1
309,1333 160,2475 1
261,1484 159,1703 1
246,8123 150,7428 1
328,8804 254,7637 1
336,4894 176,0514 1
248,9365 156,6236 1
336,6514 185,221 1
323,8344 217,9237 1
323,4549 262,5116 1
238,9119 267,5421 1
261,4073 154,3093 1
217,7707 198,9552 1
232,5556 274,2087 1
343,8013 218,2499 1
303,4578 158,7304 1
220,0471 217,8316 1
252,0736 163,0934 1
330,412 230,5546 1
230,3647 236,0215 1
247,5917 168,6946 1
216,0022 271,3318 1
328,8058 266,8552 1
338,1921 255,8437 1
342,9013 274,1784 1
217,1498 225,7654 1
232,357 163,0908 1
336,0432 252,4584 1
327,1982 170,7475 1
254,2909 159,4192 1
222,549 203,5261 1
224,2721 155,1432 1
217,0978 213,1076 1
237,5001 217,6519 1
323,3753 259,1072 1
325,7875 187,7012 1
240,6383 156,9262 1
271,6467 163,9889 1
303,2447 156,9028 1
238,3525 188,1724 1
282,5414 168,6865 1
299,0709 156,7005 1
341,4125 242,332 1
330,1248 223,9429 1
237,0527 175,2783 1
321,386 250,2122 1
336,8071 169,6134 1
235,9821 236,1764 1
222,4892 271,6628 1
325,0659 154,7392 1
222,7969 206,7722 1
326,9649 149,6996 1
305,9148 148,869 1
321,6726 182,8019 1
327,4131 218,0464 1
251,1551 144,4694 1
266,4976 162,442 1
277,4964 167,7291 1
327,3485 157,3917 1
216,1782 214,8056 1
213,7235 205,1109 1
315,3465 150,1063 1
321,1539 243,1633 1
215,5303 201,8118 1
302,4792 160,9683 1
316,9754 170,2545 1
331,5717 172,5719 1
334,4047 204,4509 1
252,7816 144,4916 1
239,1767 208,788 1
323,6025 168,5272 1
266,2544 163,1829 1
215,8296 161,7179 1
325,0023 198,3033 1
337,1246 203,5023 1
225,9324 150,5018 1
342,2492 183,4341 1
344,0247 160,088 1
223,0824 264,2845 1
332,9217 275,1198 1
325,6613 203,8838 1
336,3261 212,9162 1
215,1086 168,3323 1
277,7057 150,7965 1
221,6772 262,0271 1
233,5641 211,7615 1
266,1777 164,016 1
331,726 243,1514 1
299,4214 149,9125 1
331,1836 252,3363 1
236,634 171,906 1
223,167 198,1128 1
333,5274 227,8963 1
325,7013 258,2439 1
226,481 250,7059 1
338,4501 254,9262 1
331,3259 150,2622 1
217,8431 253,4047 1
322,1032 227,5731 1
233,8023 167,495 1
325,8355 248,026 1
326,4634 198,9443 1
325,6395 148,7704 1
330,9614 245,7874 1
235,102 266,4267 1
329,4832 203,9296 1
344,6769 218,1964 1
219,3627 235,5675 1
243,6733 165,977 1
340,1028 245,7566 1
319,0285 257,6459 1
234,759 187,5173 1
232,0948 160,9191 1
284,3685 156,1648 1
215,796 275,5608 1
340,1922 149,5299 1
341,5445 161,6646 1
321,758 145,0331 1
263,7557 162,003 1
340,3059 193,0705 1
286,9014 158,6312 1
327,8957 188,8095 1
226,9581 153,8788 1
328,4353 194,3217 1
331,7136 185,9022 1
214,5373 259,3896 1
333,8875 258,0819 1
214,1237 212,5567 1
279,998 159,9709 1
220,1449 254,1638 1
233,7401 157,7826 1
247,7695 144,527 1
305,2283 169,7381 1
237,8166 202,9396 1
293,3693 149,7653 1
335,7414 242,0381 1
324,6392 171,9713 1
322,4428 224,2076 1
237,1089 149,8826 1
325,0395 243,2881 1
320,0462 165,5905 1
326,0007 204,5768 1
232,9495 162,6481 1
233,669 187,5946 1
221,1049 195,6212 1
230,4665 262,7062 1
225,7629 232,9989 1
340,5482 162,684 1
319,428 264,6675 1
343,5781 263,287 1
214,1631 161,8106 1
224,5419 194,7409 1
226,0815 238,911 1
327,5328 200,4544 1
341,0339 225,0231 1
267,6233 163,085 1
337,221 196,2913 1
217,7873 192,9583 1
315,312 151,3912 1
216,7563 270,6926 1
343,9268 210,3922 1
228,8163 226,9304 1
343,8306 268,8098 1
327,9012 223,7919 1
227,2986 187,0802 1
331,7709 198,2369 1
322,7074 228,8816 1
216,2245 273,4158 1
338,7326 234,357 1
333,1408 214,0781 1
316,068 150,8748 1
236,7316 167,4323 1
338,2835 150,9855 1
321,4543 154,1872 1
215,5605 204,5564 1
239,1557 168,0953 1
316,6574 151,348 1
326,0921 179,9333 1
294,542 164,5834 1
268,8659 144,405 1
222,5471 241,7955 1
280,704 148,5967 1
234,1514 199,9203 1
304,1928 149,2771 1
219,3743 225,9599 1
321,1947 214,9512 1
323,2035 184,5211 1
213,9079 144,4396 1
343,0124 233,6682 1
319,9342 191,8733 1
218,3585 161,3056 1
336,5304 164,3809 1
268,9607 161,457 1
343,7535 215,6654 1
230,501 203,5452 1
331,1994 230,4063 1
228,871 192,449 1
335,5716 262,0008 1
243,7344 152,0683 1
308,3452 168,4504 1
218,8876 241,8341 1
255,8684 150,7982 1
319,3485 208,4719 1
221,0503 178,3472 1
234,0607 263,9063 1
215,7023 182,8688 1
287,9008 161,872 1
343,9031 196,0356 1
258,3297 159,7647 1
335,7472 267,1073 1
234,624 182,4879 1
324,3952 209,3487 1
333,5797 240,3881 1
328,4755 234,2135 1
218,5025 164,596 1
221,1075 217,6945 1
326,5411 273,913 1
328,7656 254,3491 1
255,3284 156,3929 1
335,4383 206,3861 1
232,6959 196,4792 1
217,0672 268,5515 1
330,8205 219,1202 1
317,3687 162,9886 1
338,9297 184,5908 1
236,5606 251,9301 1
225,6586 221,4541 1
336,9525 147,8302 1
263,2027 164,4719 1
337,0398 274,4377 1
231,0493 212,5577 1
330,6579 251,8748 1
324,1942 257,7376 1
224,4704 210,4399 1
223,9644 200,8812 1
326,0355 243,8927 1
286,0032 155,6352 1
281,1609 159,1457 1
266,9657 157,1094 1
258,9848 157,698 1
344,4417 160,3062 1
331,517 269,7925 1
331,0917 226,1028 1
252,6368 161,9104 1
343,8165 224,7893 1
342,5551 167,0974 1
282,9968 167,5644 1
216,5052 202,286 1
319,7044 236,0844 1
238,9675 181,9767 1
335,4164 254,1538 1
214,3224 160,5636 1
318,6852 251,5806 1
225,3959 262,8211 1
224,6982 171,3705 1
303,1102 166,2535 1
217,4315 204,4201 1
326,0186 273,1722 1
319,0627 161,6206 1
229,7606 207,155 1
343,2528 236,8663 1
275,6868 147,508 1
328,8684 180,618 1
214,4928 206,2588 1
234,6158 248,3464 1
340,4866 176,1118 1
293,2935 168,5536 1
220,8444 272,2126 1
231,2929 203,5112 1
238,2415 238,5795 1
235,1359 262,4992 1
227,0302 231,3031 1
331,1737 219,4167 1
235,2407 231,0205 1
303,9035 146,8961 1
238,4397 159,8973 1
333,1046 234,2348 1
341,4567 265,4849 1
253,8153 161,8897 1
226,1217 275,0255 1
339,8948 219,1418 1
319,2744 211,8461 1
301,4332 146,0926 1
247,9951 167,9083 1
301,9109 156,5462 1
330,0916 230,0737 1
215,0659 212,8054 1
215,1986 173,5282 1
343,52 233,4733 1
226,8631 254,5125 1
322,2792 266,5792 1
303,4547 160,4268 1
334,6355 165,8576 1
220,6713 160,2275 1
300,9112 146,0483 1
327,498 201,3503 1
336,6099 264,3603 1
307,6557 159,9342 1
269,0437 163,9803 1
225,8073 240,2095 1
274,3628 163,1514 1
225,2389 144,9728 1
329,5275 257,5047 1
342,9876 154,811 1
224,3502 192,5362 1
307,4551 148,9189 1
222,2144 202,6854 1
329,5987 256,0697 1
215,7453 241,2513 1
344,4559 240,8683 1
221,84 192,4547 1
229,4475 164,7758 1
293,4923 149,7388 1
332,9552 267,6927 1
220,8382 172,5447 1
226,1966 186,2731 1
315,8737 146,5327 1
330,9038 233,8548 1
337,8306 225,0454 1
214,9305 194,9411 1
329,6084 188,6066 1
333,5604 155,7138 1
222,9254 148,2351 1
326,1613 157,5289 1
215,3526 218,7435 1
281,8492 168,7637 1
303,3908 146,2698 1
223,1719 261,2463 1
302,9532 156,8452 1
326,0293 192,8506 1
222,9399 246,6919 1
326,0441 182,1349 1
331,562 178,586 1
333,8968 159,2969 1
342,919 245,0561 1
241,8936 147,2881 1
286,9004 161,6419 1
336,641 251,3619 1
249,3462 149,8302 1
319,7595 147,152 1
296,9987 158,7443 1
324,808 227,2075 1
317,4066 154,1166 1
223,692 145,6929 1
328,2535 179,4368 1
337,3203 145,1387 1
227,8318 270,9758 1
307,7201 169,5351 1
232,4802 215,9613 1
219,9461 160,278 1
343,4114 214,4253 1
326,6187 236,4505 1
257,9669 155,5398 1
232,6153 181,9846 1
235,7266 242,8209 1
331,3171 231,4618 1
339,8267 185,0555 1
276,2168 166,7192 1
339,9998 267,7605 1
322,3843 144,4357 1
284,2769 159,0147 1
261,3597 170,3246 1
244,5766 170,0697 1
248,834 167,1788 1
220,5914 200,6732 1
222,7871 228,6883 1
286,4186 153,2749 1
218,8571 196,1766 1
232,0268 190,1644 1
343,7252 214,658 1
232,5221 187,4186 1
234,9725 150,6848 1
239,0763 177,4457 1
324,4041 188,9349 1
330,5754 241,2187 1
331,2937 249,0441 1
228,7322 206,0543 1
323,3782 229,6108 1
273,7244 159,0934 1
288,0562 168,3907 1
244,6858 165,4507 1
223,9875 161,0576 1
277,8021 159,2505 1
220,9018 214,5421 1
334,2415 267,2217 1
274,9145 158,6728 1
236,2385 254,1352 1
217,1486 256,8598 1
329,6236 237,5592 1
320,8814 150,9746 1
328,5037 251,534 1
228,6694 201,2093 1
293,2229 167,1812 1
248,2028 158,9321 1
320,5704 190,4097 1
324,2129 227,5362 1
228,2971 197,3126 1
334,2837 170,8094 1
215,3747 150,2134 1
243,6558 146,8985 1
247,5766 169,9172 1
218,2649 192,4906 1
323,0188 232,7285 1
324,5646 236,8381 1
221,565 260,178 1
234,2689 243,5979 1
340,4556 200,2124 1
238,2649 216,7148 1
305,7983 160,7299 1
228,1328 268,5606 1
343,6866 237,016 1
228,1497 211,1302 1
236,9041 239,4512 1
219,8571 153,3019 1
216,869 252,6604 1
285,0413 160,1362 1
221,0236 227,2244 1
319,9891 226,388 1
238,6395 184,1191 1
334,3588 254,404 1
250,5271 151,6689 1
328,0015 270,1319 1
225,8846 216,207 1
215,3165 145,3355 1
216,4388 193,103 1
335,6484 198,0711 1
221,4219 209,459 1
235,6204 217,8897 1
235,7193 245,4939 1
238,6769 256,2097 1
342,1243 208,1997 1
304,3946 159,4412 1
336,5984 269,5867 1
337,7938 171,8846 1
232,9745 262,8318 1
266,997 145,161 1
329,5721 251,5082 1
328,8544 185,4159 1
225,466 189,0878 1
239,0756 256,4529 1
239,2582 194,0382 1
250,897 156,7315 1
223,9451 202,6091 1
341,6844 189,4674 1
231,7181 213,6481 1
341,8093 260,4426 1
336,7261 208,2278 1
271,4861 144,1575 1
234,377 220,6374 1
328,4035 241,1373 1
235,1522 222,8192 1
336,0308 263,3863 1
332,5044 238,3379 1
333,2016 205,5982 1
325,3281 174,8426 1
215,7495 221,7822 1
252,641 152,7582 1
317,0472 164,7072 1
334,4865 266,3026 1
254,2502 151,9386 1
326,4447 215,926 1
344,408 162,1906 1
233,635 275,3231 1
336,4109 268,6969 1
344,8668 220,2151 1
330,9132 210,2958 1
310,9296 165,5383 1
286,527 157,9066 1
302,0077 168,6214 1
341,1181 150,8188 1
318,0374 164,836 1
289,0506 148,6054 1
323,7496 188,1994 1
336,0921 244,5875 1
239,0268 183,4587 1
338,638 246,0053 1
330,5794 229,9424 1
318,1649 165,3176 1
222,7974 196,3626 1
341,3451 162,7533 1
217,7518 196,2446 1
226,8487 210,0377 1
306,2801 163,2905 1
339,7169 192,4767 1
328,0637 179,7984 1
222,3657 221,6561 1
322,5789 178,476 1
233,1247 242,9925 1
343,9793 203,4858 1
240,2068 160,094 1
233,7811 200,2837 1
257,7486 158,26 1
303,2041 169,8363 1
235,2713 149,8772 1
223,0328 179,8801 1
326,9857 261,0732 1
224,3021 186,044 1
255,9459 155,9408 1
222,4496 251,1734 1
344,7608 217,6875 1
233,2081 232,7334 1
331,794 158,4495 1
289,2106 153,312 1
258,8348 155,8892 1
332,6683 145,4066 1
234,5081 249,1143 1
330,8807 215,7234 1
222,4886 153,6759 1
234,5823 226,1865 1
341,9986 230,8594 1
227,2753 240,1051 1
225,3436 145,2104 1
299,7392 169,6718 1
225,8974 253,0667 1
216,2698 258,1872 1
326,6889 218,818 1
328,3041 191,6498 1
267,5414 163,5827 1
287,0169 169,6218 1
321,7232 179,5227 1
330,0424 218,2306 1
307,0306 153,9246 1
215,3831 242,9827 1
242,8003 152,0673 1
273,121 164,2144 1
287,6739 158,638 1
215,7025 222,948 1
256,6608 166,7352 1
235,9122 157,8321 1
219,4145 240,0102 1
238,1369 154,4938 1
244,8096 164,6198 1
344,0191 233,5367 1
324,1812 224,9002 1
222,3315 156,3529 1
220,6942 188,2923 1
338,9624 196,0252 1
319,2114 226,2432 1
335,9516 247,7148 1
228,1835 161,2335 1
329,925 155,2908 1
343,8907 190,4166 1
317,3733 165,7952 1
339,6223 148,1633 1
337,2874 172,9267 1
216,15 255,9422 1
220,8855 231,5659 1
244,8396 147,6561 1
224,4606 171,0912 1
218,5371 239,7685 1
335,1871 162,4049 1
222,7391 213,4701 1
319,6712 191,1541 1
233,9714 191,746 1
330,9674 198,1616 1
330,3819 250,1177 1
234,6139 185,3835 1
225,4007 208,5279 1
296,5966 163,2002 1
253,7045 152,6876 1
291,5787 155,694 1
336,2083 196,64 1
252,6606 155,2196 1
328,0627 252,6025 1
236,645 152,6485 1
327,334 272,519 1
219,9355 256,4706 1
237,8676 223,7038 1
338,5095 243,6544 1
215,091 271,1832 1
238,5794 166,0828 1
302,3567 164,8421 1
235,0771 231,0689 1
218,9215 164,4176 1
228,5647 171,9251 1
304,442 167,8113 1
213,8696 261,3386 1
319,6847 236,0673 1
334,6766 158,0033 1
319,7 177,9847 1
224,0171 160,4802 1
330,4571 209,741 1
281,7608 159,1368 1
284,5415 161,7082 1
235,3775 185,1693 1
318,763 195,3997 1
326,5545 177,1348 1
214,3405 256,5841 1
216,9531 249,8536 1
271,7611 166,7122 1
247,9141 146,3341 1
213,7984 249,7022 1
343,373 245,9185 1
239,5122 150,2957 1
309,637 160,6647 1
309,8281 157,5476 1
237,2883 237,1734 1
336,7398 174,6919 1
231,8471 157,8966 1
325,0357 192,2139 1
324,4369 148,1609 1
234,002 152,2616 1
234,5181 259,2758 1
318,8641 246,1913 1
249,8001 167,7756 1
343,4463 248,2704 1
227,992 150,4495 1
262,8124 170,0868 1
292,5775 159,2047 1
338,7303 240,9661 1
336,6004 243,7423 1
270,5895 168,0966 1
232,6922 181,0872 1
337,112 262,2464 1
220,2363 153,303 1
219,7256 199,7622 1
213,6814 188,1847 1
320,3362 245,7223 1
279,7357 169,9768 1
255,9625 166,4208 1
230,0374 272,9584 1
215,6402 182,9175 1
327,3499 209,7537 1
324,8759 177,1725 1
234,4558 217,1065 1
328,1971 234,0651 1
317,6234 157,8061 1
321,1709 175,2225 1
323,7129 256,927 1
261,9339 150,5439 1
269,3195 149,3299 1
238,9177 147,9944 1
329,6935 196,3881 1
225,8141 189,1546 1
218,7998 182,4152 1
321,8664 193,3452 1
250,185 144,3208 1
217,0216 162,5842 1
333,1495 188,9226 1
341,9912 249,9199 1
272,0265 148,6885 1
337,1005 253,42 1
280,1883 144,6636 1
217,2414 183,7829 1
227,9596 258,2157 1
332,7888 168,921 1
221,2443 226,9253 1
334,1308 174,8477 1
222,7995 156,3487 1
273,3406 152,385 1
331,0615 256,5245 1
224,256 200,1383 1
240,7128 147,2358 1
317,3819 145,0499 1
233,3548 239,4909 1
341,9477 271,1632 1
311,8965 160,0833 1
329,3703 192,2252 1
231,4806 161,4086 1
314,9995 161,4055 1
233,8395 173,9985 1
305,5359 169,0542 1
328,1735 174,6471 1
300,5993 147,3801 1
236,823 231,4257 1
234,362 256,3294 1
338,942 217,7391 1
311,3616 146,9511 1
215,2875 224,5865 1
216,9117 251,6514 1
237,1651 171,9305 1
220,3494 229,3107 1
343,9528 176,6579 1
343,3324 146,2565 1
322,8664 173,5085 1
280,7183 162,3494 1
336,0153 189,1797 1
228,4485 258,467 1
234,7655 192,2154 1
305,0078 160,4982 1
219,1304 221,9137 1
329,9656 216,2289 1
319,7622 204,9445 1
233,3364 235,2654 1
244,668 169,1896 1
331,2125 241,2653 1
335,7219 205,5301 1
219,3233 193,8938 1
311,5242 166,7035 1
217,669 147,7011 1
291,2344 146,4428 1
280,8037 167,7839 1
233,3 246,6368 1
247,7734 149,8197 1
323,3026 232,1278 1
326,4393 253,4448 1
223,7276 209,8567 1
326,2879 258,0201 1
332,0679 211,2002 1
214,0222 171,0915 1
231,9659 272,8812 1
226,1561 250,5429 1
339,8188 170,2722 1
330,4367 165,0347 1
343,8192 266,3342 1
330,1333 218,928 1
232,8125 272,0581 1
272,5552 166,7891 1
225,8019 217,0741 1
234,6426 185,4784 1
236,6244 192,8556 1
338,2175 250,4283 1
332,265 257,7506 1
216,3902 204,3685 1
216,8083 191,6593 1
222,087 234,0582 1
335,7026 148,171 1
279,33 163,161 1
324,2144 198,5009 1
219,3147 165,9988 1
221,261 215,2825 1
335,3706 195,2325 1
339,6536 214,4709 1
237,9082 245,7226 1
324,4863 232,4812 1
264,9656 159,9686 1
333,1786 179,1106 1
214,2833 164,0271 1
239,0151 173,5012 1
220,0529 161,5589 1
230,4319 172,3322 1
343,0786 193,817 1
295,4884 167,2358 1
224,8112 225,6527 1
320,4307 249,9825 1
336,427 234,6847 1
237,106 217,8391 1
320,9269 178,6917 1
323,9891 156,9462 1
339,3125 262,4865 1
218,1256 213,346 1
216,7122 189,2371 1
232,9201 170,2163 1
220,9734 247,6188 1
295,4591 169,0321 1
232,1227 224,1734 1
239,4822 145,7866 1
238,5481 149,9078 1
279,4219 145,2858 1
289,4051 166,4757 1
227,4844 228,9326 1
214,1045 252,7014 1
223,916 255,9997 1
230,7024 175,5457 1
342,0204 202,3276 1
301,6914 158,2758 1
332,4152 207,7632 1
239,8429 154,2035 1
340,5957 241,0893 1
219,636 182,802 1
221,6017 256,5377 1
213,2856 217,7607 1
229,0443 215,2941 1
237,6286 167,0387 1
213,2934 227,0119 1
227,5401 229,4477 1
255,3795 151,2404 1
232,9808 227,9297 1
264,2273 156,6618 1
226,2564 204,5332 1
296,1089 166,6476 1
222,4184 237,4669 1
253,5512 155,9589 1
307,4746 157,8293 1
325,4021 193,1005 1
223,5454 167,8226 1
227,2925 274,4593 1
269,504 160,3627 1
344,547 166,1401 1
230,8836 169,1501 1
226,4178 216,7331 1
318,3439 151,1338 1
342,9725 179,8699 1
237,3539 205,5966 1
232,1811 225,8827 1
215,5115 259,4567 1
323,012 156,7455 1
341,8951 209,5596 1
216,3324 164,0157 1
217,6874 216,6339 1
230,5473 226,2904 1
324,9723 212,9743 1
222,2843 206,6843 1
312,0641 153,5391 1
282,2367 152,7686 1
231,2898 233,1933 1
331,1188 261,938 1
340,7779 148,8162 1
217,0745 222,1817 1
220,6991 227,1419 1
279,4749 147,3985 1
321,266 215,1998 1
275,6447 154,8883 1
222,7659 208,0127 1
251,414 158,8038 1
231,4229 183,9169 1
339,7584 155,4236 1
333,3925 235,269 1
329,4107 204,8362 1
226,249 144,7598 1
339,6101 216,2422 1
238,8137 193,2904 1
342,436 150,8876 1
315,1839 153,9156 1
319,96 177,332 1
286,1525 153,7007 1
233,2558 240,7344 1
315,9968 165,3052 1
215,8133 272,0554 1
327,6161 147,3598 1
336,5518 182,7785 1
337,564 183,0346 1
323,0419 166,3122 1
223,895 272,1372 1
343,0842 265,065 1
222,3159 223,9428 1
295,1144 156,7122 1
231,22 236,4339 1
228,4027 233,8559 1
243,652 149,0993 1
332,0652 258,6268 1
306,1874 150,6692 1
341,8735 229,8418 1
341,6977 252,1932 1
292,3603 152,896 1
337,8036 164,5795 1
327,0766 267,1646 1
343,1716 198,1819 1
213,4794 187,9797 1
230,4595 171,5274 1
218,2091 175,63 1
216,3163 186,6706 1
307,2351 159,4644 1
231,0883 177,938 1
332,9181 271,0712 1
323,8956 200,6736 1
336,5654 213,7848 1
321,3478 248,5509 1
226,8296 158,2838 1
227,3725 237,684 1
218,0748 247,6551 1
288,8035 167,6408 1
230,1269 186,1837 1
295,1236 161,5365 1
261,288 144,312 1
337,7662 144,2921 1
228,3685 256,183 1
294,0762 167,6304 1
271,8721 146,3673 1
323,4167 188,4042 1
331,0022 204,7071 1
227,0945 174,6449 1
236,7633 225,0594 1
218,7673 271,5833 1
307,273 163,843 1
328,8207 167,8912 1
340,7155 229,0821 1
237,2095 251,9643 1
270,2836 168,6346 1
252,4708 162,5462 1
309,4552 148,4624 1
298,5734 157,9386 1
337,4362 272,6608 1
344,3969 267,2165 1
225,2669 201,0774 1
318,9288 230,3037 1
329,5837 241,498 1
334,8778 238,2966 1
231,2356 186,1773 1
326,5545 182,9008 1
320,0233 163,6174 1
233,0612 152,9508 1
232,4357 167,065 1
343,8861 214,9752 1
338,0115 187,4287 1
219,9862 264,7583 1
229,6052 243,7199 1
341,8757 160,5481 1
334,9749 203,0173 1
224,8893 265,9519 1
248,9469 150,2578 1
222,0058 270,5485 1
217,8977 237,6026 1
237,9213 273,5947 1
237,2482 237,6796 1
236,8083 271,409 1
214,9012 172,1753 1
305,1239 148,4643 1
344,0609 144,6744 1
324,5872 257,3091 1
214,4416 205,0157 1
338,1187 254,9654 1
225,295 159,5289 1
236,9621 218,4417 1
327,1725 271,5573 1
334,526 198,2315 1
331,1898 272,9773 1
342,2579 147,0018 1
331,1104 151,0015 1
321,4348 214,1784 1
344,3017 208,4334 1
331,111 160,1815 1
221,0403 154,9593 1
258,1763 145,5089 1
333,3249 262,484 1
322,5196 239,8541 1
238,3852 243,1796 1
230,8516 193,9657 1
285,6326 153,9475 1
332,2047 199,6348 1
233,3512 264,1155 1
281,843 167,1623 1
335,1995 272,7988 1
224,7519 247,7701 1
224,3374 199,1755 1
220,9116 146,1759 1
232,6906 195,6284 1
248,2172 163,778 1
226,5882 211,967 1
323,9198 158,2121 1
281,6285 156,7973 1
339,7161 225,5072 1
261,2577 148,0634 1
233,8114 225,1152 1
214,6975 212,0075 1
217,6784 254,1869 1
329,2618 203,8289 1
216,2379 176,6589 1
228,8712 164,6562 1
213,2265 201,3201 1
314,7555 163,5714 1
227,0673 246,9908 1
216,2747 208,4926 1
335,3132 192,6692 1
333,8034 273,2848 1
315,3042 154,4885 1
279,6074 153,1912 1
324,279 261,0102 1
214,8285 256,4498 1
234,4702 227,3832 1
273,7583 165,7541 1
323,5992 146,446 1
312,226 146,5084 1
218,8103 211,9602 1
337,6781 156,5889 1
257,8122 165,1656 1
325,1152 166,479 1
332,2557 242,3792 1
329,9891 221,923 1
221,4894 209,6345 1
231,142 214,1237 1
216,1745 152,2839 1
292,5359 155,9046 1
233,7225 250,9069 1
335,8986 147,5377 1
323,0953 227,3591 1
237,8744 229,8766 1
338,338 251,8191 1
324,6742 262,5438 1
235,2562 156,963 1
326,6308 227,5197 1
231,0653 237,4075 1
217,1328 250,9672 1
220,6695 190,7394 1
217,326 260,9939 1
221,345 241,2932 1
305,1949 151,1068 1
225,0529 269,0978 1
337,7961 149,6794 1
222,9717 171,0234 1
235,0104 246,5767 1
250,497 146,7105 1
221,7932 154,5157 1
334,7854 190,4807 1
225,6236 216,1129 1
231,7414 192,2036 1
337,2527 199,0495 1
236,4244 205,0358 1
229,8825 255,3384 1
325,4703 234,1617 1
221,6156 206,0082 1
343,8414 146,3484 1
228,7305 174,3047 1
334,1161 153,9915 1
213,2712 176,2598 1
300,7612 156,9897 1
214,8586 257,9253 1
322,9514 206,623 1
321,0238 191,421 1
251,2475 160,8194 1
330,9572 193,9523 1
236,775 205,8543 1
331,2293 203,0613 1
328,3046 156,8107 1
234,4248 150,3407 1
229,171 146,0189 1
235,6837 224,2228 1
228,6169 266,4007 1
323,4014 249,1787 1
239,3219 228,6154 1
332,67 210,4282 1
229,361 193,284 1
234,5982 227,0758 1
321,2744 207,8457 1
226,6542 208,124 1
287,0564 166,9948 1
278,0645 163,2887 1
320,9744 196,5817 1
337,8989 238,1481 1
327,3943 151,4811 1
332,5323 232,9505 1
334,0058 192,6424 1
248,8277 169,5405 1
343,6981 229,6372 1
322,1651 231,8064 1
288,038 168,1218 1
327,3151 223,6542 1
336,6627 181,5968 1
226,6151 204,8043 1
234,4623 189,6525 1
217,8231 239,4001 1
300,0891 157,7609 1
318,4543 161,8638 1
243,5603 163,7558 1
314,9084 148,6545 1
266,5761 162,4039 1
241,475 153,5105 1
292,1495 149,1832 1
334,5588 230,7428 1
230,2324 181,5985 1
338,7969 163,1662 1
227,1488 204,1822 1
270,1989 160,2523 1
343,0964 168,8607 1
335,405 239,6973 1
288,9857 159,6703 1
217,2567 194,7574 1
228,286 235,1175 1
312,3597 170,0043 1
268,7536 145,6121 1
216,9731 195,2665 1
330,2814 267,8805 1
219,7818 167,998 1
244,1871 165,7165 1
214,0535 206,4573 1
213,2108 247,5048 1
216,5104 166,5447 1
238,8485 155,9802 1
229,7776 178,5876 1
328,3138 170,723 1
342,4315 151,6394 1
229,2789 148,6856 1
249,1363 166,5006 1
344,2703 213,0303 1
333,1823 184,9127 1
326,7636 258,6501 1
342,1294 255,6108 1
229,1909 263,8921 1
325,177 249,5041 1
225,1836 258,8592 1
339,5768 250,3439 1
324,8894 158,7554 1
267,1406 149,8401 1
232,7025 189,8758 1
332,0062 230,8846 1
302,1916 157,6258 1
319,808 144,4572 1
300,7972 169,4899 1
236,3422 226,2736 1
285,5937 145,0812 1
320,5055 227,0103 1
292,7416 149,5296 1
336,2675 162,6756 1
310,0749 162,7232 1
226,4154 243,8427 1
235,5151 240,83 1
215,4054 196,6538 1
306,9185 153,4581 1
237,6114 242,2192 1
222,4773 254,0622 1
226,4658 226,5872 1
280,2183 157,1597 1
220,2021 232,301 1
228,2281 176,7919 1
297,8283 169,8172 1
221,5615 261,2829 1
319,6761 145,2959 1
261,6472 152,8521 1
232,6736 272,955 1
336,8332 212,6189 1
243,5713 156,4718 1
216,7001 153,403 1
319,4755 263,9273 1
261,8201 162,4606 1
291,8229 170,2594 1
303,2473 158,8281 1
229,6374 244,4518 1
264,5143 161,7481 1
333,3523 192,0008 1
247,0392 153,3268 1
232,0904 212,2982 1
219,0619 252,4483 1
324,1208 168,9895 1
342,9988 225,1169 1
284,4517 146,1026 1
333,6765 234,6666 1
218,331 181,379 1
281,3838 144,7441 1
236,8425 194,6235 1
225,374 184,0704 1
233,8411 177,9657 1
233,4514 150,7986 1
310,5607 162,7745 1
329,9992 229,8856 1
213,0677 274,7793 1
310,9011 169,2991 1
219,8587 154,438 1
335,7972 208,927 1
217,9327 155,7551 1
327,1352 184,5042 1
283,2232 150,0565 1
331,3761 241,8421 1
335,1422 250,3742 1
284,3166 154,4192 1
302,2873 169,0051 1
327,7209 199,6626 1
283,8871 159,0117 1
329,491 202,1595 1
260,4041 164,6706 1
333,1129 174,7016 1
321,8944 193,2197 1
329,1834 256,831 1
