478,3874 373,7083
357,9349 348,0697
392,1555 409,9607
498,4944 354,6576
520,4546 369,0205
426,5838 407,0313
366,0007 391,9438
348,7019 352,1445
367,9173 418,3158
453,0863 431,4102
482,9773 380,5946
468,0351 384,312
357,934 397,9195
515,85 352,1763
400,2779 416,5981
422,8144 332,7296
452,7665 347,3383
464,5723 425,8708
421,0845 428,0226
512,5957 407,3926
356,1833 390,4888
328,5146 353,9438
463,5045 427,0555
416,5302 457,1784
440,29 406,26
361,7298 376,6753
406,2319 423,4173
414,0126 431,0816
498,8026 390,8424
354,225 325,7674
365,8127 363,6256
482,3261 326,4537
511,0769 378,7223
343,2881 401,3125
504,3946 371,6772
493,1401 323,2514
472,5779 424,5505
421,1419 343,7553
393,0191 423,8505
458,4472 403,8835
533,4321 338,1467
359,324 328,8511
348,6245 419,4887
481,9951 381,5079
439,1963 291,5701
459,911 357,2574
352,2691 382,5358
524,1981 395,6139
475,6029 302,6141
347,11 385,5093
462,7389 397,2436
491,5416 419,4171
441,1958 424,5573
505,4839 364,4346
347,4665 390,7513
422,2501 447,2669
350,8711 401,9348
507,9682 369,0366
387,2894 333,2138
466,7787 350,6438
499,8199 391,7449
376,064 402,1844
549,6525 394,9813
353,3082 330,2838
343,9496 316,5197
405,7165 330,4255
402,66 414,7162
527,6616 343,6184
401,1856 333,6834
462,4162 413,7982
407,8786 343,2589
507,7189 365,2261
496,5297 383,4546
480,1295 412,4255
437,4273 327,0627
530,9628 375,869
453,3428 354,9359
450,0578 407,9683
350,8874 377,8141
480,0565 356,9915
474,0026 348,3658
380,1536 407,2265
369,6632 370,2429
474,8212 372,1867
479,1573 395,3558
464,1127 407,1887
486,9715 373,9118
530,6581 408,0028
385,3458 345,9157
478,4155 430,0275
446,6617 409,1514
330,6151 380,2964
363,7571 403,9569
468,5257 378,8155
438,6035 422,4168
502,1943 369,4973
403,5021 406,1136
423,8923 313,6785
458,3402 414,2941
415,8512 431,642
403,1505 329,9672
414,1671 346,1367
482,3271 385,6128
395,0698 412,8324
335,8265 359,1271
389,4762 335,3937
381,5564 345,761
436,0115 428,9689
384,7307 349,3631
461,5996 347,5152
409,7329 315,8538
475,4569 325,8059
399,4403 343,153
471,1971 414,361
500,6108 356,2995
483,179 381,1493
399,3056 421,636
537,871 378,477
506,0562 348,1625
478,7445 403,701
312,7304 387,7929
462,1427 397,2755
393,4468 333,3036
447,6693 329,472
402,3549 408,511
383,7969 415,8226
354,9542 373,7031
516,9289 386,1539
332,8016 411,8363
430,8956 312,6541
351,5946 390,6288
398,0661 404,308
321,9805 345,5098
370,1329 382,9478
491,1834 336,7466
510,8125 412,6384
440,317 412,7239
417,5404 420,2569
460,6594 429,0935
456,9871 353,0819
447,891 407,2751
399,6992 426,4333
496,0467 378,4086
478,5651 363,0518
422,7036 315,4269
488,4146 390,1154
339,1587 365,9775
544,7474 378,4735
367,8953 374,4355
493,6337 400,6038
474,6412 367,5988
388,83 427,9995
511,3337 394,7451
484,714 343,8462
389,3284 411,112
445,9377 411,3163
452,7758 404,0794
341,8257 360,1927
493,8702 379,8286
394,0675 429,4044
337,5166 371,1797
370,4072 425,5414
339,4821 383,1321
536,0095 386,2593
445,2267 336,8823
439,2509 408,6445
445,006 338,8954
400,7023 337,0353
443,2171 414,3586
453,2963 353,0553
370,93 355,4769
437,6052 339,4048
497,2014 403,5568
467,8795 360,3698
488,2379 400,1227
477,6913 389,1365
382,3876 410,4596
355,6985 382,7236
397,9845 347,8129
384,1729 406,5926
413,5995 433,2674
311,5179 347,3371
469,1117 385,862
476,9286 303,3107
362,1854 377,3012
469,884 399,5252
477,4111 350,8009
382,8264 322,1185
302,5874 393,268
283,9726 379,3214
382,4457 348,141
510,634 355,2399
345,1034 337,0142
512,4096 400,4781
395,2796 336,0819
402,9709 341,8125
462,7438 421,7425
378,8403 403,1906
370,6132 390,8393
474,5484 337,3055
354,0821 386,324
374,6731 361,0095
492,4304 333,4579
395,0177 315,1979
470,2549 358,7293
364,3006 336,0627
366,6494 372,0657
369,9703 341,5245
401,2957 325,9803
483,7113 345,696
453,2297 424,5739
364,264 353,1623
364,3028 357,8996
461,5358 408,9164
390,0109 344,9526
409,6128 316,0765
366,4981 372,9211
544,7285 398,0543
344,7324 378,9633
378,5741 350,4821
334,9558 388,0105
374,7892 288,1068
508,1926 389,3799
508,2074 389,7143
389,9978 431,6953
450,4712 306,4012
352,5844 367,5106
464,6932 357,5859
382,3124 414,2386
484,932 351,8581
427,8125 328,2163
417,9046 346,9837
518,9212 354,4978
491,8877 389,5674
350,7446 328,1239
409,3727 427,4996
509,4123 379,6398
447,5337 310,0042
445,9202 340,0775
399,2722 429,9649
445,1288 410,2113
481,7046 394,1219
525,2497 384,1173
471,7134 337,7274
473,0091 408,4232
501,2617 389,1433
469,2128 404,3335
469,5909 359,1139
445,603 323,6076
479,5452 338,2782
455,6207 342,7728
549,0342 390,9652
545,9564 354,3549
294,0439 306,2261
381,4634 429,1102
458,618 352,1547
354,203 330,5611
526,1843 383,8106
439,3121 322,8467
472,4201 394,2358
483,1635 381,3755
430,2873 410,0034
335,2406 378,1627
444,1871 319,6765
368,4881 361,7574
340,9557 390,7712
357,8705 416,3877
346,6482 339,1274
470,0456 411,6296
368,9253 337,6862
452,4293 343,6531
402,3293 404,9311
479,767 392,7074
369,4876 375,2979
436,4141 431,18
498,8982 369,7215
479,794 381,1884
363,8167 416,0592
504,5612 360,5057
543,5012 394,1199
497,7717 388,076
343,4802 331,7614
365,152 374,4992
448,0595 415,3161
450,2636 331,332
333,4637 369,2574
461,2057 319,1685
386,7412 411,0623
539,3129 371,4737
396,1131 327,6434
468,4168 368,6555
379,6715 395,109
380,7001 344,9866
352,7009 381,5452
419,7955 412,6924
321,0918 394,7316
341,7821 385,0127
490,1741 337,0449
382,9271 353,9053
324,2677 367,4647
366,665 345,1584
347,3345 416,9434
327,3611 398,3969
392,6256 405,1408
331,5439 468,1368
494,7919 411,1457
429,2099 412,3901
372,4425 405,6151
480,2989 366,3996
457,1328 354,935
502,4535 381,272
447,0026 414,4798
442,0571 337,9935
445,6171 449,4903
379,2997 400,1284
449,906 347,0365
392,4051 423,6464
484,0694 391,7741
413,0657 332,9986
430,4776 326,6006
426,6955 422,624
350,1193 371,5992
510,9687 385,7647
443,0759 334,1158
398,8713 404,3612
310,361 349,3065
498,8857 355,554
446,4501 436,4334
419,0104 414,6526
437,0146 405,5886
368,2919 403,1659
351,1342 365,7929
451,9299 418,852
400,0563 339,2832
429,2917 427,6067
371,6488 386,0806
327,4111 399,2519
378,086 415,6744
418,6896 338,9711
420,5757 417,3847
355,6806 374,0911
470,1256 341,9771
504,1773 404,2448
491,9106 307,1861
477,5267 364,2958
344,3108 365,8353
374,1141 400,5807
350,0104 353,6571
463,544 407,7318
376,7906 318,8632
383,1226 405,6178
445,2916 424,8512
402,022 345,1429
357,7005 376,331
454,8438 442,8116
291,2811 430,3174
370,8941 359,1264
510,4601 421,1925
376,6983 402,4149
497,4175 404,7801
466,9869 350,5524
363,6034 400,5811
477,4956 383,0956
381,9194 279,9698
324,7246 398,8115
429,9469 347,6287
408,6297 407,305
384,5595 398,5543
457,9822 355,3797
369,5333 369,1175
344,8396 315,4591
336,487 389,6745
289,8233 341,7566
308,4929 331,0802
450,4712 447,546
311,3098 376,8697
537,329 419,2718
386,5156 414,8533
435,1813 340,6166
407,888 410,2674
409,7748 366,9449
374,0738 373,3627
435,983 392,7929
391,6752 389,2482
374,1631 374,8137
399,8628 368,1261
442,459 388,3447
389,1517 389,8319
482,9773 380,5946
432,8284 392,0072
421,0845 428,0226
420,7343 350,6973
399,8883 387,5642
413,8281 362,7758
408,3582 396,4929
418,6866 392,38
396,1882 382,4642
403,2531 370,2735
423,0188 388,3737
406,7096 360,0736
361,7298 376,6753
454,9495 387,3137
424,1404 364,3146
511,0769 378,7223
383,3215 367,8618
421,1419 343,7553
394,7898 387,0401
464,5251 380,1283
404,2539 388,2656
390,8272 392,0714
428,4577 367,8692
428,8515 387,3103
422,2501 447,2669
435,8663 382,8384
430,162 396,7207
406,743 389,7586
443,7237 383,198
404,4416 368,7039
453,3346 379,1186
411,1838 364,5474
417,6521 356,4939
392,9036 375,2773
415,9307 392,1623
422,9588 401,1303
350,8874 377,8141
389,5239 385,8193
446,4771 373,9399
461,632 378,7454
438,4656 391,1278
417,0265 386,8221
437,0723 379,2804
395,6643 390,1164
389,0701 361,6533
468,5257 378,8155
438,9695 385,9176
395,4392 388,432
387,494 385,0148
425,5353 392,9095
410,7588 367,3241
414,1671 346,1367
370,7943 375,5734
427,1316 359,1883
439,9112 381,6855
381,2801 373,6948
407,8333 391,7291
393,7788 373,3582
406,4403 354,0076
404,4051 397,31
447,9169 362,8927
483,179 381,1493
537,871 378,477
441,3049 372,6209
413,7539 355,6581
422,4008 365,2009
446,9362 379,7118
354,9542 373,7031
404,6322 369,9288
395,5662 362,9263
430,2448 384,0977
412,5343 365,5744
416,8691 356,0904
455,5198 386,7247
385,4341 367,3351
385,1081 377,3581
417,5404 420,2569
496,0467 378,4086
442,7859 373,8264
393,4212 377,9831
441,8425 358,6136
421,7829 400,8985
544,7474 378,4735
414,9293 349,955
367,8953 374,4355
422,477 361,6901
426,7145 360,6864
493,8702 379,8286
396,3884 365,0388
390,9274 362,911
442,109 380,0746
435,696 370,5784
400,5588 370,7695
409,6658 389,1565
414,854 353,3677
419,9818 353,2051
446,2792 395,0439
382,1356 381,7553
420,2909 357,1056
380,4087 375,8503
362,1854 377,3012
393,0373 372,3609
374,2072 374,1861
383,8475 373,2816
413,9336 386,5947
383,6026 366,7777
448,5771 375,5689
420,793 402,0253
407,7076 395,2848
434,0485 367,1949
439,8074 387,7038
428,984 358,7421
385,9841 374,5115
396,2902 390,7186
456,4271 377,8198
425,3888 365,0807
419,9224 388,3865
441,2857 381,1626
421,3177 392,588
417,9046 346,9837
509,4123 379,6398
381,143 372,9674
403,5063 364,6081
453,6684 386,5455
424,5594 366,947
397,7633 372,6775
395,4591 357,6384
419,3097 405,9593
411,8654 360,8434
403,9699 394,0588
451,6951 374,0937
335,2406 378,1627
402,5487 367,1062
425,4801 368,3291
416,2738 399,2335
438,8435 359,5465
418,6431 358,0033
369,4876 375,2979
450,1622 378,1921
424,4713 359,7078
406,5394 392,8604
479,794 381,1884
395,8831 373,1082
365,152 374,4992
390,8104 386,2875
419,7955 412,6924
429,7067 366,4139
400,8238 370,7691
424,6947 366,7996
416,3759 386,0068
502,4535 381,272
413,0657 332,9986
397,6371 369,9248
451,4424 372,8499
419,0104 414,6526
403,9144 372,819
407,7789 357,2481
389,2805 371,8349
438,9545 367,3123
415,3206 400,2101
418,6896 338,9711
420,5757 417,3847
355,6806 374,0911
457,5514 382,3916
416,6577 386,7727
444,6506 371,9194
439,6202 362,7527
394,9945 371,9526
406,5644 370,7126
405,9766 388,0919
449,084 383,3685
357,7005 376,331
452,9187 368,7345
385,4394 380,1929
408,2002 365,0218
400,3062 360,7943
419,2555 367,7193
311,3098 376,8697
411,0008 368,2689
422,4294 389,0274
401,2033 361,7178
414,296 358,9345
419,0445 387,0556
434,3485 384,971
400,4863 355,3525
454,1178 373,2198
411,479 367,3789
419,9197 398,4606
441,0162 384,1372
439,6224 365,3479
424,885 410,7662
425,318 364,424
419,7329 348,7559
378,2051 378,3325
419,108 392,9087
393,9257 389,2133
405,8418 366,64
419,5453 386,9176
409,9651 368,5897
445,5848 391,767
411,808 394,8678
402,5326 378,4219
440,7718 373,7081
388,3088 378,6115
447,7465 388,0578
395,8638 360,5384
396,1222 386,9866
385,8834 379,7526
405,0343 362,3947
453,6642 371,6113
423,938 367,2226
452,428 367,3626
425,6068 357,9972
362,2486 378,6341
429,4737 398,7654
496,2636 377,9775
505,0013 380,269
419,4005 402,3983
477,1699 377,2122
437,365 368,997
400,3547 363,7884
399,5362 358,7336
440,0606 394,6699
429,4891 362,8942
398,5187 375,9353
423,3536 388,3369
442,0799 370,4618
400,2147 391,7509
428,2052 368,8382
356,1803 375,1622
394,4474 362,9735
409,5647 393,5572
414,1603 351,9861
448,4648 386,1969
381,8309 378,2163
440,4304 392,6543
418,1745 428,0029
403,4073 393,8768
416,7013 366,6263
419,7486 301,3577
456,1714 371,8765
493,7262 378,3802
394,5984 359,5864
446,2114 380,7448
412,518 398,8204
448,9707 368,5425
420,3258 352,4507
427,0503 363,3848
411,7606 392,8445
419,9121 324,1659
466,7287 379,0834
418,7881 401,1223
424,4212 354,8644
420,4751 367,5935
452,8296 375,11
413,5311 338,9075
388,6627 368,2498
446,4675 381,3789
428,0767 367,0536
415,2133 409,7525
441,6053 391,833
413,3174 392,3005
398,1789 382,7585
436,891 366,2704
413,3671 335,1258
375,7614 373,8654
396,5027 361,1836
500,0104 380,3178
384,3068 367,7564
416,1984 421,1387
392,2686 387,0623
440,5292 358,9217
388,505 380,539
416,4669 362,0629
466,9871 378,038
396,0712 385,8239
393,369 361,4094
397,4946 385,8216
420,3728 360,7522
425,4013 388,8376
393,6098 358,2398
412,9058 324,5907
412,4146 366,1224
432,2249 361,297
416,307 407,6451
407,6239 357,6041
404,1664 374,406
392,645 386,149
431,1771 388,223
401,637 375,5377
383,5542 368,3979
438,3602 366,2693
368,326 376,5676
434,0097 377,1171
447,0533 373,6119
408,5278 394,1307
493,1454 377,3466
403,9325 376,1059
402,2827 373,2678
381,036 379,9596
443,2181 366,4538
543,2081 380,179
395,455 368,1815
405,9758 389,0879
402,7378 364,7349
445,3467 365,9507
434,1595 362,3868
403,5396 354,5082
365,947 374,8445
403,726 379,1264
381,4674 369,7691
420,8283 405,6693
350,1718 376,6378
391,5458 373,7212
404,0584 386,6171
404,1157 397,596
420,074 339,8361
395,5081 365,8785
516,1631 378,1504
436,9881 362,5896
433,7908 376,6319
422,8661 350,7591
441,4351 387,5924
304,5827 372,1417
419,649 452,0546
404,3894 385,3681
410,3001 384,0807
443,5412 360,0114
451,8687 369,6148
466,6785 376,0226
443,5368 391,4251
396,3097 388,8599
449,5939 364,1899
411,917 390,0997
417,3859 393,8105
453,782 368,3165
407,2875 387,0642
400,9987 394,1815
423,3338 395,3485
394,8274 364,0244
407,0159 359,1497
361,2226 375,8482
420,826 350,4351
403,5662 386,3165
426,9419 356,7336
340,8678 374,3581
447,4043 373,9343
434,4996 391,3479
445,9963 369,7579
400,1242 360,3726
339,5192 377,2432
435,7469 361,2854
398,8019 361,2102
417,8575 404,2078
449,217 363,6508
414,1927 364,1517
427,6748 396,2069
419,2571 366,7914
459,5471 376,4527
410,7837 394,3114
434,7016 364,1589
434,2628 387,2235
451,0284 385,9903
509,6369 378,8373
420,2015 389,8236
381,5509 376,1901
382,9814 379,5688
487,4211 376,7604
429,7321 386,3332
387,9514 369,6129
439,4529 382,0645
503,5273 380,2798
559,7675 350,4055
672,7702 338,8792
572,3415 344,7479
641,8392 331,5051
595,8832 367,4388
602,2868 379,407
600,9835 385,9093
669,9154 335,4321
675,8331 327,2147
654,9749 409,7827
666,1183 358,6531
672,6951 330,4344
609,2174 400,9648
623,9637 430,5492
684,155 344,0542
707,973 366,0862
635,5062 329,3439
613,1352 346,8727
590,2391 387,382
629,9637 403,6283
676,025 405,0515
599,1017 372,6899
590,8691 407,7496
565,8015 361,9606
577,9889 366,5568
623,0503 337,4361
628,1004 408,6905
636,913 406,0863
678,8319 367,465
608,5179 340,4687
609,1025 387,0893
647,4905 317,2877
636,1767 328,9719
614,6416 399,3636
687,6864 325,6475
668,0753 399,8952
651,1331 401,041
584,8208 287,1464
668,4681 385,6776
602,6052 402,8892
573,5075 384,6894
547,4359 404,412
649,7249 307,2631
711,8399 347,9114
583,5254 325,3926
588,966 355,8551
629,034 336,2822
668,9525 394,172
673,5773 400,5384
674,287 394,9729
648,2008 338,0426
686,1607 375,7337
637,3941 415,7581
652,4688 403,0434
699,3739 356,8492
629,4629 326,9553
608,3025 387,5048
621,8819 403,6853
651,7108 320,3074
658,0331 398,1631
670,1896 339,3069
681,0555 390,2817
688,2566 356,394
617,816 343,1095
688,3108 450,4455
574,0492 391,195
659,1181 340,5788
575,1356 318,4967
594,5827 371,1905
670,8481 392,6986
649,2575 404,6824
610,8159 322,9534
587,9538 373,6417
693,3616 374,617
609,2654 404,6315
687,7669 389,9535
683,0318 332,6819
670,3158 334,3808
646,7564 331,973
658,4643 401,3036
626,1263 419,6351
586,2607 324,0022
583,0558 411,1673
623,5399 311,5387
678,8249 377,4393
666,5253 343,5723
597,8808 362,0114
605,3698 401,7746
664,7581 325,4932
592,6191 327,7257
673,0621 338,1564
640,0072 317,0413
611,5783 400,7093
640,5872 405,2268
674,475 352,0795
669,4139 354,4678
646,3262 332,3959
642,906 291,7462
674,2881 371,2886
679,2599 396,1749
590,8783 332,3003
585,6387 335,1907
611,9206 318,7532
669,8422 409,8677
581,5345 380,0564
647,2174 335,918
687,4915 401,783
679,8743 414,4838
644,3676 320,1571
660,8028 389,5223
594,2118 377,9201
630,8032 408,3643
640,3398 418,341
617,1525 396,6663
655,1232 325,5082
701,9023 395,9336
685,6806 352,5759
649,4619 319,1094
667,6093 447,24
644,9036 410,9728
663,0339 345,6776
589,3831 293,9548
642,0604 404,7944
648,6051 405,1636
559,6117 375,1067
664,9706 392,8623
683,0715 363,4662
569,1908 405,0707
678,6961 367,9406
607,3978 330,7363
606,8877 384,9159
592,1542 347,5215
627,4821 397,3094
621,9009 395,1363
598,4188 411,0915
603,9051 329,0468
610,8239 391,8703
598,6748 335,674
674,1712 314,4743
666,9812 417,9989
658,1141 411,4015
600,0686 415,6081
698,8379 375,3495
601,0732 408,8492
625,5138 417,8654
607,7006 408,2124
622,3691 405,4115
594,3949 364,4062
604,228 402,057
589,241 422,7458
670,9176 351,1473
600,2069 399,6167
667,5347 353,4308
648,3533 325,7488
677,3902 409,7922
606,7965 348,3526
654,1818 415,9066
625,4892 322,7335
607,0797 406,706
605,8828 379,9094
613,4673 445,176
637,9899 287,3595
657,4148 443,6426
643,459 336,8305
574,0558 366,3249
685,9085 369,842
708,9652 364,1721
642,0753 400,9546
665,9652 346,03
622,6656 396,1035
621,3642 414,8993
603,0928 343,6896
594,1043 374,3493
667,7462 356,0277
667,6483 355,0449
623,2216 316,6737
665,3544 388,4545
684,7098 348,9422
592,452 346,4255
678,3807 376,5834
663,2592 345,4569
664,8729 381,063
659,9507 389,842
669,4125 352,0696
558,6265 374,3713
580,3487 383,4861
600,0626 362,8186
588,807 375,735
579,5338 363,1087
651,0725 395,4851
664,3744 338,0969
666,5215 355,272
654,5699 444,4357
666,2859 373,8547
668,0416 424,3891
715,144 348,585
644,9787 407,2925
598,7754 380,9569
576,672 368,1128
573,5571 380,9141
588,7688 366,2436
666,6416 332,9047
599,8608 351,5478
599,4902 362,908
662,9171 336,9967
683,7511 380,7855
662,4835 432,9604
676,8337 347,9985
669,2503 319,1418
597,0263 329,0419
666,1511 398,7437
584,4927 328,5341
646,834 331,5772
672,3883 385,5341
654,7706 404,2811
630,2261 408,6358
602,9055 353,6633
626,951 310,0501
665,0988 349,9944
660,4055 329,3716
667,9794 392,7548
677,624 349,7786
608,0141 438,0118
607,144 343,0051
683,0259 359,9311
611,2959 340,6337
573,7074 327,3382
630,2338 400,7457
574,0301 344,3838
565,2358 376,1926
650,4692 398,4365
634,0218 291,6262
636,8406 427,3294
684,7936 367,133
597,7532 389,3656
610,1494 409,4678
683,3275 389,9243
607,2843 342,3408
627,5039 337,6573
590,064 334,4812
676,24 359,3781
567,4593 363,8954
625,1742 334,1651
652,9788 393,7486
673,5452 367,1556
599,3063 316,1394
659,2388 440,9631
661,2921 421,9056
650,7038 295,7877
683,9723 402,6918
640,3743 398,3606
663,3172 401,3769
636,0091 312,9516
632,3139 332,3665
684,0396 370,6258
622,8844 329,0524
676,5753 398,14
601,7179 390,8793
666,3677 290,046
670,0534 318,6851
664,6759 374,3329
654,4218 330,4658
589,4657 353,6456
605,7752 357,4604
681,4671 304,9424
604,4563 368,9139
659,0626 308,6798
691,9296 425,7659
702,9726 331,8614
646,733 325,2162
688,3306 351,6282
594,4092 346,5982
622,9958 416,8575
609,8592 350,4174
627,6824 402,0979
645,528 336,427
638,9427 336,513
651,969 330,1732
663,6235 357,9173
675,4538 358,865
695,1067 379,1832
621,1948 398,7351
661,9912 405,6331
632,6062 330,1526
604,2829 338,9085
649,5948 313,882
686,2751 368,5068
599,6025 373,4494
649,8524 427,5242
669,96 332,516
582,7026 373,3503
637,306 413,5279
656,9153 388,5894
689,7178 405,368
628,7653 323,9989
673,2271 403,2957
613,0302 394,1658
584,5588 359,7922
598,8999 388,7573
666,1779 358,9179
667,5711 340,8115
604,7512 353,1974
661,9243 353,5025
599,088 391,5612
672,7971 342,8649
599,1171 367,5528
664,8258 346,6347
628,3989 290,4308
677,2638 377,5995
653,5802 311,0346
628,9582 403,571
611,8981 399,4829
590,6051 309,0481
681,3799 361,2721
579,444 398,7836
665,4064 308,2867
612,5044 311,2399
671,3313 372,9268
582,876 340,0955
685,1897 420,9833
617,4641 322,9423
597,5517 374,1512
615,6193 298,6871
630,2676 336,8737
617,5817 394,8499
661,0153 330,7018
618,6379 329,5678
625,0495 334,7524
690,0492 396,0262
580,8223 379,7533
687,2068 291,5212
683,5002 311,9803
688,4931 388,4858
629,935 336,6163
592,2359 317,9056
595,9236 361,6367
642,8901 442,7006
674,346 383,6846
615,4257 340,9249
583,3529 372,2482
665,8826 394,9597
641,6655 411,3132
638,6137 401,8943
601,2144 359,6753
659,7857 343,8837
594,4436 348,1282
628,4971 402,0282
579,3821 358,9077
707,273 393,6917
562,8994 429,3149
631,1932 411,9982
673,1213 293,8359
584,0009 363,0617
586,154 358,7505
588,813 329,5925
643,6609 417,1787
628,115 300,3518
577,8187 356,0645
653,8939 398,3687
653,4745 420,0044
602,7542 377,1393
642,0438 403,8238
586,1187 337,2529
606,6486 394,4098
618,8737 334,2275
636,4591 397,9905
598,9524 355,0226
657,0988 414,367
624,395 333,775
701,0803 411,1917
612,4971 389,506
645,0198 300,315
704,208 347,377
589,5263 361,9036
630,4155 408,1146
669,112 332,2372
647,5974 316,5812
551,1653 383,8193
589,5468 301,4213
635,3955 399,5826
595,8832 367,4388
622,4775 366,5025
647,5403 353,649
619,6249 376,4663
634,3269 371,2848
707,973 366,0862
631,9341 366,0274
619,6464 376,5301
635,5062 329,3439
632,6785 358,094
624,1619 377,1451
634,4502 373,8564
577,9889 366,5568
651,7967 379,6116
636,913 406,0863
678,8319 367,465
643,8756 352,411
636,1767 328,9719
647,6928 368,0232
632,6762 364,4836
626,5825 379,0643
619,8471 353,644
647,0365 379,5874
637,3941 415,7581
635,9744 386,8206
619,0841 364,9469
621,7927 357,0132
652,6171 357,5206
617,0734 368,1097
616,92 365,2972
637,3128 385,9426
637,4824 357,897
640,8562 357,3484
634,8321 369,7716
639,6494 387,0504
631,1778 385,545
633,0566 362,1766
661,5524 368,4351
632,8024 357,1826
661,319 367,4561
647,719 374,3115
636,9308 380,9901
644,5291 378,8548
618,3044 376,7131
644,3481 385,0207
638,526 381,4043
644,8959 361,9807
649,4169 377,2784
623,7915 354,7008
623,6853 354,8813
646,0342 382,7799
609,9823 365,1601
626,7977 383,2669
645,2109 375,4721
618,8796 380,6253
633,5525 365,6097
630,0103 359,7302
624,0871 369,8764
627,7098 383,4777
640,1598 380,1458
637,0064 362,7527
678,6961 367,9406
643,3006 382,2786
632,1107 350,5854
662,6704 370,8255
637,2316 380,9764
640,8575 349,0181
629,3615 350,7286
644,5714 372,177
622,3539 382,2547
636,8665 366,8438
626,035 365,303
648,5324 361,6629
616,396 373,8999
662,61 368,8886
626,5762 355,8536
618,4107 358,7018
646,1427 363,9017
649,1177 382,6882
637,9899 287,3595
631,1351 387,2034
574,0558 366,3249
685,9085 369,842
652,8613 376,7379
632,6935 372,6039
606,3779 366,8155
628,9976 354,2161
647,2305 381,8038
640,3849 376,8747
644,0841 370,0595
621,1643 367,8355
631,6339 363,84
633,6392 376,6456
625,4657 350,3347
636,8702 366,5229
632,6714 345,5844
636,495 376,1359
617,8056 372,9882
652,2428 361,4635
616,6356 360,4348
628,0497 374,4568
653,4606 367,5809
658,5101 368,2738
576,672 368,1128
653,9981 375,9965
588,7688 366,2436
635,3327 361,2603
636,4457 345,6382
664,4165 367,4762
613,8701 366,9669
651,3781 373,4763
643,5199 367,8011
635,4014 386,5863
627,8827 352,0295
634,6135 396,2817
633,4946 375,1182
650,8459 361,8826
623,6548 355,8832
629,8886 376,9606
629,5635 386,5836
626,1605 373,2019
619,2828 355,7667
634,883 351,5148
630,2767 381,881
639,8467 357,4519
634,0218 291,6262
636,8406 427,3294
684,7936 367,133
650,0385 380,4664
614,5442 365,4372
627,6722 379,7276
620,3703 375,5682
646,8021 380,4153
673,5452 367,1556
639,1107 361,1325
634,7707 382,3573
642,4178 383,4319
640,7052 355,5327
635,7888 366,7317
636,0091 312,9516
632,3139 332,3665
684,0396 370,6258
639,4085 353,7925
635,041 391,288
619,0462 360,7266
618,7523 359,5644
604,4563 368,9139
633,3326 380,1856
640,7348 371,5414
630,8108 357,8921
639,143 353,4146
623,7439 373,8684
637,3231 353,0569
655,6977 368,922
621,0582 378,5969
632,6062 330,1526
641,0157 348,68
645,6381 363,4657
637,0124 381,3748
626,4776 378,4393
686,2751 368,5068
632,1224 361,8472
634,2624 387,0471
662,0739 370,6272
625,6129 369,4526
631,1439 371,6912
618,2417 355,8253
645,4768 371,4644
628,8754 370,3856
637,306 413,5279
638,5918 367,9767
647,8926 368,4167
599,1171 367,5528
632,0785 391,4233
647,3631 362,6094
626,8495 376,8229
635,2342 363,1522
640,1982 367,3127
635,314 379,5929
646,8424 366,2465
631,9302 370,1508
636,3743 346,8655
639,4055 378,4529
649,3863 358,193
645,3604 350,3952
635,2008 353,0853
634,7086 353,2858
641,9355 387,1054
647,493 353,008
643,5895 352,9151
644,4842 381,8051
644,4578 370,9088
628,5415 367,8049
624,909 367,5101
629,9433 382,9314
632,6434 395,4034
652,2961 366,6101
636,0005 342,5726
633,5941 361,2227
626,112 364,5246
638,2997 353,9279
632,7399 364,4
656,8475 370,7033
636,4591 397,9905
635,3955 399,5826
645,2549 377,2134
614,9191 362,0872
635,1814 407,5093
577,9383 365,6285
626,403 349,887
643,5712 370,3853
623,3323 368,5219
625,043 365,8966
624,2536 375,1113
615,7186 367,5709
649,9506 356,0655
641,6446 369,7847
636,9679 367,6762
628,9713 359,9998
635,8205 355,6712
615,882 372,7723
654,3411 362,8593
645,8414 350,8473
625,5021 369,5889
633,279 346,2735
632,176 341,6023
637,2004 347,0326
620,6993 377,5029
622,5841 358,5767
647,8658 356,9105
674,9249 367,4683
635,1153 361,401
625,3571 360,266
590,5684 366,1204
641,8797 352,7348
628,3886 368,2314
636,0901 397,9918
649,7677 366,5768
622,7466 374,8294
600,4841 368,7676
634,7927 381,2852
631,5396 358,8889
630,3098 379,8886
637,3152 324,9074
643,4324 349,8125
619,1723 359,9418
637,1486 392,7334
651,4327 371,123
652,7023 379,219
621,8538 378,9758
632,6834 359,6247
634,6779 368,2902
637,6882 348,878
626,5588 370,439
639,0698 371,5968
643,3298 353,194
645,5135 385,3103
622,566 375,7733
649,5246 360,6763
642,3305 366,993
630,4247 368,9529
647,7913 377,6882
672,405 366,7676
637,5078 391,2315
651,0607 375,5114
637,034 354,3612
638,2466 387,7801
651,7247 358,3111
635,8459 361,6392
616,9338 375,7383
630,756 359,6719
665,009 365,8479
627,1029 380,5606
618,1575 356,8613
632,343 330,2065
631,6272 384,3995
631,3677 367,7965
641,3255 357,4491
650,1557 373,5815
631,0582 369,3363
647,8662 378,2682
647,6505 353,7405
632,2445 380,3695
632,5208 393,7048
678,5787 367,5604
651,5793 376,797
637,3058 402,7106
603,1375 368,5233
626,3574 379,4021
648,6896 380,3496
633,0515 348,1532
628,1032 354,8512
678,2449 367,1109
629,7663 387,2827
666,1508 368,8969
644,9294 376,6517
628,5521 378,3156
639,0173 386,5815
623,6135 354,3035
633,6357 359,241
635,5099 429,3879
603,4893 370,1812
702,6607 365,908
628,429 361,3668
634,632 367,8349
635,6224 367,5518
596,9986 366,8009
639,0764 387,7416
609,0252 366,0655
627,7634 368,5757
637,1899 407,8763
636,6329 379,4765
638,898 348,3777
647,4477 376,999
650,3203 360,5036
641,7266 351,0822
619,7234 364,8679
593,3219 367,3781
634,6622 394,3628
628,8311 354,2394
610,446 370,1778
643,5428 382,4993
645,9203 380,5861
643,963 362,7005
654,8779 364,6242
628,8721 370,3683
639,5099 351,126
634,5616 401,954
663,3081 366,6983
689,6085 366,7031
652,9053 363,9524
649,6466 353,3573
626,0969 381,3225
631,0656 348,2048
624,9877 363,9539
635,9768 374,8798
645,8287 356,819
635,2541 297,3429
675,4318 368,1099
626,6556 378,477
624,4418 368,4495
651,055 363,0098
618,0919 377,1998
633,0869 384,2201
648,0312 370,3194
634,59 353,3979
646,5734 367,7334
634,7648 360,7482
631,2314 361,4736
630,5705 361,1101
649,2925 372,2579
617,5675 377,1885
643,1291 372,4417
621,6989 368,4664
651,6449 378,7602
626,5627 353,2475
636,479 398,4558
623,5159 379,0617
620,8938 370,6393
654,771 361,6587
624,5704 356,6371
640,3867 368,6467
669,7633 370,618
628,9072 384,4052
634,5896 393,8567
648,1771 368,6083
645,0029 378,2296
598,3014 365,0015
620,4116 376,8924
633,0411 379,6357
633,0131 377,6024
603,8703 368,8275
647,5975 373,2659
587,3824 366,2759
640,9775 385,6942
642,2559 379,9723
638,4857 382,8848
624,6802 376,9976
639,3386 382,5483
632,2889 324,7784
607,1901 265,3291
613,9981 279,2963
566,6756 211,6331
533,2972 313,2775
585,2411 220,1449
473,6704 226,7698
501,5088 299,7757
614,6546 247,0694
466,2345 252,2387
475,241 295,0361
460,9995 254,7901
459,2304 273,4704
451,0479 265,3426
611,848 237,6168
598,7877 219,263
551,7701 201,9039
624,2932 260,3498
593,87 293,2993
594,2117 289,2454
616,1248 235,3921
478,9825 289,1979
587,3343 216,3605
520,8971 315,5808
465,7451 240,2673
460,3643 273,3223
458,0465 243,6193
488,2478 301,878
487,0538 304,5413
497,8956 299,7647
501,8605 212,2169
601,6643 295,515
561,815 208,99
572,3364 307,8707
469,1497 238,2436
454,0292 245,2132
581,1134 212,3334
525,7332 201,7095
465,9446 284,6594
606,6668 274,5123
495,2366 298,1171
562,6726 205,2451
598,0481 216,9721
487,071 300,8558
531,9002 202,111
523,0998 314,1802
608,3518 252,055
499,3727 214,4285
597,4893 295,0915
619,6633 242,1862
466,7277 264,7456
542,1889 201,8928
502,478 209,0655
463,0574 252,5269
611,7766 285,171
461,953 236,6634
506,6131 310,2689
472,8337 222,6186
542,8867 203,5164
528,179 207,5422
545,4208 309,9171
563,3138 312,59
572,8458 304,9207
596,4357 222,2546
512,752 304,3501
562,8254 301,9872
549,6641 201,609
613,8721 243,746
610,0471 244,4512
574,7602 210,2708
598,866 218,6199
564,1132 307,3241
466,2592 230,8609
571,0174 214,7894
562,8785 200,0565
466,5969 231,6514
461,661 231,27
579,8094 207,2252
537,0168 306,5981
484,3437 303,5103
454,4968 250,1792
602,5325 288,6671
507,5646 208,8231
450,6943 250,3075
453,8981 257,267
604,2232 238,4922
459,9701 251,2274
518,1432 210,8424
576,0104 301,2813
561,9467 201,3735
466,9461 290,1846
611,2997 283,3404
609,6144 230,9081
470,2037 275,1987
471,9543 221,6968
451,646 272,0742
461,1197 230,3809
540,1813 316,704
520,76 313,9063
548,5724 311,2448
516,0748 315,1115
520,872 312,7589
452,1751 254,9804
580,8578 206,5273
508,8628 313,8815
459,6972 241,68
461,8531 229,3349
527,408 316,3107
456,8066 261,8358
468,386 285,6158
504,0738 205,4625
466,8134 232,031
606,9752 274,4395
516,7313 315,8933
535,1097 314,2399
491,9833 206,9938
483,5728 292,9037
484,9325 298,8112
473,7408 285,4597
474,1547 220,3556
482,6482 211,7053
541,4441 208,8185
476,2572 296,3372
611,0102 277,5604
455,6703 255,8754
591,4856 218,3284
577,6527 215,852
596,0263 214,8129
604,7795 227,809
607,7138 227,16
527,4144 205,7124
537,5084 317,1118
578,0284 210,6039
515,0831 311,2542
485,7658 222,9276
493,9317 304,3508
590,8028 222,0226
473,0837 235,1765
470,4512 227,9872
468,4768 220,351
573,3733 215,0998
585,3514 292,4708
502,743 203,4183
554,6343 207,0391
620,1632 257,7386
498,78 204,9821
538,2454 208,8587
602,4183 281,6661
475,6839 231,0839
465,2916 264,3451
529,4654 315,8399
613,2795 255,4816
480,1153 294,8159
512,5881 203,2802
519,5977 206,8909
470,3818 275,8598
617,7413 240,7853
592,5444 296,9925
461,6017 251,2874
606,6563 265,6915
462,9133 290,5628
522,1251 206,6075
577,1338 300,5316
492,8971 215,1331
513,4453 309,9633
499,3724 307,6644
605,1808 226,0432
563,4362 309,5279
455,3723 281,3401
466,3249 264,3684
620,757 260,1444
470,8251 293,7154
469,315 289,4391
471,0781 280,62
458,5963 281,7471
540,3153 207,9756
537,9307 308,1571
524,2419 198,4859
597,0773 217,1648
552,8245 209,5283
482,2457 221,5293
544,5876 314,0679
587,2356 222,2188
474,2237 222,6435
458,8653 275,0008
499,0831 204,0987
475,4292 215,7337
591,7555 224,085
515,3382 312,6408
612,5923 248,6585
482,1931 222,2877
606,1731 276,4102
465,9706 251,6581
614,2227 265,4547
483,3751 297,9639
533,4483 200,3934
603,7356 282,9923
461,5924 267,8832
545,1664 204,3905
536,3487 315,1603
551,7824 199,1634
461,8408 227,0069
465,9907 276,1918
590,9313 220,4778
473,4748 280,9067
482,5732 214,1986
462,2465 241,2539
468,4882 273,8806
613,2056 251,8723
480,1757 300,0273
480,1105 223,5902
560,5121 210,7445
491,4995 215,6344
613,849 235,8981
463,9964 244,085
540,6478 206,4255
497,6611 214,9041
477,5723 228,5177
513,7315 202,087
551,0876 206,4603
482,9775 212,9076
465,1168 263,8007
607,8089 226,6359
464,0893 235,0028
462,7348 278,4159
472,5944 278,6156
451,0957 253,0368
474,5899 225,8035
479,6919 299,6246
479,2409 228,1338
580,3942 216,4542
453,2295 261,0117
472,6466 279,7795
611,9702 278,4053
487,6646 307,4023
454,1668 237,5786
613,2335 275,0678
617,6553 273,2603
538,291 312,8773
506,233 203,847
618,4513 254,3755
606,2767 234,74
464,2391 228,5224
538,6245 308,3749
601,6149 216,6364
474,1027 216,1869
593,802 218,7977
470,223 277,7698
618,9716 275,1909
555,3966 314,9566
608,4847 247,344
574,4309 207,6212
577,4087 308,7011
562,4675 210,1631
609,5511 278,4995
521,5001 306,2305
535,0821 315,0985
499,7616 213,2146
604,7905 272,3878
489,342 214,0106
465,7612 290,2491
533,1279 310,7013
623,1345 262,5409
587,3271 217,9308
460,7526 263,4294
568,8686 312,2465
460,2166 272,3611
595,9864 224,8352
569,8491 203,5049
593,3456 289,3418
460,7641 276,5163
464,3183 269,422
622,9861 267,4897
482,9178 302,1171
494,8053 215,6968
537,9569 199,0657
597,1451 225,4606
579,1157 210,7603
499,3156 216,3983
593,2868 214,3551
579,1569 295,7687
597,5388 285,3194
540,2269 313,5301
562,356 201,9719
592,8306 296,8136
570,0723 212,4532
453,3991 265,8743
466,4581 228,2708
480,1141 226,4048
462,4715 261,5271
465,3201 232,1778
595,4981 212,629
613,3263 230,0563
504,8894 300,7393
481,3762 297,965
522,8009 304,9479
585,5154 217,0107
475,8617 228,7127
481,2627 304,6727
534,9333 308,2876
496,0243 308,1384
507,5128 212,9175
577,7688 210,5366
591,65 292,3663
458,072 267,2981
493,6425 301,9104
521,4943 204,8534
618,5986 253,6232
609,2446 251,6536
514,7369 306,8252
606,2474 229,2113
459,1713 269,5807
599,0348 279,6955
584,273 213,4869
616,8301 251,9526
589,2194 291,0269
493,4563 206,8022
450,2086 263,7671
506,5386 304,0777
496,6405 300,9867
469,6536 239,0739
510,3214 200,7638
615,0909 271,3257
617,4734 266,7779
598,7675 288,4863
613,6558 272,1318
613,6233 227,9058
476,5514 230,9286
575,0101 216,1315
459,5244 253,2009
466,2664 282,1609
591,6548 295,5921
546,1533 206,6354
475,5564 229,854
478,9845 214,5581
451,1739 260,4849
545,8717 311,0318
512,1164 204,3486
474,0131 216,2878
555,2969 314,7608
573,5602 213,2416
483,5615 216,86
620,904 252,9228
611,9592 286,0352
455,2416 260,4389
580,1286 217,2173
516,818 310,1562
513,1751 209,1781
508,5022 304,7251
458,2606 261,9725
461,9742 275,7684
568,8691 214,2115
492,491 305,3728
469,8784 222,5454
517,7822 210,6682
606,6679 221,9936
477,1761 296,9029
604,0626 290,4527
527,8611 209,5346
551,5815 311,0524
509,1986 207,4578
449,4979 255,911
570,1851 299,6004
506,7678 201,5185
582,1139 296,0869
594,1935 302,0602
476,4523 296,564
459,5988 244,9277
460,7041 276,0898
522,1357 305,1846
615,9335 266,9771
576,7708 304,3026
607,1681 288,9345
568,3563 300,4354
454,9423 276,8006
605,2823 273,6326
591,3857 295,5164
615,2274 278,4996
599,5241 224,6666
514,896 202,3042
465,8606 224,8575
574,0621 283,8829
547,1157 272,4944
569,2647 280,9274
548,6976 269,9677
518,7835 273,9778
558,0201 236,314
497,7352 235,8517
502,6787 272,6075
570,1504 251,7732
573,1074 286,4784
522,7927 236,0293
507,2028 265,9073
502,5309 266,9404
527,0043 236,2182
535,041 235,5203
517,0747 264,4288
527,8255 275,1878
501,8445 276,4541
501,6356 235,7248
571,3969 272,5997
564,1851 245,1577
503,6963 281,0795
504,774 256,4258
548,5446 270,1267
571,7894 282,3817
566,3518 260,8677
511,2512 244,8409
565,9914 260,9645
571,4083 271,8104
487,0634 226,6582
555,0853 239,7412
519,5866 274,0384
509,7719 255,5256
568,561 264,9237
561,2804 264,0794
507,6722 279,273
569,3465 278,0685
509,741 273,6769
485,251 225,2143
523,2796 234,9033
580,8844 291,012
520,3892 280,9275
493,4998 233,4589
511,1928 277,8883
557,4958 275,5902
513,9797 269,2365
527,6676 239,9843
549,2994 243,8186
558,4945 264,7662
514,7187 256,572
549,272 233,9354
514,6544 271,5156
518,8546 242,47
574,9965 235,4737
515,2061 273,1907
524,4917 240,1968
566,658 273,7368
535,1719 239,8262
557,7605 278,3257
489,056 292,6339
517,371 277,954
568,2309 280,772
572,2393 284,2728
485,8808 227,9649
530,0649 272,916
510,8339 251,0961
521,9699 236,3623
507,1029 281,4651
540,4454 238,3407
556,1788 278,3854
502,6054 266,5439
537,6546 241,1291
553,0285 269,6575
566,5348 273,7333
492,2156 227,8904
512,0316 265,068
505,5419 252,6727
562,9909 255,8726
532,8375 242,142
524,2916 273,4837
508,9101 277,7483
487,7581 225,4044
511,5143 246,2717
517,7842 234,7071
566,2874 268,063
513,8605 264,6082
513,6501 279,341
514,5289 255,6142
513,6221 247,5203
543,4056 280,6153
511,1234 260,1504
512,6568 251,3423
551,6619 275,5632
509,2269 249,6483
522,1119 278,5315
515,761 237,5128
516,7005 280,8195
551,5905 234,6739
560,9456 256,2711
571,6892 243,1791
517,9937 265,3555
503,9185 254,7835
556,0417 250,2195
552,9086 240,163
514,0775 279,0149
512,6894 268,1887
554,4194 271,349
490,5139 230,2543
520,6923 243,0389
527,1123 270,187
553,9551 279,2023
506,4325 251,7073
518,412 246,5739
503,2986 247,1966
507,2237 245,4428
568,3881 245,0763
525,1256 243,8238
535,24 274,608
571,9752 233,5465
554,2959 275,4414
555,5614 273,2678
514,0549 246,0849
539,2648 243,3462
569,8191 243,6344
562,3612 266,0047
536,2936 236,4015
534,4969 245,1729
542,0146 275,4098
550,9043 276,0967
551,424 272,7433
559,4118 263,852
554,2004 248,288
559,5971 234,4942
513,5023 271,8647
555,6158 281,3098
489,9386 230,1747
565,2089 251,3739
568,0122 270,7593
565,1953 242,6772
537,3842 238,8365
516,6528 253,4905
560,524 277,311
534,9602 242,8254
505,0289 250,262
522,5074 275,9848
549,6771 240,9743
522,6706 239,5099
513,1937 245,5502
558,0659 237,0841
529,359 280,9402
567,1919 243,041
559,9337 278,3668
534,6952 279,1416
500,1342 287,4272
497,2598 286,7645
548,8247 240,1112
533,0075 276,5184
502,9108 253,4284
549,3971 271,2644
569,5649 258,3025
565,1544 267,5997
505,6493 271,508
535,1377 240,2486
556,5784 249,5105
544,113 277,5901
498,0599 234,0549
532,3074 244,931
503,6824 279,0291
485,1918 225,6766
506,4993 279,2448
566,3279 256,8553
557,3772 274,7896
518,6491 247,7784
508,243 247,4225
514,3591 245,4063
507,3835 242,6076
543,5132 238,2301
556,3726 245,9042
539,271 236,6859
499,7539 285,7175
549,0792 239,8471
552,6963 239,0304
582,6489 290,6568
528,945 241,1947
564,3518 249,0732
529,8282 278,8256
562,9156 234,2255
572,2537 287,3802
568,9191 279,9238
550,0855 280,0492
545,8518 233,6342
564,4995 246,1789
552,1546 271,3756
512,5586 243,2736
507,1436 236,5021
575,8075 235,2563
542,7568 274,6087
533,6933 276,7552
558,1851 245,9037
568,3056 269,9042
573,7208 287,359
501,6934 247,7234
520,7363 234,8043
575,8949 235,2951
509,526 254,3332
508,8365 272,9252
503,1203 240,9173
510,4729 256,5303
501,87 262,1388
569,6587 265,5061
503,2749 248,3112
501,4187 246,6672
525,6145 237,7298
532,1242 273,1105
500,2253 283,8539
499,315 232,5718
584,6877 225,1945
517,3783 254,8157
506,6927 255,4187
549,3312 276,4953
512,9111 277,1806
490,8407 228,4389
504,3073 278,9497
511,1571 266,0812
573,5257 232,6781
574,0732 283,6449
554,4575 262,081
554,1679 238,5917
510,0455 274,9105
574,2903 236,0496
507,3829 264,5898
540,1263 235,4466
525,4602 236,827
564,0988 262,9145
510,1676 238,9024
556,1702 266,4165
571,6684 284,4743
522,5141 279,8544
514,9493 255,6196
521,8994 238,3772
540,0847 277,0351
508,8204 262,6151
531,7604 271,5949
556,6654 262,2383
570,3745 269,9161
564,2203 271,5265
515,3697 266,0126
578,3401 288,435
548,4199 244,546
565,3435 276,7812
527,0244 271,9362
554,6277 261,2608
568,1085 260,9014
502,4945 240,9077
526,3192 277,8435
529,5833 270,5352
538,9543 239,5246
576,0812 286,6208
531,0343 272,8114
579,6006 289,7654
509,0949 266,8097
506,7809 246,5254
573,3538 284,0525
508,6946 260,5659
560,859 270,0696
528,0563 241,1476
501,4042 269,031
580,8172 231,7675
543,2681 276,2836
516,3591 280,2397
551,5909 272,1195
559,045 273,6169
485,9845 225,9538
580,9336 291,6686
543,6963 234,2075
547,0496 238,6767
520,1089 242,5242
503,2 238,9153
568,5189 281,2597
533,0229 277,0187
514,5148 280,6069
514,5199 253,3496
568,1148 268,4479
548,1561 235,3363
569,945 255,4199
539,282 235,8826
514,5058 250,937
519,8941 271,8961
562,415 257,2613
508,807 249,2909
625,634 332,9446
624,4927 333,5432
523,5279 327,7834
545,5248 300,4248
587,7586 430,99
576,5026 283,0446
617,6992 333,9353
536,913 405,7863
582,0296 279,4307
609,5066 306,3806
616,3319 411,7853
618,5109 405,5672
542,515 291,8343
624,4857 386,9547
590,5844 435,363
613,6455 302,1
548,9227 290,8309
534,4883 410,9033
543,7403 304,1968
593,6357 424,549
560,1422 429,284
575,3237 278,612
533,3581 310,7714
572,5595 280,671
547,3441 429,8145
566,5266 290,2272
575,1879 284,3215
591,7657 297,5844
523,1914 320,672
569,4138 424,8457
524,2748 387,5286
524,4997 311,8696
610,7972 419,1149
548,2381 431,5242
561,2957 433,215
589,7699 428,8322
590,6567 421,5137
586,932 287,1419
622,7406 385,567
536,7369 413,21
528,6835 323,8661
559,8705 426,3902
614,7659 315,3805
611,1226 407,1777
519,0547 367,7082
523,7206 351,1941
519,3136 325,3871
576,1517 437,202
532,5163 310,0005
544,9133 420,1023
570,203 281,3524
543,6116 301,4696
519,4755 368,5757
614,8902 319,3516
606,8374 408,5933
543,122 305,6087
576,9549 431,2283
587,0879 425,2525
623,7233 357,655
520,0881 353,5562
608,3467 416,6141
566,8718 287,3484
546,3171 426,2168
619,6964 385,8451
619,081 313,1641
617,8746 381,8435
604,7879 421,7544
600,5681 305,1655
537,7164 403,0783
526,965 321,7768
601,8664 300,1962
531,2207 394,1301
606,6873 404,8154
535,8711 411,5794
611,8132 413,8068
584,524 422,731
597,1262 418,2698
554,2873 285,5605
580,3404 294,0747
567,1765 428,4248
520,1488 379,8407
609,9585 418,7391
546,2817 417,669
588,1812 435,4647
626,3458 331,5209
552,74 417,361
525,6149 384,1253
523,8535 319,6607
609,7482 300,8707
548,6436 416,3189
595,4579 421,0659
575,2605 291,841
518,6833 348,3137
608,5916 421,1914
616,9412 392,8364
595,5263 430,0497
520,1854 362,7803
567,9448 426,1224
624,1276 366,5546
528,7248 330,6602
535,0113 298,8129
625,1525 345,1947
584,8492 293,1825
523,9151 377,3887
620,0169 387,3265
522,6498 392,0978
591,6029 294,8543
580,4841 437,0076
628,1774 387,3761
623,7646 335,4032
546,8446 415,7615
624,2579 373,8498
618,2227 315,2734
535,3466 298,652
621,1204 345,768
582,8477 429,3271
574,9226 292,4063
604,0513 289,9978
617,9241 386,8982
518,9245 379,1579
619,5807 377,8478
517,73 364,5826
516,3321 374,6239
588,2274 426,9099
590,2825 281,8793
562,938 294,5735
522,7442 336,8579
520,56 336,2804
524,8648 310,4496
515,6159 363,2251
616,9714 324,3151
564,6856 291,7986
523,7877 348,2477
618,7399 379,6855
615,1878 313,2121
573,6248 291,8958
531,4083 396,0466
564,5699 436,3069
625,8671 351,8979
581,8305 428,4145
520,4057 334,9605
629,2732 377,4387
534,3943 306,4073
554,8904 286,6527
608,1182 413,9012
552,525 433,8987
536,1869 405,5629
530,5058 400,1828
591,9097 286,2232
517,7294 358,4496
522,9807 394,7849
610,7125 403,2942
574,9485 282,2006
536,4295 414,5731
520,2359 363,9882
619,715 308,2777
544,372 423,2918
519,6636 358,5484
525,986 343,0248
562,7432 432,369
517,5758 360,6766
601,5456 303,1242
531,8672 315,7538
573,2249 279,8478
563,1565 426,7898
626,9804 379,6222
523,9263 370,4443
614,9629 304,8051
621,8043 400,0582
619,0771 339,6658
617,9803 411,5345
620,6333 370,7675
628,3449 352,4642
578,55 286,2736
556,8797 289,2162
618,0529 311,2764
516,0115 352,5548
527,6125 400,8817
532,8388 414,1581
573,3338 286,7923
619,2499 406,1539
550,1812 420,1065
622,0535 360,8816
595,702 429,9161
542,9479 291,6813
580,9903 286,0323
603,0369 415,4394
530,2152 312,4544
518,4084 358,3217
538,972 306,5107
626,1557 395,3288
564,348 435,6145
610,0004 415,0337
587,0808 293,5034
617,6352 330,8033
578,5764 436,1172
604,1939 417,2109
531,4057 301,8851
607,2149 312,1131
564,2579 423,935
520,318 389,035
585,1258 434,3678
533,182 401,9783
579,3912 288,282
599,955 424,5039
602,0658 301,6145
553,923 294,096
611,9198 317,2458
626,0425 336,2586
559,6043 433,0826
527,0832 325,8979
532,5218 305,9515
519,0136 335,6489
621,3639 353,964
617,7181 409,63
522,534 384,2752
516,048 350,3739
594,8318 299,5453
619,2742 383,2286
533,3902 320,195
586,0171 287,2697
573,6156 430,9155
522,9342 365,6557
593,0742 299,3262
618,8635 322,9716
541,8707 307,0513
534,807 306,865
622,6938 318,8131
581,0779 292,6784
622,3386 344,6504
628,4446 341,528
513,6442 368,2887
535,7674 405,1042
593,0114 298,3283
570,3672 431,042
624,7712 320,3792
570,81 436,4883
532,5497 299,9091
613,8112 322,8903
614,4532 414,683
522,8888 375,2357
545,6749 429,1545
515,79 335,6291
574,0798 423,9125
535,6798 399,3336
626,8415 331,6582
611,7076 401,9336
544,2014 288,9623
603,2865 305,8467
556,4922 291,8809
572,2321 431,5387
590,7074 421,7353
630,0032 373,0577
564,1833 281,6483
613,4217 318,4388
517,8503 374,8706
543,9398 416,8019
527,0083 401,4028
519,2779 341,3764
535,5917 304,1364
620,4899 345,0677
594,7549 420,573
514,5989 363,1072
518,6168 361,3234
568,9411 428,8547
573,2234 291,4143
517,692 342,836
518,8195 361,9227
567,7296 424,6422
536,0053 413,502
522,6639 336,8524
519,0636 345,0222
571,9011 292,7189
626,3699 363,3995
573,2317 289,853
562,9589 280,2911
598,1098 419,6253
565,2277 288,3832
520,1263 349,9244
526,737 396,843
617,5456 383,9642
555,7398 435,3884
604,6191 294,994
531,9177 310,7048
609,0161 307,5651
589,506 422,0305
621,5166 321,4568
563,5735 421,6992
528,4038 397,9812
531,6537 311,4211
530,513 402,9928
550,0206 294,7797
526,2291 406,1307
556,5611 296,6659
589,1841 431,5663
620,6778 328,2545
617,0599 404,885
523,736 399,3295
567,193 287,9706
605,1087 306,6422
614,6494 405,9997
622,2296 397,5403
595,7698 424,0083
614,3443 392,7044
562,5882 430,9778
563,2687 430,6608
517,0737 371,7531
625,4673 373,958
536,2077 297,0507
565,7015 293,9898
622,6514 342,1739
545,1596 294,1155
558,9788 289,6027
612,2889 314,752
617,2942 316,4509
587,8039 420,7626
606,7531 294,473
562,5858 424,4695
587,2037 293,1544
630,6161 339,7671
561,5362 291,5744
540,2551 419,5735
521,4711 348,9588
620,9434 385,1389
582,3416 287,6299
575,8677 436,8255
628,4307 373,5702
521,7671 325,218
528,8102 309,226
601,2758 287,5915
631,0723 347,3084
591,7063 286,0073
535,1998 410,94
606,9172 307,9664
600,6622 302,6104
516,9904 380,1922
548,4369 295,5819
594,3615 298,6297
559,9868 286,3802
526,0601 341,2912
532,7113 407,1707
518,7462 346,7992
607,7124 296,5229
532,6702 395,595
559,6898 431,4476
577,8301 433,9462
574,8046 432,3337
554,0217 431,1262
569,6694 287,1477
561,1875 434,0779
578,755 281,7943
618,1294 326,2293
623,7923 363,9534
519,0636 372,1806
515,9377 380,8197
554,1756 427,8516
533,4494 306,8271
620,4317 385,8857
577,4774 428,7393
614,9616 308,178
543,4953 299,4631
602,5175 421,5066
570,6599 292,4434
616,1714 394,1834
632,1864 361,8718
526,2837 406,7771
592,138 288,0218
622,8522 338,3203
597,0107 420,6897
522,3737 365,9372
608,2071 423,1334
572,6114 285,4209
538,2282 310,3624
610,9845 315,0141
585,231 285,4186
617,8388 327,1832
518,6735 373,35
606,2042 409,7692
543,4004 416,6578
569,7194 423,0241
595,9698 349,3574
586,1151 366,6987
557,9662 363,9388
591,5348 331,0135
572,1757 365,0088
555,8884 359,0308
565,7407 358,1567
577,1781 331,2727
583,5722 328,2734
586,2446 343,2441
594,6297 350,1449
587,4434 329,5911
592,3293 369,0972
586,334 364,3122
586,9364 390,5246
554,9697 381,835
570,0931 368,96
592,5102 387,2202
574,3058 334,1535
568,843 331,911
573,639 355,3607
596,4326 372,9294
558,1828 330,5062
557,7936 360,7157
559,6943 356,6227
573,8766 332,5791
559,3552 373,0716
557,1821 360,8176
557,3216 365,3708
588,7693 363,7124
581,6135 369,866
577,3274 331,7749
560,2085 343,7586
561,0999 376,8351
595,1877 348,2588
596,2627 362,5599
577,3643 372,5062
566,7652 347,3591
551,0663 343,6146
575,8673 378,4165
551,3217 358,6772
551,38 339,8989
595,3211 387,705
568,2529 381,7012
559,9319 364,6162
586,8612 348,8752
578,1558 344,7674
592,8192 365,5269
588,8649 339,216
585,3679 382,3331
560,1265 327,4425
587,7599 390,1289
580,6081 328,0874
555,3429 379,3193
551,7838 370,079
591,6707 341,9726
579,8553 333,2589
580,2159 348,9218
576,0795 372,8912
569,0897 383,0504
549,8591 369,5002
576,3992 384,4555
592,2959 352,1548
591,4862 376,2114
558,6831 326,6831
565,0353 388,2897
587,1744 357,5973
586,6204 340,0123
586,2869 331,6301
555,1546 330,5591
580,3945 380,0493
557,7298 327,8124
561,6488 387,5206
584,0942 380,0769
559,0353 327,788
561,8922 349,6129
556,8168 381,7575
553,0675 340,0963
563,4848 334,3974
591,5412 351,9273
596,6003 373,2656
584,5316 374,0112
564,2481 354,8694
584,8202 345,9871
587,8437 365,2444
551,8487 353,9199
568,869 354,0436
573,5491 342,3771
594,1583 355,2516
563,7169 346,8183
561,9516 331,7393
573,8546 385,5952
581,5795 348,7162
581,64 335,0942
564,6089 367,7057
589,583 388,8955
592,9256 369,1045
561,2753 329,6075
591,9373 379,2008
575,4282 367,7178
559,9907 355,5237
571,228 343,0308
586,2948 363,2448
565,4401 352,8674
578,6547 332,9156
568,1537 326,9092
581,7826 366,6954
573,8746 335,8368
596,6357 344,3329
558,7298 354,8232
585,675 348,8192
555,494 334,7611
552,2923 348,5295
561,3281 373,1546
555,5462 348,2289
590,5925 353,2335
588,3073 370,8098
590,2994 341,0155
589,138 382,1781
593,2923 328,2395
566,9293 370,1443
573,7879 351,8178
565,6246 349,1874
577,576 351,6065
596,6043 344,1913
561,9942 380,6149
581,7992 352,6144
554,0081 331,9994
575,6802 357,0642
578,7529 338,1607
592,4109 337,9255
576,7349 381,1926
555,6694 373,0661
591,5771 389,323
569,6284 380,5727
551,8 350,2185
579,7226 350,3412
583,454 359,3237
572,5119 389,1761
553,9723 376,2872
564,4585 329,7924
586,6415 367,218
563,5174 382,8124
590,0025 360,2139
580,6139 370,4764
553,2425 332,9097
579,8915 345,4368
593,2482 339,3906
586,5539 339,0241
579,6236 389,8129
563,0287 384,9568
579,1026 360,4408
566,5942 379,7835
588,7636 367,7349
573,6092 340,3917
557,2209 348,962
570,6599 326,3312
572,2864 338,4476
584,2637 363,6849
551,2087 376,2195
593,9565 376,5791
565,5477 355,9439
581,6282 335,052
557,6578 363,0181
550,2946 350,1158
587,5509 335,6884
577,7288 357,313
591,6269 364,8825
573,8211 371,5313
563,2522 368,0631
590,6468 388,0327
549,1014 382,6734
551,5968 360,8076
582,4962 362,8706
579,2894 368,9722
580,867 389,074
582,8806 343,5122
587,4896 354,487
552,1618 343,093
581,0541 336,704
579,0358 375,0065
549,1823 347,7072
574,5057 378,7155
579,7869 367,5318
554,3563 354,7012
589,9245 352,8128
559,8018 385,5108
586,2632 343,1144
583,6365 376,7551
585,7524 345,9759
549,3877 382,7861
576,1192 349,2275
560,5373 326,8183
591,8239 371,0649
566,3147 365,6513
553,0536 382,1089
591,0339 385,3255
578,6529 364,1533
587,1395 376,4768
590,257 329,3276
594,4357 360,7349
570,4848 372,5387
580,8326 364,4283
592,503 357,9683
551,0344 373,9956
555,9298 338,7464
569,9062 353,1637
581,2745 348,6935
569,07 359,7222
585,616 389,2588
572,418 360,9836
590,1123 389,1102
588,728 338,2698
590,3495 351,3159
561,2968 361,7995
587,9273 355,8918
564,199 373,1539
581,8604 348,5485
555,5279 381,3669
551,2123 356,4732
588,7289 387,9696
592,7239 383,6604
558,4118 370,2452
558,9115 389,5696
592,2457 355,725
551,464 382,763
557,1893 337,2363
592,9118 346,5534
564,0344 352,2246
559,0088 386,5688
571,7252 353,3706
577,0113 384,536
577,8802 341,0469
567,3921 344,4333
578,0801 348,3107
570,9178 363,6514
585,1246 373,3385
573,4902 363,6899
590,6993 350,1355
581,8945 341,5931
579,0598 339,7795
559,0779 383,2087
585,95 381,0302
584,2973 343,3243
568,5991 387,038
574,1064 365,236
558,0746 326,3958
581,1989 338,9063
583,2324 372,1654
563,1146 385,7472
576,5988 345,3069
557,3089 352,3447
582,8852 347,638
572,4593 347,0166
593,0245 378,8475
585,1207 382,885
575,2242 330,1554
573,3091 343,8795
577,9436 344,3752
581,3647 351,4807
585,6573 353,6738
593,1296 329,3654
570,8621 333,7538
589,1505 336,3053
584,0965 389,0909
587,278 371,3126
564,3859 334,9731
596,3053 348,6173
571,8966 345,1552
559,6913 380,2754
552,5487 355,9941
562,6676 339,1338
588,6716 360,4064
596,5473 370,6771
592,0975 343,2883
591,9966 382,2301
575,3492 388,1258
570,0451 332,9347
576,4655 383,844
555,1769 331,5576
586,1565 331,1031
591,7744 355,0362
583,2818 330,1791
554,0481 327,9712
559,6334 346,5443
574,0723 366,568
586,3192 331,7374
582,561 344,369
570,4219 335,1271
570,4917 354,5089
570,84 335,7469
557,602 354,3183
570,8414 351,9424
566,1453 390,4346
590,7258 364,8469
568,0568 349,3298
586,7513 328,714
578,0686 376,756
590,9093 368,3323
559,4422 370,3143
590,0465 350,4506
559,4903 362,7686
550,0969 380,2901
558,5444 364,928
593,6002 351,7528
588,6276 369,4851
560,6323 334,6306
585,0934 343,8778
568,2116 376,9835
570,3337 387,6021
567,4064 330,903
582,4884 377,7894
567,3446 338,3599
558,6804 332,1559
583,689 385,3754
550,975 383,8852
581,0081 337,9598
571,3992 378,2072
557,338 339,3781
560,7876 385,0883
549,7469 382,9281
571,5587 383,1519
572,099 341,9402
584,4837 335,7812
577,5864 383,6427
555,2897 385,7632
550,5588 369,0313
550,4834 390,3126
568,4504 348,389
596,4802 356,1587
590,3422 382,3892
562,0431 383,3645
574,6039 362,8629
557,1429 346,4363
579,1861 345,0858
579,529 329,4631
271,7289 391,222
242,2982 415,3879
173,7874 309,062
225,797 409,2509
239,9641 401,4668
252,0326 395,3382
278,8677 296,6
272,4051 386,458
186,7319 385,3778
200,8756 401,6265
214,3281 410,0356
210,4189 260,3215
282,2728 346,5002
278,1671 314,0639
207,9937 262,4539
238,289 261,5338
194,5672 265,6384
191,0878 395,0204
179,8853 291,4782
192,6696 266,8671
182,0997 291,7094
239,923 259,8612
265,4758 281,4555
227,8118 257,8797
272,5421 274,2875
222,007 414,2605
220,5988 260,3912
273,3337 367,7044
254,7187 407,723
231,2459 403,8219
247,5185 255,0714
265,566 264,973
209,822 399,5385
276,9348 349,8876
278,5567 347,9949
188,6682 284,5085
196,8537 394,6164
208,7627 262,2487
183,2821 383,31
270,1437 285,0867
275,2065 356,9168
270,395 290,4835
274,291 292,06
180,3072 308,279
181,8854 317,8296
260,6057 394,7182
266,0975 393,4381
187,2951 291,1513
216,3419 405,412
175,6372 355,7748
174,0661 362,5928
229,7434 253,3785
287,6956 319,7954
257,2613 259,8661
270,4815 279,1918
227,9174 250,3079
279,9322 338,6112
221,58 248,918
198,4934 261,6563
191,2065 270,0362
250,4805 256,6812
181,5896 364,2125
255,07 260,9946
270,3475 292,0648
276,0609 384,8702
198,6105 388,3779
178,9073 374,1377
201,3095 406,9494
172,1666 330,0936
185,6302 276,4961
267,186 278,6855
207,5038 411,5151
255,1003 411,3086
215,8491 264,2757
280,2904 288,6173
251,7631 404,1652
217,2651 403,679
283,647 315,5451
200,2446 260,9262
281,8775 303,6857
170,6421 331,7167
202,7315 267,9141
225,0577 406,0971
256,7544 259,3924
238,8972 408,18
252,5885 409,1831
280,8235 313,8895
181,6789 280,4935
215,1528 414,1665
261,7051 281,6886
196,3326 265,533
252,5426 396,9851
263,3228 388,4502
181,7533 360,3132
215,7049 255,2953
279,1299 379,3542
275,2069 284,9085
259,7455 395,4069
248,0869 265,0684
179,7732 336,3295
242,9891 413,9345
199,6276 391,8974
248,4946 407,1625
281,0941 323,6393
192,9366 264,1085
272,5722 362,8313
211,9692 249,701
260,9249 390,4966
178,2704 287,6124
189,0602 394,8672
277,7262 293,5663
220,8242 259,3624
186,1405 274,0547
250,8276 266,2056
281,8415 338,9601
211,0702 257,663
221,0238 263,3702
269,9251 273,2056
254,0087 395,6537
229,3718 251,4117
190,4385 288,5788
277,6976 382,7563
211,6677 406,7749
181,6387 288,3773
250,6791 257,0466
280,1675 359,8849
223,0097 250,2488
249,2811 258,2578
277,7939 288,0023
181,0964 344,8767
194,2486 388,1152
235,9965 410,1147
183,9796 376,5824
272,6872 385,3581
185,9826 285,2481
284,0861 320,0945
279,3594 345,108
243,5604 263,6314
256,972 260,8957
229,2123 416,202
189,5916 280,211
259,0369 401,3338
265,8624 390,7503
173,0182 309,9694
213,5582 406,5395
268,1477 278,4409
196,3076 279,642
269,529 387,0936
252,7008 409,8692
212,616 400,6513
201,084 405,0883
239,0291 409,4345
204,4035 400,9138
215,7688 408,1269
280,8337 343,0274
286,6109 324,0824
213,5021 412,0792
269,9193 296,4583
268,5277 373,245
263,9937 382,7914
176,9808 302,4666
224,3281 247,3565
279,483 342,0819
213,4262 401,2999
278,3978 318,1278
260,1532 398,7611
275,8501 293,5641
284,1726 318,8369
281,0348 322,0069
174,4629 355,8081
235,1557 408,6717
272,1342 365,8854
257,3692 259,2257
178,2045 352,0181
277,4311 380,0981
193,6373 268,0216
205,352 254,3422
280,8024 370,1537
177,6906 369,9708
280,9217 313,8798
213,8097 261,8292
278,182 292,6712
228,4125 262,9976
258,3328 259,7304
190,0354 378,1731
172,8439 305,9589
259,53 259,8604
255,0034 405,2497
214,8645 258,5728
245,0192 414,8918
281,3881 292,4764
173,1116 331,4846
183,5541 290,3733
249,5249 264,2586
172,1572 327,6275
201,0973 270,1561
183,9097 291,2076
283,4698 359,2826
250,696 413,9571
179,8606 288,0732
281,3754 365,0611
246,7904 404,3872
265,6658 281,743
188,6336 284,7452
266,5433 276,7626
187,6138 371,8739
185,0835 279,0924
254,9199 392,195
286,4498 354,8472
188,3186 390,3192
221,2505 258,5219
235,3835 412,4897
277,9123 331,0051
170,0172 335,8749
273,5488 291,8643
226,9189 410,9307
188,3726 280,3948
236,9624 253,6002
204,5908 395,3728
201,5902 266,0382
281,6732 294,6602
205,3716 403,8375
180,6593 361,1013
223,0346 255,9798
239,5066 414,973
211,3866 251,7465
234,9971 253,1738
175,9997 300,1255
219,0316 417,7302
193,3342 268,0433
175,9507 344,325
238,0975 249,1554
203,8986 257,7046
280,1279 353,6436
173,2499 321,4003
277,6224 294,8401
209,7517 258,292
172,0131 320,3603
279,4683 325,3958
282,4885 318,1657
246,8407 414,9052
184,0872 306,7967
281,6742 305,8628
218,4008 413,759
242,4084 258,1642
278,2925 287,5348
206,1273 405,9756
187,8317 295,9343
215,3646 263,0431
216,0602 403,4039
205,441 265,3203
277,3482 338,0846
245,2125 265,9448
179,2918 355,5281
225,0921 255,0166
255,235 258,4692
218,8913 251,0411
278,5336 298,6802
260,6914 391,9437
228,4386 407,9223
248,6564 262,1903
181,8003 318,399
230,8627 419,4224
191,578 268,6052
206,1664 257,1265
204,232 266,4756
184,2304 298,8383
202,6479 404,3828
265,7058 392,5336
201,3082 403,9897
264,9294 379,7401
252,6874 258,4546
274,8289 369,8852
185,0051 282,0006
172,408 324,4346
174,3137 356,9427
217,9809 411,9155
184,2267 307,0595
242,0827 250,3922
259,0474 270,2034
213,8289 264,8117
278,9901 336,363
208,2265 254,0994
275,2947 285,4768
258,3036 271,7518
269,1183 381,1679
257,3335 407,1684
185,1209 375,876
184,8537 301,268
238,7096 255,7191
188,5705 375,3244
174,6248 334,0668
268,6955 379,5231
274,6114 374,9476
257,4075 395,681
281,9368 294,4608
214,06 252,8134
180,1082 294,2079
192,8769 269,6479
278,2476 288,0683
175,1986 348,1039
278,4683 298,5962
270,6115 392,0213
284,9748 307,8403
215,8657 403,7954
269,0338 371,5537
264,7275 401,4232
177,3518 366,4214
262,8965 394,5294
177,2239 293,6596
288,5356 327,1536
266,4159 388,3381
278,5392 339,3108
278,1914 381,443
234,6879 255,4239
281,3038 310,163
182,0744 314,7644
180,6615 286,4308
190,8479 388,2097
272,806 286,8305
276,1243 373,7715
183,4138 287,082
180,2043 287,2301
185,2245 278,7219
237,2121 416,3955
270,4477 286,5346
255,3214 258,9131
251,108 270,6623
214,9929 256,4538
259,1293 399,637
259,9317 265,6655
221,1563 415,5248
185,4458 273,7965
243,5048 414,0527
191,6625 268,9622
181,5057 294,7307
277,5256 304,0516
233,1394 411,7719
247,2141 264,1942
212,037 407,3852
200,313 272,9444
231,9755 249,4815
176,1257 301,2882
255,4198 402,2281
274,2841 375,9431
178,6767 334,9419
225,8512 414,3691
280,9781 305,2359
189,2103 375,3915
222,1706 403,8963
275,8157 371,0411
259,0215 392,6331
280,1338 290,7722
267,6067 374,5137
268,1764 375,3998
276,5172 350,1141
177,6106 306,877
179,3495 302,5635
252,828 256,15
258,4992 264,6115
284,0532 333,5969
283,1255 323,1205
174,7962 310,0799
184,3815 283,0862
247,6269 409,3566
275,7676 361,587
234,4857 408,706
225,5119 409,6316
284,4622 320,034
272,1471 369,3787
208,2571 408,7458
207,0576 266,7444
175,0324 318,1661
218,9615 254,6491
247,0557 411,9613
274,6751 294,8779
191,3295 281,2391
188,1028 276,4
201,0214 259,1365
182,2479 303,8495
207,3134 309,7996
219,7639 314,2262
208,134 352,8677
212,1919 339,2007
237,5727 354,9407
244,5934 314,699
243,3756 353,4948
243,6044 320,986
245,7785 360,0806
239,4511 303,8011
252,9185 306,2463
216,4938 323,6581
229,1915 301,3033
244,046 343,9025
222,5643 311,0964
249,9668 346,6203
216,1834 315,5135
206,8695 339,0945
206,0223 339,2599
222,2539 314,2199
247,5216 322,6744
215,8705 344,7297
218,7101 308,129
238,2052 361,0906
209,658 302,0901
215,0387 342,2904
228,3802 303,9542
227,5912 358,5811
230,1451 364,4369
207,2267 341,4789
248,67 346,4785
231,9191 361,7931
209,5296 331,5697
208,5954 347,5994
208,6802 366,1534
224,0553 356,6143
224,411 351,024
229,0683 355,7345
242,8068 302,4047
237,4198 311,0149
208,033 303,7961
236,9521 356,5512
252,6345 346,9873
215,3562 349,5164
205,1426 333,7689
205,2006 338,3009
249,1605 315,2135
217,7211 312,9665
236,9917 350,9286
221,32 366,1495
247,1379 306,9226
205,2823 367,6567
220,0971 356,7121
216,8208 331,2363
207,7057 356,3129
236,6267 359,2381
217,7687 300,0747
223,5614 307,005
249,2553 347,3068
237,0996 302,5626
252,1678 359,4638
210,6641 300,8071
233,3549 306,5969
238,0079 313,2974
232,6868 307,4954
246,0843 331,4694
213,2819 367,7128
240,2824 302,1905
208,394 312,5871
210,177 299,0009
249,6586 355,9037
209,9054 319,4005
206,7685 358,9071
245,0708 333,2899
220,4891 354,2058
248,5051 367,4026
227,2085 312,0486
217,5105 362,9435
208,1628 349,2113
250,0908 317,3574
241,5946 338,0115
245,3016 329,4794
215,1701 352,9153
248,1295 326,6733
205,0652 313,745
216,3337 336,8346
250,254 331,7895
247,2879 353,8347
242,3229 366,357
233,6423 361,9849
222,8075 307,3488
227,2568 305,0134
235,4396 357,6373
243,0178 302,6719
249,5926 336,8499
225,6992 363,1097
247,3543 338,9078
219,5695 299,3653
230,8434 362,4829
238,4527 299,0752
229,5747 314,4151
217,8987 308,5252
248,1151 318,9016
238,3881 300,0763
245,6209 298,5347
208,7108 305,5926
250,5696 349,3015
252,035 338,0607
211,2123 305,8412
209,8544 299,9337
219,3015 366,8226
235,7757 352,4691
219,3367 303,8312
216,825 325,0216
239,0504 356,4174
241,8063 353,0571
217,1003 354,1111
251,413 298,9389
249,105 325,03
205,628 299,7206
233,4775 305,0331
215,0126 311,8384
206,075 300,8301
238,111 312,8855
225,2649 351,9764
248,2287 347,1332
247,8302 340,5786
246,5969 322,4838
252,668 315,3402
231,8099 355,7141
208,5277 307,5829
215,0044 346,9177
251,0483 318,7942
234,9752 365,271
244,1421 331,3658
243,3093 365,8475
222,801 350,9423
224,1338 307,9488
235,2346 298,3552
210,0551 358,5631
243,2284 353,7309
248,4385 325,3649
241,1187 343,3801
207,4622 365,5472
218,45 308,9759
209,4525 341,5568
223,3983 361,8989
223,825 365,9453
221,0941 365,9869
252,6045 312,0105
210,2329 356,183
216,895 359,1459
214,8322 352,0656
207,6108 333,4459
220,8747 311,3431
208,7698 335,6446
247,4905 306,949
205,5747 300,0712
250,3105 363,848
237,077 356,166
246,3207 321,4282
252,6794 364,272
214,029 310,0752
214,2829 319,2783
205,8133 354,9127
233,4256 358,4375
207,6662 327,2968
248,9048 329,6353
205,9968 352,4709
205,0704 306,723
223,3193 360,3773
251,8552 361,8363
252,7656 343,2748
242,0021 319,8046
245,7867 304,0121
245,6165 340,6116
214,1891 302,8798
247,0488 311,3745
250,3253 305,4124
236,0385 299,1327
220,6753 303,1309
242,6709 319,2881
248,4999 324,0795
236,4724 311,8877
227,8395 363,5848
247,199 359,1748
228,698 367,151
247,7996 313,4247
243,082 326,4724
211,0781 325,0207
211,7355 299,894
248,2159 309,3351
250,6057 299,1542
209,0191 300,3677
209,0775 303,3412
249,1407 334,0257
246,8098 330,9773
224,3133 361,8954
208,4182 355,7622
252,6045 342,8401
219,1149 363,0989
241,7973 346,885
221,2063 304,8549
244,4281 309,8832
208,4323 348,2785
215,9283 325,505
246,8275 301,7333
252,9379 323,8755
214,6233 336,0826
230,4587 301,0287
215,6882 342,6273
214,2092 352,3501
246,6759 352,5755
243,6941 312,1633
223,4833 355,5859
249,6473 332,9773
221,3741 304,3001
225,6398 363,1451
245,6769 344,1547
205,3651 314,8346
214,5561 327,2808
248,601 322,7031
243,473 354,614
241,3629 348,613
214,5879 312,0558
225,0068 366,5998
206,1134 355,6545
252,8219 351,5592
251,3244 354,5783
213,3752 325,5122
243,2326 302,971
232,2841 362,9054
216,572 305,5233
210,6087 336,5138
223,8148 306,2447
211,1952 362,779
245,2158 301,5412
237,5084 301,9063
252,6913 356,2682
217,6739 301,2184
252,1062 299,26
252,2988 353,4065
225,035 361,8892
244,3926 355,9972
250,3372 315,0068
234,6593 357,5237
227,3679 311,8251
209,7324 338,8989
208,2115 299,3874
247,5147 322,0429
210,4765 365,7561
250,628 334,8039
220,1429 359,8924
217,3454 312,1568
248,2754 307,7345
214,5963 303,0307
218,4812 305,4281
206,8825 315,6669
242,3443 323,0248
210,7548 360,3192
213,6613 303,6478
248,7832 355,313
686,8132 268,9349
539,7554 429,0706
397,575 222,5061
255,5763 379,8838
610,3326 431,8237
642,2253 403,1152
389,0474 256,6678
219,4531 373,6485
460,089 315,0422
417,643 313,7189
366,8909 235,3607
578,0239 223,8506
268,8331 475,25
216,2812 320,8854
222,049 192,1494
517,7722 243,273
619,3615 376,3448
322,3189 341,5515
522,2246 385,2574
422,4058 356,1795
362,125 357,8142
546,3372 429,6366
668,1127 209,885
475,9839 298,6147
517,5324 276,9291
329,7205 292,2494
445,12 379,0168
679,7241 272,4325
625,5122 211,6055
352,1423 305,6472
345,8022 471,8139
518,6752 397,7438
507,1372 283,3001
558,1997 384,2892
700,5475 241,5444
611,6113 277,395
199,8302 207,527
397,9575 370,0087
360,4422 402,7827
341,8815 349,1536
576,1106 410,6001
435,9164 467,0267
338,5525 427,9242
301,5309 401,3691
515,5975 251,2988
668,3178 320,9418
438,2038 224,3042
438,2289 258,7704
204,3146 254,951
637,1336 336,3094
208,3226 470,285
194,2489 476,2014
497,1808 277,9966
353,977 210,3082
448,7639 226,5493
286,5033 371,2059
288,519 365,6981
623,325 449,49
499,5716 359,3795
266,6489 357,2682
193,0901 421,0004
365,4697 254,0305
252,4506 240,6057
269,7332 260,4267
636,8761 378,3165
548,5643 288,1586
705,5806 460,9359
242,7074 436,2424
682,1761 331,2246
179,9528 390,2
414,9482 324,7816
257,6979 411,1744
662,1007 425,1245
465,1084 306,4348
595,0795 401,2611
570,0657 272,262
538,293 398,3136
606,4257 308,9985
681,3603 202,9205
222,5694 253,2955
165,16 465,2624
502,5005 368,3762
215,0227 253,0782
484,8735 410,3888
438,5284 384,2142
319,1029 388,9095
448,087 206,4118
344,6148 324,7253
492,0346 285,6208
607,375 322,6913
337,0798 400,9634
228,9916 290,9124
374,01 248,364
569,6731 208,2361
384,8218 388,912
325,3968 308,0809
694,8466 317,5432
691,6552 252,7289
239,6391 231,2089
355,4657 214,8972
483,2646 412,813
276,9489 280,1154
403,0927 275,8083
451,5428 326,9555
282,4554 227,9692
341,4523 256,9142
454,541 425,3477
665,3434 269,5277
704,5494 453,4998
425,6572 204,2356
470,3046 262,2028
170,6316 433,0284
366,1813 353,9079
629,7391 194,1117
588,8178 312,6443
188,6515 413,1877
659,9745 417,6202
538,0009 331,7003
595,9597 459,4805
678,1561 456,3685
657,586 332,0503
403,5822 407,69
415,7809 274,502
187,4781 416,8462
619,1056 277,5003
498,4727 425,8976
272,6188 321,4446
495,5882 363,7587
512,6507 282,0615
326,4173 386,9566
562,1311 366,4382
291,4374 385,8761
433,8491 272,6556
667,8364 388,2623
479,8005 353,4498
710,7889 400,9143
349,0248 343,6146
264,6303 434,8507
248,02 226,5169
480,8746 269,2263
683,0727 257,3083
568,8372 297,249
621,6072 256,3399
383,8865 294,4661
328,1501 449,898
473,2929 404,054
274,4033 415,0629
723,4685 238,6784
658,2538 225,7419
382,0951 194,9922
287,7969 311,9863
485,2453 265,3945
540,7103 192,7695
647,2184 280,7556
237,7105 406,4205
242,1778 345,107
254,2436 422,4133
448,6 345,7805
469,5957 362,2353
259,4108 233,2757
717,462 372,6373
510,6657 443,6922
426,6802 329,2009
652,9822 465,5227
396,4412 312,6981
191,6287 373,265
556,9268 291,5505
425,7642 252,6766
313,138 295,2267
532,8699 295,0334
207,019 227,5256
257,0622 396,0717
591,5595 324,5515
696,5327 317,7365
441,6488 420,2706
500,5345 298,9659
376,2402 228,8825
226,3334 332,0022
523,0989 463,902
679,6785 235,8181
666,0695 423,246
493,5517 282,4853
662,7179 215,4035
695,012 417,3209
705,7615 477,7096
526,8323 273,1342
626,9716 222,3961
707,601 337,1813
193,3651 298,4226
649,7672 262,3256
310,7104 387,8453
195,6269 221,1509
489,179 401,5351
365,421 335,6211
619,8011 339,5967
212,7301 388,5514
413,2243 439,3296
238,447 299,1071
320,9178 410,6282
585,3569 201,9698
