242,9821 212,3057
270,3798 110,0118
287,1864 186,7537
253,706 215,7532
171,1667 96,1116
230,2256 216,2636
195,5122 215,265
279,5661 98,2616
272,1845 111,1547
272,9003 100,3727
288,4218 187,2718
215,4922 209,6782
178,5844 134,9055
183,8289 134,1074
277,8517 184,2347
172,7225 108,2938
174,7892 101,2794
288,4092 112,8913
189,1778 199,6619
290,542 219,1061
275,7759 168,7072
181,5204 99,9812
166,9568 90,7791
186,475 196,9843
185,5402 111,7267
218,2756 105,3772
189,8008 218,4265
160,1501 138,7186
209,0047 109,5496
171,6802 114,315
229,7379 108,5124
254,3533 211,4303
252,062 112,1254
286,7385 207,5147
266,5901 167,3473
175,7579 220,9444
270,7475 95,46
165,1008 183,3494
161,661 166,8161
162,5255 194,5489
198,7319 208,9695
273,9526 165,5065
171,3141 136,481
176,5345 211,9798
205,6748 103,4568
287,9718 90,7066
182,3053 176,3488
286,6328 150,5536
186,1147 111,2409
174,4069 161,6248
172,6473 187,2907
183,0141 106,2949
163,0834 188,2307
212,4022 218,6779
179,1019 137,6756
166,7341 173,6925
176,964 183,497
171,3396 152,2765
247,6139 103,9878
266,6493 139,8845
280,6583 202,1171
270,2683 205,3604
165,9307 194,1603
204,8687 91,1733
242,9417 112,5717
202,9029 207,7987
181,9043 105,81
251,3922 107,113
187,2693 202,6305
185,132 175,5177
253,6743 109,123
174,0836 101,4479
165,4427 110,4688
160,1872 111,1854
171,0775 171,1466
185,1602 126,0654
199,6444 197,4835
278,5209 93,2683
187,6937 218,2198
164,7822 218,7119
176,1983 207,4829
285,7721 112,0012
247,609 220,4207
171,7588 126,6633
269,8156 139,8169
176,8014 116,0798
241,7687 102,6636
173,6934 211,2655
267,9626 178,5688
274,3922 218,1058
173,7627 189,7195
199,8265 95,4971
243,9758 217,5297
272,3195 159,3254
179,6143 110,4773
189,3912 94,448
274,3462 206,5271
237,7572 99,095
180,5072 136,6663
287,446 116,0266
286,5001 124,9778
249,7464 196,0225
280,836 158,3372
196,8802 96,319
161,3397 192,6154
208,2036 90,9258
212,1564 214,5961
278,0941 165,7768
268,3113 185,5566
275,4513 194,4345
235,0183 207,77
170,3442 102,7072
225,0229 218,6529
269,6097 130,7609
275,2539 136,9835
174,4043 117,733
290,4366 164,8349
248,1161 197,7462
174,8896 135,5883
182,3906 184,0817
258,8988 114,448
267,0175 136,2368
206,9778 216,9457
195,9978 100,6133
281,6169 189,0222
288,3167 109,6158
234,1407 97,2441
172,0273 97,0034
167,8117 214,4038
163,8784 108,8381
164,9834 204,7492
288,8342 159,4862
266,4667 115,6641
263,0004 97,3889
210,5615 198,1489
278,3507 137,5483
284,7739 193,3251
266,3531 168,8472
270,6592 210,6488
161,531 105,281
197,8237 111,2485
220,3227 90,1919
178,889 102,5054
250,1887 205,4317
288,9382 92,765
191,4137 207,4993
243,1064 200,2676
203,4876 114,6315
208,0942 116,0423
185,1441 203,1177
173,4235 144,3929
179,3757 164,1452
182,4559 145,003
161,2132 183,1953
184,214 209,9973
233,0421 208,3095
265,1728 206,06
182,3688 169,1689
291,9797 176,1818
216,6344 220,1212
164,5182 128,132
287,3714 160,9261
198,1769 92,9592
228,6359 96,7832
166,2414 203,5265
172,2723 132,6327
167,0925 160,264
277,9684 180,4622
173,6317 215,9319
185,7047 95,1024
266,1743 116,3437
249,8124 114,8613
289,8126 109,935
182,5466 197,2229
171,4781 153,7568
220,1075 115,3709
240,0323 214,1347
181,8487 185,4607
282,4524 158,7413
228,2049 205,5268
216,5842 96,6203
253,9735 102,987
174,7669 129,1202
217,6978 115,2199
272,9961 120,3261
167,3011 193,8421
266,3355 154,1907
262,7203 98,9764
173,8153 176,8734
174,411 200,5206
181,6839 192,766
160,6169 211,0278
228,1418 95,3328
195,4584 216,7019
288,2524 142,5009
170,5188 175,1035
188,0336 90,4845
271,1586 173,1364
168,9375 200,2767
273,9049 217,1048
195,5739 217,0524
273,826 105,1913
268,8533 90,8296
246,2792 91,5295
258,9794 105,7113
252,0891 91,3841
178,0421 125,4132
166,5474 159,5538
252,1996 92,2156
290,3716 177,4363
166,7756 194,0411
276,502 171,4701
198,182 110,6384
164,3267 129,0158
267,094 197,3627
203,5253 218,4186
210,697 198,8931
244,6124 219,8134
244,136 198,1294
225,9231 102,1915
195,6507 115,5668
281,1251 185,5654
284,2282 118,9953
280,5923 91,069
283,9188 141,9198
177,1666 199,1637
249,4919 220,2834
175,501 217,7647
237,6368 221,0602
227,9868 199,6541
184,9232 94,6374
276,1714 139,6394
175,8985 175,7767
192,0812 92,05
184,3514 218,6574
186,7509 93,6248
273,6603 117,0638
265,4083 207,8439
215,1909 206,7741
276,9323 147,7566
163,9682 91,863
185,1673 195,2844
187,7178 93,557
216,8792 108,6136
257,6952 210,3948
160,7958 187,2433
215,202 91,6387
179,5444 119,1747
210,2073 110,4949
275,5295 104,9454
208,2052 211,7261
282,3201 169,8906
165,1749 172,2834
165,7558 188,3854
285,5406 124,899
164,242 142,399
194,9273 204,9603
164,2582 213,7225
241,0714 110,6033
287,729 176,6048
285,303 137,7679
181,1937 107,5039
171,48 145,9045
261,5408 216,9044
269,5183 93,8297
183,3716 128,382
184,6479 157,8228
289,758 141,5918
191,1274 200,3514
257,8463 106,1221
281,7202 120,3143
178,1167 98,5556
266,0749 202,3812
217,793 115,0921
290,4302 138,9033
213,1717 210,1007
280,5742 133,0008
226,3971 98,379
210,5482 96,3975
181,7242 185,5673
161,2321 180,2285
227,247 221,1818
182,449 102,5749
247,4633 203,8884
214,5624 216,7527
284,2088 99,0703
222,9625 210,4014
272,6519 147,9452
182,3159 171,3004
166,8938 179,7076
220,8795 207,6977
202,1023 99,3382
289,2962 93,8401
175,6023 121,29
275,5719 118,3982
245,8829 201,158
185,4545 179,1884
274,2977 154,3899
288,9127 185,104
164,4876 221,9692
276,7178 158,4977
164,1019 212,621
184,3372 154,609
277,4895 189,002
184,4612 157,3034
283,8187 104,7423
171,9592 182,8807
184,1964 96,7903
190,4338 100,3072
182,6308 119,1615
287,8197 160,4532
240,2432 94,1449
261,44 205,7568
289,8915 193,1092
171,4259 159,1632
280,6947 153,7701
167,3917 137,7821
274,9186 107,188
263,6238 99,2644
269,2703 188,7826
278,4394 175,4444
273,6815 91,492
267,4959 147,9139
256,8255 195,6954
217,068 98,0696
170,7405 137,6826
185,3764 98,9348
239,8255 94,6566
180,4513 199,7759
226,9492 95,389
176,8046 147,5563
281,1048 159,5573
199,5852 213,238
163,1805 110,5925
179,8558 95,0938
164,4807 172,6105
242,1115 199,1945
162,3189 150,1016
257,8958 220,7072
160,5007 200,528
210,8428 201,8178
285,0789 133,5559
290,4137 155,4242
168,961 219,7113
201,1803 217,9356
280,5129 158,9829
267,704 199,4325
170,9288 192,2159
182,3719 157,8769
280,8814 120,9707
228,1789 198,032
180,435 163,439
277,9488 100,6689
254,6765 109,7581
253,9343 109,874
163,8085 136,5005
270,0088 193,6813
221,2415 202,3964
178,867 130,6772
256,7627 93,0149
169,0468 145,8994
236,4435 195,8371
281,8351 179,2353
277,2711 156,2807
178,1916 218,6752
189,2 98,166
165,4201 127,1645
284,4568 220,1665
175,9924 219,9027
175,4786 145,1951
237,1213 116,2489
276,8314 175,2841
260,3871 100,8917
204,7588 108,9513
186,3232 157,2564
282,1767 128,1329
162,5074 101,4987
181,1665 159,4707
205,034 198,9581
220,2699 96,6199
350,9455 476,2693
372,777 413,3009
404,3136 502,106
385,2142 404,9292
351,6137 441,8237
355,5604 512,7436
339,7489 510,1492
348,2546 447,1045
356,3936 469,4982
409,455 409,715
444,6698 510,1186
348,6686 444,241
345,1766 427,9883
381,4777 521,3464
448,4639 396,8908
345,4425 481,3743
447,4227 497,1484
445,8103 508,3247
336,0936 504,1133
438,9813 391,0013
341,7449 420,7627
385,6776 398,6689
419,1264 412,2209
418,2423 513,275
404,724 399,1269
379,1014 397,6738
339,5607 443,6319
341,3389 477,4826
352,9607 482,1611
344,7876 395,7448
447,2852 397,2573
388,1782 517,5641
401,3953 500,0485
426,3809 512,4005
445,4291 501,1468
374,743 401,2697
393,2799 408,3667
343,3623 397,5073
449,9103 409,5541
376,2559 399,2291
370,3017 508,3344
442,7463 409,587
345,1662 454,7918
385,433 500,9075
462,397 408,5426
351,7588 493,0799
344,4999 393,4277
387,5786 498,3944
403,0859 398,2565
348,2308 395,524
337,1058 459,6497
360,6753 390,7929
386,0397 392,3867
344,1328 463,9901
445,6373 508,3088
347,1959 442,4198
366,0484 410,7961
355,4386 403,9585
352,6102 434,9812
443,5861 412,083
353,7829 503,0694
380,0149 393,4521
347,4237 517,2033
357,325 435,9245
381,3001 411,2402
331,7825 448,4514
365,4743 520,5803
438,265 393,9759
419,7346 496,357
433,3925 400,3962
345,6863 469,3409
359,7531 508,033
338,8043 483,9119
344,5712 399,4163
373,9822 511,4282
413,1342 395,4509
421,0646 402,3371
408,0272 503,9175
357,1766 402,2571
354,01 496,5937
336,6889 485,0352
349,1031 520,2554
349,294 465,8626
355,3581 452,2328
366,6463 506,4782
451,3468 515,4254
345,0479 514,9982
336,7417 406,4366
345,85 392,0199
352,4004 512,6568
457,9232 521,7195
397,433 407,1592
350,5192 511,4979
347,4268 437,2555
442,5122 501,0765
334,8134 412,044
333,3505 506,2926
408,9324 511,8541
405,7123 414,1601
442,5982 407,9923
394,3107 408,6536
419,2803 409,6655
401,3041 519,4518
356,968 501,3174
428,606 396,1795
362,8883 510,214
347,773 414,5668
333,5731 398,1015
354,4885 490,1417
421,7607 508,7788
362,8013 393,2535
436,8629 394,7052
358,3598 507,1294
336,9168 484,7938
403,2449 410,6904
400,2 416,0617
380,7438 498,7372
407,9421 499,1674
372,5791 401,3259
452,0943 395,2948
344,0819 493,3259
347,2119 415,9306
437,8143 400,4677
333,1643 470,8815
351,4005 443,1918
434,0849 404,1267
345,81 409,1126
338,5339 409,583
356,8711 405,6054
390,6278 409,5833
341,376 454,1278
429,4397 513,7089
348,3907 409,8282
403,1672 406,9985
346,1795 398,6938
355,8148 506,4548
345,7826 511,5436
442,7209 409,8143
387,5772 501,673
392,8736 396,1696
394,9597 517,7593
441,4749 406,9784
416,4924 416,1375
376,7531 498,1157
394,719 401,1026
369,6957 416,3713
385,438 509,5254
365,1746 402,9265
440,1712 510,8987
376,3363 401,8631
402,549 501,0349
458,5771 498,0471
349,956 499,9641
346,2197 437,3973
369,4985 517,1387
349,2279 495,7444
397,2849 404,1439
412,0779 411,2217
373,025 404,3368
448,5582 395,8814
451,9963 521,2155
410,4402 517,0492
373,745 505,4783
442,52 394,7328
356,6636 492,6404
340,5835 390,502
355,5116 498,6411
338,6829 469,309
401,3241 501,6032
331,9617 397,8329
429,3173 499,479
392,198 407,6148
382,6135 398,6413
430,5852 396,915
340,5507 399,9102
345,369 447,0277
401,9598 520,9729
400,2126 404,6778
358,1926 397,2766
438,3792 503,9586
355,9138 514,8149
356,0134 406,6904
341,267 490,8742
352,7955 414,3063
348,8239 512,7195
423,6133 398,5443
340,8238 405,2794
379,7271 507,8524
461,9252 507,6577
412,694 518,8269
344,6001 447,0107
459,1567 517,2773
396,9374 510,8031
346,2383 504,7511
335,6224 496,0357
340,6431 432,4102
352,5188 505,8289
416,1443 399,8324
371,4105 392,705
383,0498 500,038
351,0626 412,7736
406,781 510,9029
337,0248 407,6692
340,8136 403,6769
349,2056 456,177
409,4695 517,4017
351,8711 506,0826
417,4785 517,3765
388,611 516,1242
343,6735 490,6583
357,2209 391,5494
415,2078 401,6823
442,6868 503,4487
454,0055 413,571
445,05 415,611
346,4353 483,9884
341,2747 403,8388
408,9683 512,0999
435,1525 506,6079
349,0253 498,7679
362,0518 401,0039
411,3552 504,4988
334,5887 430,0894
369,5484 496,8867
397,7873 391,5581
457,5577 509,0166
334,0794 497,0457
351,2374 410,4072
348,9372 466,0192
448,6541 507,6055
383,1176 415,6368
343,1773 402,0208
352,948 478,8595
383,9652 498,5751
381,198 501,6412
402,9464 414,7303
428,3258 515,3398
456,7361 409,8205
349,3531 514,7851
404,8736 397,9589
416,4019 518,7142
335,6567 425,7169
349,493 487,0762
374,4616 413,0856
373,8333 515,8366
360,4247 507,6198
333,7453 440,7719
449,6219 395,0139
336,165 412,9382
395,4564 392,5112
419,8949 498,272
451,3911 508,5876
409,3585 504,764
389,5225 405,939
431,6205 397,2426
413,2936 399,7465
346,7593 407,4433
370,5041 416,1191
379,8986 512,302
409,1001 520,7466
375,1128 520,0694
368,0139 412,5123
357,3703 497,099
384,6745 411,3246
446,0012 512,9443
450,2491 516,5641
431,5788 514,5732
360,617 515,9141
379,0207 516,6427
451,082 405,7487
364,1154 503,7183
449,8027 406,1227
381,1764 410,4265
399,3315 500,3053
347,5366 426,4548
448,4779 508,8018
354,7752 482,4403
353,3601 426,3361
403,4425 517,4413
435,6292 391,4364
389,7288 403,1151
371,5543 511,9649
353,9808 394,621
447,8208 410,261
455,1288 414,6796
441,1415 405,684
355,1557 400,4956
435,8696 504,6255
341,9578 477,442
459,0221 517,1089
390,8705 404,3748
408,9036 502,3783
346,3786 401,9169
333,55 444,8072
366,1669 410,3941
355,8779 435,2866
349,2097 496,7945
343,0755 477,767
401,0815 396,4056
367,3476 515,7348
417,3775 520,5399
346,5789 414,1914
418,9124 509,9783
412,6912 514,5673
342,3636 433,8628
331,453 467,037
357,9415 390,0356
436,3113 396,9449
355,1814 407,4075
356,4517 477,7705
336,0825 511,9694
346,1892 451,9811
398,4049 503,8123
389,2803 401,2052
423,1855 405,5863
345,4578 450,3045
397,8848 397,6989
450,0148 513,0018
365,104 521,8406
435,0147 405,5932
385,1296 500,9505
448,2372 519,4569
369,2774 398,8429
332,5368 459,7802
355,0739 444,8873
356,2904 441,3837
425,7291 392,5346
427,0223 412,5991
345,6982 479,348
406,6829 394,8089
415,4404 507,5449
451,0752 521,5707
408,5014 508,6986
333,6821 512,3166
339,797 458,0412
452,4273 406,4327
411,7628 497,3382
454,8452 517,381
433,7033 509,805
337,0808 445,5017
361,4731 409,0969
354,2954 490,921
391,7643 501,2391
338,9862 426,0693
452,6552 517,0267
459,2322 509,6249
373,8451 398,1115
365,4556 496,1819
349,4401 440,1539
400,9135 405,7385
385,5852 411,7138
367,1846 416,3532
332,5573 496,4449
445,6642 405,6827
347,9389 509,9978
395,4767 406,4169
389,2795 514,3577
389,3672 497,3226
340,9474 434,0801
369,7163 501,1541
348,6971 467,1812
340,3706 466,4597
337,638 448,3468
376,4461 392,9225
446,1649 504,0953
406,6952 393,9061
341,283 499,1273
438,0617 513,2366
419,4518 398,0012
427,1138 506,3129
420,9973 410,5012
332,8205 398,4043
376,7775 519,0227
354,1017 490,6234
433,2879 501,6846
332,3175 463,87
443,438 414,4337
366,2901 516,8451
420,571 402,4698
405,1761 509,1916
290,3425 404,4706
280,5932 436,7477
289,863 455,4793
294,9254 354,0843
289,5843 385,5396
296,3356 446,7236
386,1304 392,4098
302,5132 456,863
302,0141 382,3513
360,6431 455,6942
376,757 460,8385
301,9834 411,9106
363,0719 454,5674
397,4107 455,5764
299,8422 393,694
409,6945 421,018
299,5968 398,547
321,2195 441,6936
287,8772 395,597
316,1145 462,8101
394,2065 404,5638
371,6896 337,6484
405,9708 419,8896
354,435 460,4372
303,2361 375,7414
390,2133 431,904
286,0085 423,5925
291,1696 345,6338
300,9528 404,7615
282,5185 339,3415
292,4551 438,3582
400,2125 395,3314
401,4226 359,1741
287,0246 433,0598
397,6095 351,6575
384,8055 463,8132
281,0089 431,981
391,3204 450,0129
280,8658 446,9641
403,432 397,2114
405,6309 409,0475
397,2684 459,3515
312,9652 444,2194
348,7809 350,5508
383,389 444,669
392,2794 337,5084
409,6021 429,8583
392,357 414,6711
285,5481 453,5073
353,6512 337,9263
294,2879 408,4539
301,0705 376,8951
284,6504 357,0912
384,8444 432,6908
281,1691 348,5339
326,5008 439,2152
291,0528 344,1573
403,7527 407,0788
331,0594 446,3014
356,0111 355,116
278,5977 361,16
403,3766 374,7361
397,002 437,0291
366,2696 338,7349
365,7624 336,8042
285,969 351,557
380,7643 345,4891
324,3768 342,5444
396,6008 363,2597
295,1115 393,3337
390,8824 433,8566
363,7011 341,8833
384,5405 418,2843
404,0995 385,9957
393,2011 453,8312
296,8963 422,3319
395,1066 401,2133
294,2923 347,6228
309,5072 443,8752
391,2667 367,8259
292,3515 361,211
301,5391 362,3055
356,4695 437,9579
288,6848 333,2985
398,6625 453,0321
295,657 432,055
394,7358 457,4606
380,9076 358,1786
279,6868 386,2541
405,2118 386,5586
293,6799 440,6043
289,7986 343,4434
382,4852 343,356
389,8451 411,5223
293,8707 401,9424
367,583 446,7844
398,9921 334,2496
333,2455 346,8712
341,6059 341,7803
283,6234 456,4364
295,3847 455,6574
299,0505 385,9358
343,7824 447,3072
278,2111 338,2163
392,6331 430,6863
392,6789 438,134
302,5649 400,6435
372,1058 452,8313
400,8606 388,3837
348,8922 462,8128
371,9937 342,7028
331,5449 441,5043
279,1936 435,6098
288,9369 434,1742
282,0232 338,0899
393,6418 397,3207
366,1326 349,0223
378,1745 439,0388
384,6506 419,3156
370,9962 340,6339
314,7734 452,721
280,2864 393,7189
402,209 439,0413
323,2877 337,2245
356,9694 452,7325
347,0341 438,8198
347,3381 452,8017
285,0453 427,3477
404,3067 346,7306
366,1259 352,9356
361,4684 333,0304
303,6639 366,7796
284,5814 413,8606
288,5529 399,6509
310,4005 445,1871
310,4249 348,129
387,9284 432,5554
401,6119 409,8553
280,2248 418,3905
399,7593 440,8988
301,4313 352,4155
309,9838 448,0946
357,5451 450,3836
325,8264 337,5162
278,1981 443,6034
295,2706 387,2713
352,9053 339,3268
292,5789 358,7581
308,4278 336,7042
385,0621 461,8616
387,6792 415,5782
409,5405 435,7209
386,26 366,2248
292,3623 345,3357
318,1798 337,6055
319,9293 351,5708
281,0337 414,4752
385,9625 442,9381
383,7201 378,0717
337,7299 346,7873
388,6257 438,7406
381,8419 442,3179
288,5463 353,8409
369,6438 333,1908
392,36 379,1136
401,7358 419,4664
388,7546 416,245
334,9845 343,2685
325,2821 356,7623
289,4008 361,0695
291,7806 439,7917
315,0932 443,68
342,2919 446,6759
301,0065 364,8449
398,9644 357,51
391,2309 388,9676
282,2593 378,4217
361,2558 453,2208
323,884 346,5473
389,491 401,9334
368,3438 456,5427
310,5127 452,3096
282,1465 340,6619
290,1044 449,9712
357,6576 349,3152
350,6659 456,2402
396,6267 461,9977
389,1172 393,7682
403,0796 411,4824
319,73 335,5725
281,5626 394,2245
387,4359 397,5208
383,958 457,9674
302,2427 404,4377
380,4377 341,8751
400,3431 340,8295
298,7588 346,0578
289,3245 380,6016
293,0395 436,5265
400,6181 439,3688
281,151 409,9067
384,2927 395,0201
314,0181 460,9988
304,0398 346,6448
373,6799 353,8806
327,577 441,1884
387,4956 451,0105
341,8028 350,5664
389,4243 388,4394
354,5145 348,3575
383,9073 414,0982
384,3269 406,7647
302,4674 333,8354
300,6371 335,236
391,3455 386,7309
379,2114 443,7156
393,8216 450,6177
309,9176 460,7014
399,4076 362,3815
291,3501 345,6677
398,2335 357,381
333,7687 337,197
279,8873 347,4491
388,2842 400,056
360,8255 340,2236
306,5744 451,3283
294,0203 425,4968
390,3402 334,7887
405,6712 446,9436
301,592 403,9488
340,0279 348,4181
355,537 451,4255
405,9899 374,7418
296,9308 369,6644
300,7249 375,1916
409,8932 359,4974
408,8018 417,6202
366,2976 451,539
341,2433 354,4603
328,2912 460,7674
306,4849 447,7097
321,0752 332,835
280,0202 455,6351
391,7654 341,1065
279,8388 392,7851
324,8734 449,1154
320,7528 441,1715
314,3043 353,7233
403,096 356,556
293,674 353,2231
321,3764 449,1299
292,3558 432,0247
395,6547 373,1946
329,8149 344,5844
392,4649 363,5427
393,1459 452,5133
327,637 453,0458
353,7743 441,9213
398,4411 378,1076
388,7781 424,8017
341,6654 457,79
390,0952 425,9217
335,5535 461,3611
392,0011 450,0493
397,607 405,5242
300,1492 370,199
315,0593 438,2259
282,5257 451,0644
400,9026 383,2216
401,3556 433,4162
364,2932 443,6082
292,167 333,9581
398,015 431,8229
293,2495 398,5392
282,7729 405,8939
292,7301 448,8485
391,0442 377,8344
380,742 448,5887
409,7447 343,1315
301,7429 392,049
302,5685 340,4116
406,1752 374,4197
378,7394 459,6203
304,4863 446,3369
385,7754 377,6846
409,032 362,8458
404,8394 335,6271
303,2958 367,7531
342,1498 450,9021
355,1283 462,2486
314,8554 444,2759
314,4516 463,9777
408,7135 402,6264
285,3468 432,611
351,7931 456,7978
390,5322 438,624
375,1486 441,0986
405,3173 406,516
298,0869 446,7003
350,1994 461,7525
393,9097 346,2071
398,8789 376,1678
382,3432 463,3665
300,3443 353,1974
289,0333 346,8803
358,5365 345,9795
313,4002 355,5154
387,529 399,3641
301,6827 416,1972
286,6431 345,4087
287,7066 460,3889
316,5998 351,6102
343,7486 355,6576
289,208 409,3278
386,3162 397,1283
395,0916 396,9731
387,0321 387,1964
395,0775 386,7142
408,8371 350,8766
383,2971 460,9677
367,2466 333,2486
401,2762 395,6451
310,6123 463,6297
315,9683 340,0193
331,9772 460,2265
369,9847 442,96
339,3112 347,3771
298,5691 425,097
395,4281 337,0789
324,6836 343,2515
393,38 375,8439
384,2036 436,9303
387,5378 352,8815
352,9259 451,4652
322,7034 353,2748
347,0812 345,4418
373,272 461,254
361,1127 340,4069
293,8046 365,7071
302,904 432,2562
366,11 441,7695
315,4018 350,9304
402,7 463,5134
381,8958 438,0584
361,4542 349,7736
289,5428 333,233
279,5403 372,3901
386,081 419,07
297,2261 441,2774
313,237 348,4237
375,9737 456,0161
373,6368 342,6945
318,9521 347,3701
338,0452 451,5954
397,8496 400,6679
389,3625 390,6131
395,7173 460,631
400,9119 357,7746
406,3558 451,089
358,5422 356,44
353,1683 463,9809
384,2461 347,3762
404,2182 410,1719
371,8328 444,8852
395,2143 362,6976
393,452 404,4725
290,943 359,2241
392,4187 443,8721
283,7846 346,5115
331,3912 458,401
387,301 333,5848
303,4564 388,2832
306,1841 451,5629
305,0602 332,3526
390,4952 371,7441
289,8853 425,9744
383,8644 347,4194
294,9249 352,7595
282,9373 421,8574
373,855 455,778
229,0346 205,7287
154,7498 271,0111
248,1442 199,9273
253,0846 223,7839
149,2825 212,5616
185,8394 300,6425
214,3498 310,5756
242,9821 259,7998
258,6922 322,2618
145,9934 214,0052
145,2712 278,0109
204,6502 195,9608
183,6652 300,773
237,0049 288,4202
254,8361 261,05
174,756 302,1473
147,0957 239,4255
167,3928 307,1484
241,0917 214,2154
231,8512 208,337
245,7591 253,4096
146,4536 295,0949
210,7093 197,2299
134,1962 322,1962
147,9605 226,3567
255,8873 257,3844
243,2842 241,268
228,223 308,7397
261,375 277,1666
135,18 222,5355
137,6063 244,4592
172,9235 317,9354
197,4412 209,0316
146,1827 252,379
252,4944 263,7654
237,3312 218,4359
138,9075 318,2031
140,4304 248,1032
154,806 324,0406
170,1531 299,5574
253,9915 298,8575
225,686 320,1148
186,7188 214,0257
205,5768 219,2216
251,4012 221,7972
261,4826 312,4247
243,7591 209,5619
219,7553 306,8573
151,1931 257,7412
254,15 273,2408
259,5425 272,9627
136,2482 270,2508
241,6113 266,7842
153,1576 228,0226
171,5971 303,0965
234,0811 322,8005
186,5113 324,4947
222,5065 306,9748
176,5892 301,2949
140,4057 214,9273
195,4075 301,1787
173,2744 194,5576
232,8766 302,727
146,0528 307,4459
194,3513 207,5052
199,9982 212,8421
231,7301 213,103
236,4391 201,4298
205,5562 201,0449
237,1374 193,2045
253,5356 302,6826
185,019 214,8059
253,7628 322,2798
257,6744 217,0327
179,6346 215,5559
256,621 245,41
143,2851 223,8075
134,3099 269,764
251,3047 258,5111
136,7172 223,8711
245,1248 232,7622
141,9746 308,8762
197,8742 201,1259
158,0503 209,209
159,5008 316,8459
150,2185 292,5106
234,4334 215,9041
149,7725 311,3743
208,916 314,9554
154,913 282,7472
252,2004 287,9943
133,3819 203,324
242,2342 238,1353
241,0515 307,4158
140,2975 256,7863
155,2011 292,3374
140,376 208,214
188,747 308,284
168,5751 303,9061
151,6689 278,8613
142,5959 271,1182
146,0922 286,0885
144,839 234,9159
152,2427 320,6131
242,1099 260,0361
248,5279 298,2454
143,0817 232,1463
211,0059 213,9475
236,6318 203,2384
152,1815 278,2549
235,6632 201,8544
234,438 312,9103
149,0886 307,4361
243,8628 205,672
135,9423 211,3333
257,843 316,8446
132,6486 296,0462
155,3251 310,9688
160,5928 209,4793
255,8378 308,243
238,8628 313,0839
138,2776 314,0445
261,1715 260,7971
261,7444 218,0533
210,6329 312,9631
244,9431 277,2166
137,2974 205,2451
177,7539 305,9334
216,4775 317,2357
217,3278 321,4179
177,454 196,8019
146,3251 212,7115
237,2614 322,1772
154,299 279,3671
241,7598 281,3799
155,9871 275,856
257,5707 307,6327
137,9026 202,0172
151,2241 225,3915
156,7351 317,1823
135,4062 279,3251
135,2939 231,6538
131,2089 254,8756
258,6652 248,5529
151,4875 261,3324
130,271 256,1538
151,532 203,2825
249,9366 248,9078
202,3064 311,4608
133,1753 288,332
151,5742 278,4947
131,6728 212,5955
154,2201 313,393
139,867 194,9889
186,6909 210,1174
190,2034 199,7982
131,259 200,4985
212,9625 310,3513
141,3503 205,8859
138,2374 318,6637
252,3861 246,7829
157,2606 218,3326
229,932 308,2538
130,6635 295,9652
223,8875 193,9876
167,6359 198,5788
189,8132 206,542
203,9792 306,8192
141,9559 258,9667
260,633 200,3677
186,7582 217,732
218,051 316,6935
161,818 309,9847
228,1809 309,8088
256,6556 312,0566
189,068 213,2313
137,5096 287,5241
166,155 319,1853
130,6199 294,3761
140,4052 297,2317
214,6254 199,9777
251,1398 311,0667
187,465 201,8672
154,9734 302,9729
242,6109 295,5327
165,0822 208,7318
250,253 248,9823
134,6431 268,2514
183,7679 196,8144
156,0131 298,6987
213,2332 309,0086
255,4751 240,2542
211,3617 211,419
167,4851 215,5283
154,0417 273,8088
253,9249 320,7534
137,1763 278,6726
174,5263 304,6399
195,5909 323,4974
208,8314 213,0292
146,7658 288,7871
175,1032 214,6935
222,225 313,3214
157,1987 316,7378
170,1955 204,3445
178,6025 215,7165
252,0432 220,7904
245,1826 245,878
141,964 203,0258
179,5062 204,4468
141,3466 266,1879
259,427 309,7077
201,0748 195,2153
136,2902 279,8535
203,0745 321,8679
206,4579 323,5155
144,3789 203,6734
230,8673 213,0328
180,4645 309,4514
252,6524 208,6414
153,8151 276,221
137,4007 196,8371
240,5679 242,4137
257,9923 240,9192
257,4127 250,3111
258,2706 324,7503
135,0432 193,3386
182,3613 299,174
247,9828 240,2256
252,3727 294,8698
207,9272 211,8872
260,5091 265,5493
170,6849 316,8674
185,0388 214,6023
136,6788 228,2775
196,3223 320,3008
260,0435 237,7386
154,2384 285,4272
149,849 313,688
250,5444 282,3249
205,8509 195,9261
154,6976 314,6782
234,9583 312,1597
235,9772 238,3025
133,5144 278,3871
131,3013 268,6948
159,3619 198,1496
171,1134 314,5012
170,6393 310,5529
148,14 198,1692
177,0215 213,6871
233,9969 212,1378
259,5462 278,1929
146,2133 303,8997
223,998 305,2936
156,3076 282,4023
246,8514 194,75
183,2268 321,5142
143,9 202,7584
231,9779 214,4427
225,2078 218,2464
237,7193 199,6823
135,7695 231,5141
243,2208 311,8407
150,0961 215,0735
246,4623 206,7889
193,4271 319,3105
228,8051 320,6907
254,6587 201,0557
155,2102 198,4841
256,601 283,4014
136,6859 243,2647
223,2307 305,1428
173,4659 319,9757
215,5679 215,9553
147,7947 218,5615
236,9135 208,5833
250,3752 227,0229
246,2494 195,0069
133,2874 237,55
258,4165 299,1081
134,1646 270,293
256,1047 239,9932
208,8431 305,9948
157,7196 203,5488
149,503 314,7475
145,0293 262,647
146,2209 213,9886
258,6038 250,6658
137,5329 235,5036
215,0098 193,0454
258,8957 291,6647
200,4237 197,1364
136,288 288,7117
130,2803 238,3356
151,2588 203,0427
233,8813 310,1094
246,0833 255,9047
211,5067 307,7735
239,579 241,3233
152,0491 269,4068
245,4735 270,634
212,5065 304,4777
155,073 248,6712
172,1267 318,2901
132,8592 293,5998
150,1121 280,049
152,626 228,6713
194,6097 303,1011
260,4496 269,0354
218,522 320,3857
245,8681 282,4936
234,1366 305,5937
191,5276 197,3947
223,4819 208,8026
187,1941 324,3775
239,4462 246,7878
183,7581 196,3669
254,8885 289,6022
147,1107 319,8838
237,5442 195,7471
194,5229 217,3118
203,3236 308,5117
142,8616 235,6984
259,2921 243,9603
190,4914 323,3356
148,127 283,8755
181,7964 315,8437
182,6721 208,8107
259,9147 308,6808
144,9058 236,5513
243,9876 299,273
146,8508 222,2219
187,0429 317,3034
244,7473 230,7825
135,4762 242,0223
240,7725 239,2986
154,9821 215,5954
169,7902 307,37
225,1405 321,1652
139,4734 309,8237
247,2101 209,6003
223,5427 314,2146
175,9179 303,5599
198,0386 300,2304
239,9604 276,246
237,3024 194,4232
243,621 226,3007
211,3394 200,5261
232,4902 210,5576
154,859 261,91
130,158 285,0165
172,2447 301,112
181,2206 324,1683
179,2899 303,2193
250,9608 251,3221
139,0241 198,0352
189,0404 324,2138
210,6464 300,8692
154,0849 220,9761
253,1088 304,0819
158,0489 202,8801
144,6802 267,8748
135,3722 284,0244
242,5236 288,8057
253,0718 243,4925
154,4386 314,5003
193,4509 216,7639
245,597 212,8682
172,8767 206,2475
238,1877 240,3824
192,3265 306,4247
257,9018 278,783
139,9511 275,8839
246,298 281,2661
185,2781 203,8658
164,1441 203,742
216,9055 308,9887
145,3663 270,0851
134,5277 306,3695
257,0645 398,3032
232,6311 477,9297
240,7537 386,3978
301,8749 412,6321
235,9355 389,803
262,3501 502,0576
306,0978 476,5033
251,4748 383,2445
326,1098 430,5679
205,7463 461,0238
304,3054 427,6167
204,5199 447,8357
280,7458 393,9609
255,6619 388,1408
210,9352 422,2257
223,9544 457,2526
315,0732 410,0417
274,626 393,3729
245,031 501,0831
314,8569 472,3958
223,2626 493,5908
270,909 507,4823
308,2316 428,8923
255,1271 491,765
318,6944 453,3673
222,2011 444,8799
319,8748 473,8145
217,3081 444,4025
296,3227 480,7308
236,0835 409,9927
298,3573 393,6457
305,7265 477,748
265,8705 497,983
247,7217 406,8847
312,8817 488,1711
313,4103 461,4869
287,6819 400,4184
306,3984 435,1572
323,1503 441,0543
240,8255 507,2159
216,3289 458,4121
284,2737 411,5433
299,235 476,4617
230,5299 495,1163
315,2512 484,1748
317,8076 421,7467
213,6324 468,035
276,1777 391,0585
206,017 445,0758
309,5572 485,1903
199,9638 437,841
205,808 452,711
311,5317 417,9496
284,7358 391,3009
247,8703 383,9531
266,9178 387,0642
218,4569 484,6031
226,3306 407,8959
284,7312 489,9527
203,6414 454,042
309,1824 441,0446
262,507 387,7537
228,705 394,5306
259,652 392,2812
316,3417 450,1002
220,9946 475,8963
250,0723 503,0356
253,5799 381,5728
306,6762 443,862
298,1059 423,6054
295,4016 421,7228
234,8576 490,7817
290,6239 396,9823
198,1008 457,9191
262,0663 391,7676
267,5318 507,4684
233,317 480,2413
310,2004 484,3353
207,983 432,6418
246,1974 403,0373
256,949 491,1895
217,6377 400,4765
307,3831 465,1933
259,995 498,2754
307,1004 479,2121
242,1843 490,3542
228,1945 406,5223
214,8386 431,3512
247,5174 499,4702
230,9718 477,3137
313,4184 410,5727
316,4779 408,0306
259,5185 506,3741
254,3688 390,676
305,7437 422,7807
322,6913 470,5859
241,9972 398,4013
313,7904 423,0326
220,0057 472,8381
295,3756 414,9942
205,6952 425,1285
304,9343 403,609
217,4103 479,3121
224,0427 419,2108
220,5677 419,368
218,7288 426,9278
325,0208 429,7113
217,917 403,958
228,0977 420,1519
310,2827 463,0028
300,4124 493,0043
308,8783 441,158
198,6256 442,2154
246,1538 407,0717
310,2098 414,8646
293,936 398,8842
204,1925 426,5508
279,0721 387,2281
319,2522 448,152
255,7595 505,3384
226,4102 475,6885
306,4611 426,132
232,9423 395,5586
297,6199 500,1534
262,7891 383,5963
304,1212 457,0082
286,6055 484,9602
231,725 401,3118
224,348 472,0886
288,7589 404,0453
317,5327 424,8277
225,8535 398,5075
287,2708 392,3304
253,5649 404,731
318,2599 470,764
229,494 502,0336
221,1954 416,5602
324,9684 453,9225
235,3449 407,3994
283,8741 408,1239
256,6202 403,6986
274,3329 496,6809
218,9177 481,2667
294,8474 389,8998
220,5509 451,339
283,3294 393,2867
276,3275 403,6424
249,5795 498,3065
299,8967 398,7506
309,7432 467,9471
219,4523 426,9836
320,9929 431,5609
227,6743 407,5066
315,3062 423,4079
209,9347 444,7535
292,4168 391,1481
251,4705 486,1006
326,6242 452,7163
242,9642 393,0165
282,1326 500,6019
204,5018 449,8538
218,401 398,3372
266,9745 500,2666
222,7269 471,3791
261,407 486,1147
259,7765 487,5362
219,255 481,8801
272,3736 489,2825
219,0112 409,0939
287,7623 396,0059
238,7429 385,6086
249,457 394,4713
311,2565 469,9254
299,8728 420,4487
251,6795 405,6436
307,879 445,567
226,1632 462,2276
310,5548 412,8637
305,8019 495,3805
256,9192 486,1402
303,1956 418,1586
238,7778 407,0338
242,0271 398,9439
306,7598 402,8204
237,2284 486,0933
248,3837 487,3182
288,3323 408,194
220,1145 439,2411
241,9681 387,8201
289,3799 483,7216
207,902 435,0074
228,4491 501,3868
280,6135 396,5754
210,3616 424,9223
301,2923 394,0216
214,9033 456,6403
318,0815 410,6123
291,0948 485,6291
219,7771 440,4682
244,5968 410,0605
282,5831 395,7719
313,4922 420,3331
320,3873 446,5384
314,8107 426,1431
271,608 500,2935
272,9904 388,1364
275,0235 506,2455
308,6905 424,4834
225,226 461,6998
233,3002 392,2807
262,5102 504,6876
232,6918 472,1703
311,2818 471,4632
320,3104 423,2276
268,8857 506,4933
306,0566 450,2278
309,9753 400,1383
232,507 402,1907
300,1051 408,6023
316,8961 458,3474
261,5365 497,0951
230,5511 470,1175
282,4307 497,6599
295,3189 499,6427
272,0601 485,4114
231,4895 392,7382
237,4086 503,2154
257,4211 402,9051
307,1988 400,5925
300,5479 485,2971
223,8498 457,5277
237,7614 491,9998
218,2108 429,531
234,8915 497,7694
266,7551 382,921
225,5905 496,7472
268,9556 510,9311
292,4485 497,4884
224,4117 396,2542
306,4388 474,7619
313,5962 430,8839
216,4513 442,9048
286,2569 388,0223
316,2244 425,768
242,9716 482,7111
201,4287 457,0337
292,8699 472,0923
216,1015 412,3932
297,957 417,8375
222,8587 439,6874
223,934 485,7611
239,9753 496,7931
303,6225 449,4491
200,699 454,4367
315,885 449,4827
267,4323 489,5307
209,6664 459,3794
207,8143 412,611
232,0465 390,085
220,7684 465,095
244,7189 496,371
205,9126 435,5879
304,0108 442,4605
318,5551 472,3338
319,7964 459,7921
298,0236 414,4553
270,3323 386,0898
271,1532 487,4295
238,44 411,7011
288,9844 477,367
289,2445 484,4256
274,2539 396,4972
311,5456 413,839
288,568 385,4482
299,3547 472,4767
317,3965 444,8498
214,4221 435,3515
239,3135 481,3015
315,457 415,682
214,54 433,9346
216,9702 414,4891
200,7146 466,4566
212,4271 415,1741
258,6219 498,5296
220,23 449,6136
325,9125 429,6953
300,9172 468,8605
239,7572 404,8302
298,3461 423,8148
227,4591 500,5862
231,8299 411,7654
224,3253 495,8732
233,8445 418,6058
289,9538 502,9241
219,8738 444,4078
224,5967 429,6684
279,6925 503,4642
226,9008 482,4992
210,0171 407,0195
256,7977 511,4669
320,9751 435,5567
245,8902 481,9629
295,4577 475,5289
325,8907 464,6674
283,0121 389,9789
263,2897 386,4703
229,2251 395,8652
207,9856 451,2621
302,2118 429,4932
235,0511 501,3762
236,643 404,1665
294,6926 499,6852
285,7438 388,8194
288,306 499,5803
239,4732 411,8632
206,7695 475,3248
234,8836 389,1804
216,3416 402,8856
314,5986 411,4506
245,4385 498,7449
231,9094 419,4745
254,9702 504,7994
289,5417 495,5581
273,7538 395,905
210,4565 460,7773
233,9751 485,9317
309,5526 444,2146
222,0725 487,084
212,4744 427,9852
212,16 485,9842
285,3073 391,6234
298,5505 489,3845
247,7526 505,211
313,7154 474,3386
292,334 393,9808
303,1997 401,7056
269,1331 485,6848
220,8017 434,6474
303,4387 446,3533
275,1237 407,0543
259,7873 402,5989
214,6868 406,0599
316,103 422,5677
272,9753 394,9752
230,9482 491,2166
263,3831 486,4078
236,7237 402,8776
211,872 476,3776
204,8668 433,4417
258,9997 395,9129
300,202 421,003
223,6398 420,5182
279,7241 485,385
277,6892 389,185
209,733 474,443
312,7733 430,5913
213,6873 476,0217
247,7305 489,9756
325,1277 465,77
256,4303 493,7215
201,8974 423,1059
252,815 391,484
307,8694 465,2329
228,4489 418,656
321,2322 467,0776
282,9581 395,362
214,0469 417,0525
328,6046 441,8112
309,4553 418,301
238,4952 501,3516
251,0081 497,3744
229,761 470,816
214,6487 458,3128
292,6861 494,833
289,1264 401,7589
213,6732 456,2838
242,1777 494,5019
326,9154 434,8644
277,6253 401,4693
310,64 470,6866
523,1077 374,6215
504,7991 261,6998
540,1114 392,2917
500,9135 389,5198
576,2626 320,3804
497,0724 273,0325
534,5133 380,7427
544,0589 363,3082
474,5718 286,904
483,5578 266,1798
513,622 237,7361
522,17 224,2272
488,2765 331,6831
523,8422 224,2821
565,7317 350,2179
511,4338 232,6441
573,1934 295,3883
495,5608 265,4845
583,6893 295,3293
540,2601 252,7703
548,0483 234,6224
569,76 336,7599
535,131 368,3841
559,9445 247,0497
493,3765 355,7604
477,5759 351,0235
481,06 275,4746
467,9922 309,8499
539,374 262,4086
561,2406 294,8583
497,1843 256,5412
472,7666 344,0536
559,9917 359,3597
571,4255 293,5656
510,4471 261,9312
482,1074 326,7235
474,2675 266,4279
481,8664 336,808
501,903 270,824
581,7213 303,1357
524,238 380,8054
514,3657 387,4174
484,5639 263,263
526,8357 392,7062
564,0105 262,4637
500,0773 245,2183
554,0156 376,6724
561,671 266,4348
533,9714 362,3311
475,1663 319,061
541,4035 242,7573
562,0101 328,0042
543,4473 229,6953
534,7702 239,9437
560,1817 336,663
550,9543 364,3229
535,249 240,5416
470,001 293,8709
531,65 383,7396
563,0837 312,4597
544,3981 231,5031
559,4618 256,7213
471,8926 297,3043
519,1138 365,7993
544,2248 372,4593
514,8906 393,7472
505,9891 372,5686
559,305 342,6499
546,6266 378,1397
486,2683 284,6068
532,7969 364,8907
560,1351 340,1473
540,9277 250,5163
483,5027 346,0608
548,8927 386,6507
551,9441 274,973
561,0906 350,7362
546,129 257,0821
581,9547 302,744
546,0237 356,6552
554,2104 245,6802
521,2529 227,5918
545,5992 364,0777
539,6589 258,3041
540,2918 364,8744
514,5104 230,0246
559,8058 290,0897
483,9438 294,7914
558,0446 283,572
543,0874 360,5746
501,4918 230,6877
483,8001 365,7733
515,3177 229,7469
497,5166 364,3762
529,1493 373,2609
569,944 342,6603
542,5185 244,2729
488,5799 361,6512
560,3853 331,8051
488,2973 321,9859
535,496 369,6491
489,9441 272,7722
485,2622 346,2159
477,4589 352,004
569,1556 289,1617
477,9376 344,1574
534,8509 393,5789
499,2691 348,9411
512,9298 237,6045
547,9565 269,0834
493,5714 281,4942
485,2618 367,649
519,3429 366,2376
563,3819 354,4921
568,4763 335,4343
499,9217 373,7858
530,2932 373,232
555,3548 247,5894
510,5535 238,7995
533,2421 257,1835
497,8008 250,5667
482,7521 250,8938
548,2473 390,6342
493,5106 274,7808
566,1113 293,1918
517,3452 243,7957
488,3705 286,1804
478,4194 296,2192
468,4806 321,7805
508,1308 237,8828
570,5794 281,657
545,7119 386,5241
502,3597 235,5018
568,6379 293,4936
479,8278 304,7358
564,3103 309,2696
569,8403 267,9485
522,8102 226,4698
554,8592 378,656
487,0933 282,9013
504,7276 258,448
556,1891 282,6051
526,354 390,5184
513,7443 240,046
483,708 279,8077
573,1048 357,2947
501,6385 379,1488
467,2377 328,3572
566,3446 307,9111
514,6504 380,4224
538,8045 385,7954
483,6041 348,2424
578,1357 307,877
513,608 245,9495
561,1504 271,7519
501,6862 385,9555
532,3919 391,389
570,4255 260,6299
476,4364 294,4108
552,505 349,8571
480,2045 291,6855
571,2818 303,521
483,1705 258,3147
531,8128 389,2326
560,6372 327,4525
477,3538 278,4963
515,5498 228,6098
509,8406 239,7619
502,7802 382,3834
488,6402 315,8534
486,0041 309,0048
526,1731 241,8766
472,495 310,6983
496,1073 257,1664
546,8103 236,3121
574,3473 312,3081
517,1657 250,5146
475,6975 285,0106
502,9097 250,1954
569,6316 368,9857
562,5724 289,1045
472,8212 287,5682
556,5362 262,1779
491,6723 370,9644
548,0014 259,6167
488,5025 289,196
559,7701 353,4667
565,2841 348,1168
495,7118 346,3245
564,919 290,0769
500,4204 272,3828
568,876 324,5862
565,1099 249,9004
480,8708 265,1015
482,4255 295,2925
511,8265 241,096
533,6564 232,5762
534,7968 368,5294
507,474 381,1035
578,0052 318,4209
479,921 287,6908
569,8501 280,7378
490,8259 336,9916
571,541 329,1608
503,8056 364,4155
502,9155 261,7841
483,1938 311,6648
497,9433 349,8105
545,0304 229,9083
544,2672 380,0296
578,8594 334,4972
506,2191 364,3626
487,4953 332,83
542,6831 393,2636
570,1329 269,4178
479,7198 360,8874
561,2732 361,8468
510,2241 258,0388
498,402 358,7224
568,6783 302,9117
481,1157 259,4675
542,457 235,4463
480,3611 365,5955
552,2311 348,2676
489,5112 278,9497
564,8673 285,2089
476,1759 286,3137
528,2137 230,5974
488,0156 357,6015
477,4428 344,5492
499,771 240,0372
512,5821 378,3849
540,1161 262,1261
504,1485 373,0247
483,0174 346,8722
537,9479 372,9318
514,4436 376,4123
482,8632 351,8122
492,9172 262,2803
561,6041 306,0809
477,9712 355,1396
527,4154 233,7697
525,5612 230,0681
570,7368 331,0606
553,7357 355,2579
522,6837 388,6586
486,3649 349,1189
570,808 365,69
568,1546 336,4967
527,3053 381,1869
534,6417 372,8377
485,5337 247,0148
576,2893 329,4355
525,556 257,2618
566,3816 266,296
568,4038 306,2953
551,8598 250,6251
504,387 242,2747
560,0676 243,2117
546,1228 255,6233
496,5713 356,1904
505,1404 233,5087
582,2455 292,6989
509,5661 393,3861
472,9186 278,1001
493,6057 236,4624
490,4952 331,2946
565,1529 249,8019
536,0538 254,9798
564,7652 253,6436
477,1489 360,987
478,2408 355,2957
469,1285 304,4172
546,0201 356,225
469,6616 320,588
562,7158 375,9852
538,6585 261,4234
492,1227 353,5931
493,8029 346,5821
528,6628 229,762
504,8428 263,3869
566,2579 339,3703
556,4954 263,4176
476,9774 305,772
536,3928 375,1671
564,8336 267,6485
487,2097 250,6267
545,7107 230,0729
553,1188 362,4192
498,0395 255,3906
564,8414 289,1862
502,4594 242,8707
555,9266 356,0033
565,1753 307,0707
566,1543 269,9656
480,1948 340,6381
574,3979 303,5243
489,6108 355,7298
532,2355 392,7545
477,836 357,6409
482,7004 299,9268
551,1162 246,618
554,131 244,2963
528,3914 374,8873
492,311 241,7187
475,0764 345,4335
583,4608 312,8396
546,799 241,1872
568,3439 289,9643
493,526 273,194
509,8357 392,5092
520,2274 394,7418
564,5551 345,6929
572,95 271,1684
544,1089 233,1188
573,8431 328,3982
490,3714 365,9556
501,5594 236,5991
525,9241 386,8348
566,4566 335,9643
565,8373 260,842
492,3439 246,4632
511,8204 384,2583
560,7154 348,9885
577,2705 312,7303
475,7118 321,4725
524,324 248,8754
580,7421 296,5529
474,867 320,151
562,3435 324,4276
491,3069 279,362
489,5276 282,0531
511,8866 261,2639
551,3667 350,0341
562,7763 314,6181
529,3385 252,4754
526,0088 248,3747
484,3432 294,2423
568,4253 307,1004
480,2705 286,5464
562,3844 262,7535
575,4174 282,4363
577,4338 345,529
497,1805 375,1001
541,6909 389,2216
552,8712 272,2429
573,5929 289,47
554,2477 253,0605
554,8111 267,5307
558,9444 358,25
518,5968 377,5865
554,1316 354,7769
567,3734 289,1419
481,0581 264,8639
568,5154 313,4346
563,1418 257,4363
577,1981 355,7583
512,3568 242,5451
472,9119 346,3691
487,4128 267,7565
509,0629 263,3444
546,4906 391,4693
497,763 275,5598
504,8083 360,3846
562,3513 360,2557
548,7063 266,0689
569,6891 335,4005
542,1776 359,6674
522,9739 394,8714
527,9601 369,1191
545,4407 232,553
568,7561 354,3861
488,7273 342,9035
573,8764 305,2828
496,4514 346,8567
482,9671 294,7238
511,6531 382,5068
533,6198 387,5837
525,8224 245,7347
525,5458 375,634
443,1571 501,846
497,0692 405,0545
455,4694 457,9938
508,8656 502,8278
496,0965 404,9553
437,6528 471,1325
553,7956 492,4218
507,2789 401,163
542,4977 489,9152
431,1932 475,6962
510,6055 491,1989
509,9803 493,4671
452,6692 464,1648
455,7615 444,6936
437,9073 480,0186
494,4614 406,0485
470,1612 502,9596
454,4407 434,563
528,0476 491,4632
476,2085 500,9866
545,4724 507,1692
519,7054 506,428
434,7116 471,4958
483,7693 405,0727
491,8203 395,0525
432,3674 387,7959
430,5875 451,8116
433,2482 435,5712
441,3365 398,8802
435,3199 434,7792
511,0149 386,4852
440,5061 400,1818
458,8005 387,2477
451,822 511,7488
459,2809 494,7661
530,2481 402,6472
455,3161 467,2341
484,5169 494,9731
445,6475 419,0331
551,0659 494,9095
451,5795 417,9606
520,6435 515,8654
561,5199 396,1208
483,555 405,9855
443,1154 439,1657
435,9424 499,8356
524,1109 410,2975
438,4017 428,4465
558,6268 389,2773
540,0328 500,5217
480,3142 403,0032
494,3696 498,2961
532,6686 393,752
485,1347 491,0816
438,2237 514,3068
465,4586 396,7668
446,4667 489,1344
444,2796 487,1163
443,8715 405,5917
440,2375 444,7615
430,4148 484,4286
538,9449 508,993
466,7474 389,3663
487,7633 512,8206
539,3718 512,8393
455,9812 460,6854
445,1329 468,9594
444,6647 493,2941
483,1653 407,9914
513,6684 492,6356
450,5396 384,5059
478,4954 394,7878
483,1233 492,1601
514,2224 508,0978
545,7032 511,029
450,3086 492,7901
482,1814 396,0728
490,7827 494,1831
499,1059 503,0303
476,1838 400,8777
487,0071 499,4034
553,8536 491,1443
482,2237 499,8962
439,9404 442,7297
435,629 484,0611
430,9318 447,3282
553,0737 515,605
489,5118 392,685
436,5548 410,784
442,5785 451,2543
540,2443 505,6811
479,2223 515,1293
452,7385 391,8549
452,4903 493,8515
536,9711 408,8743
453,7376 423,0356
449,7023 447,796
449,7923 504,1046
439,4592 424,4068
515,5345 400,2135
475,205 494,983
462,8534 492,091
460,856 390,2515
443,2237 423,9151
489,1104 491,158
482,1514 386,7272
436,215 470,6264
556,407 395,1426
456,8642 514,8486
527,5295 396,9518
438,7436 463,8454
441,1075 495,093
561,9247 399,0682
546,2555 410,267
439,7339 406,362
454,8435 409,9668
478,4266 513,2252
441,068 418,2785
459,559 393,6305
496,0059 500,6894
432,294 433,7659
432,5562 459,9957
528,4193 393,9878
457,1281 399,9665
542,2005 385,2784
509,2701 505,3803
504,3082 399,5358
458,9665 505,8169
449,9825 468,5004
461,883 493,9676
433,9062 456,1273
521,1644 410,1359
503,4142 395,9678
438,6812 434,8127
453,2448 510,9195
473,7431 505,3736
514,0753 388,2346
430,9927 492,805
524,4357 409,4293
442,8661 419,7733
545,1531 390,5282
475,1113 503,6506
519,5292 496,3458
537,2749 497,8691
547,8271 506,4592
438,3379 490,9105
453,5089 402,4888
525,5512 506,8885
442,7135 396,1125
442,1905 451,5953
464,8279 507,1062
504,6449 513,8502
437,9665 414,5495
451,8019 467,2021
555,233 501,0679
523,8363 493,3722
492,4477 501,4683
445,4242 394,0216
481,9938 397,9307
453,999 503,8305
458,8742 492,427
550,3968 505,2639
449,4104 404,3977
444,1689 425,5581
484,8297 405,723
446,292 427,435
454,2198 478,198
449,415 425,6577
445,0325 475,7613
558,9624 394,291
439,7503 470,4484
445,4596 433,0189
438,1778 451,5588
549,2272 505,511
517,6612 489,8595
483,2352 515,6441
535,0399 387,0722
479,504 394,9354
446,5222 444,4013
496,0685 513,4551
441,4475 446,1053
445,4 461,7882
473,5208 513,4337
452,0638 478,2528
498,267 400,2408
450,0838 513,9275
447,9295 430,48
519,4699 502,0458
452,5985 464,7326
550,5355 497,0632
525,1008 407,9196
454,5894 474,9328
550,4438 508,4566
555,7815 408,2369
521,9465 502,2989
439,6663 484,3721
503,2963 405,7783
474,1533 401,9774
449,5602 485,9942
438,2394 473,2507
527,0031 509,1475
440,0084 504,8688
479,695 502,1319
458,2133 510,653
465,6678 495,1705
450,806 458,3349
467,4658 406,5738
477,246 401,0368
480,0779 407,9174
543,5197 506,5519
444,1608 387,0327
546,0888 507,768
453,4183 458,4799
450,8159 508,9947
524,8953 384,4604
445,0555 472,4807
432,275 428,8032
509,0714 392,4469
555,8344 490,9636
473,974 398,5324
443,43 484,1403
442,6016 442,3241
525,1039 509,4083
515,1216 392,4217
556,3445 390,2097
458,8612 506,9777
518,2223 498,5945
446,7645 407,9523
504,7092 494,4418
496,2628 503,4388
532,9477 408,4367
435,4705 432,0561
527,6152 394,9211
492,2713 490,4534
467,0975 501,7568
459,5472 385,0424
474,6192 494,4765
465,1737 498,4537
548,4699 495,5827
532,8927 401,1947
481,8956 490,5388
494,1757 507,5067
526,1871 514,0613
496,177 407,761
447,6426 414,6315
531,2552 495,5527
430,2947 412,5235
546,2897 394,4496
492,2855 398,7954
544,7589 392,4254
440,0952 507,8214
437,4485 391,7813
450,5278 446,4366
554,2986 509,966
550,9214 504,036
445,4236 515,6936
452,1945 467,0788
443,2274 433,9603
512,035 397,1337
437,3649 499,26
539,0324 509,6851
450,1013 437,7078
460,8054 404,9714
468,9735 386,9169
480,1878 410,1438
497,5975 508,6296
554,9123 406,0456
536,03 493,3627
481,5414 400,4082
537,7211 406,0575
532,9769 410,3244
464,6278 512,8696
473,7665 393,4908
529,5475 500,2732
496,9325 512,8888
431,2846 396,3553
463,9485 391,4417
479,586 396,8336
535,4105 388,6382
528,7213 403,5225
470,538 399,9783
478,7214 404,33
444,9629 445,1349
454,7796 416,6687
545,4021 407,2888
457,2308 392,7649
488,2676 395,3468
556,4894 410,3405
431,1317 450,5179
493,9697 396,3083
477,48 496,2311
439,4605 470,2278
548,0526 387,3588
450,916 500,2569
478,8755 389,8407
455,3525 496,7483
504,2145 384,3914
552,8124 409,4823
473,7817 513,3324
453,5115 394,4975
444,6051 392,4819
543,5113 506,6233
494,7925 389,7737
533,2914 515,164
552,5527 403,0957
486,8763 396,3375
465,8162 394,5322
503,257 496,6158
435,923 428,697
551,6904 398,9982
551,8789 399,6223
455,5953 470,1838
482,793 400,0325
445,3089 395,3725
449,4292 403,6136
553,7491 506,3397
449,277 398,5657
507,2123 512,3759
517,215 496,4136
499,7638 406,6882
552,0334 392,1792
446,0212 395,3884
520,3935 498,3115
549,1457 399,3281
550,1131 395,6107
503,7764 509,2614
443,0909 513,3594
550,0853 386,5946
452,3359 466,4266
470,5899 406,6748
442,572 476,2003
433,8243 384,9886
503,3427 400,0211
517,6723 388,0618
561,1113 385,15
542,6364 511,9216
517,6103 500,3084
526,6588 507,309
532,3186 397,0533
515,3208 514,6336
455,9695 482,1637
443,4388 479,5987
474,4222 395,0268
560,495 397,8774
445,4138 482,7618
529,8605 490,4419
531,7182 511,2162
450,4739 486,7534
495,7175 401,7108
455,7374 470,948
445,2118 465,1014
496,7319 499,4283
451,5884 475,8805
435,5327 398,1499
550,4666 492,2197
467,0227 514,4476
479,3489 497,5429
441,5476 500,3726
456,1656 470,2362
430,5859 503,1752
559,7818 390,8968
435,2663 442,3712
430,2878 475,8655
433,5345 464,5981
440,9614 415,8305
487,5623 513,6652
442,8566 415,0663
471,0211 514,4165
476,9401 387,637
455,6689 507,7862
461,3171 503,1912
441,0143 420,0865
452,1563 465,359
496,8248 501,217
545,345 508,0298
495,8738 401,4699
536,0887 507,5071
489,8706 493,1001
438,5628 513,2211
474,286 496,3876
210,9686 488,4977
117,9944 376,2071
214,3321 421,6523
200,3924 412,1425
108,0013 466,8779
90,8361 452,7945
145,8848 380,6423
96,9122 401,4714
193,879 373,7847
206,4319 412,3564
213,1785 502,9143
88,5438 408,9152
211,9164 453,1294
103,9315 487,3355
185,4331 384,3982
90,4284 427,0664
145,0248 383,1251
202,5835 442,0844
199,8834 403,8666
110,6684 388,2832
210,6186 498,3581
205,9066 487,3362
206,2718 427,1689
165,7253 396,6714
187,1728 383,7843
194,8108 429,7891
88,727 384,2511
181,9423 372,143
203,9803 450,1791
91,3377 448,4277
99,3967 441,1337
203,0496 467,1875
118,9503 391,3784
207,4775 425,1425
96,8916 424,2667
113,385 459,1069
162,219 377,9255
103,5284 432,4574
206,0251 419,3185
97,1829 445,6319
101,9773 401,6868
89,2586 386,5701
95,0958 423,3582
133,4513 373,3778
215,3266 442,9106
89,5826 425,4694
97,2302 470,655
136,3048 392,2801
206,1403 376,5594
113,8727 430,6033
112,663 434,0095
215,9384 456,0441
89,3226 399,7439
105,9234 414,241
185,7059 378,1295
212,7812 441,3135
188,7591 378,9572
104,6918 397,8197
90,2377 451,384
101,6866 389,0511
113,5165 502,3431
164,271 389,7947
90,454 445,6832
218,3943 458,8225
106,7105 388,9671
144,581 372,7218
198,9816 419,7983
117,8204 389,5434
150,2341 385,7026
88,2958 383,9655
196,6083 396,6905
132,0647 394,2438
205,7034 470,1612
156,9029 397,5777
200,762 440,937
113,8566 494,0101
210,7184 471,8254
217,211 388,2901
111,4834 428,8595
208,031 489,2018
99,205 483,3226
101,4829 403,2767
211,6424 478,4266
128,6821 391,4518
102,5371 496,2408
101,1388 397,4895
173,0326 393,8718
177,2914 374,5446
128,1808 392,1103
101,1585 459,8001
195,5321 403,9706
94,535 407,0751
217,7814 401,7975
217,2248 470,9783
196,7371 466,295
179,7505 380,6932
214,9679 420,8265
97,2553 489,5662
156,4616 379,9829
88,6275 431,9235
215,9142 386,8494
108,7414 440,9931
102,9289 432,2371
211,1294 489,8034
215,2177 490,0877
208,7376 477,4151
118,3561 395,0915
89,2839 471,0361
210,4723 472,3591
195,1131 476,4764
162,457 392,2681
210,8758 493,8021
214,8686 451,0204
99,3842 436,4616
105,9117 466,352
98,4363 470,9425
166,6998 389,7294
210,3283 384,5547
108,1365 500,2572
110,2156 491,8594
135,6497 376,8849
106,2525 466,338
95,9445 458,4892
176,5505 380,5925
109,2459 396,762
214,0672 402,0545
136,2421 395,725
96,2824 491,1159
204,4853 405,8432
157,7341 381,6921
165,7242 396,611
208,2771 376,7619
204,9586 436,8526
147,5455 379,3485
154,637 384,0173
198,6955 425,9798
102,4018 405,7433
207,9019 435,0511
104,5781 487,8845
208,8162 474,7051
97,7048 387,984
99,3315 448,0809
99,3937 465,0554
196,8043 436,43
203,5594 457,7783
204,5006 478,0266
219,5885 479,6282
91,0152 441,1969
93,1417 441,0212
194,7317 384,0771
93,2607 453,7856
124,9527 396,1817
90,8197 396,2812
214,1553 390,8555
112,4936 471,8612
104,4476 416,1751
206,6816 414,6137
114,1291 446,4542
202,3611 402,3301
193,4699 387,0398
214,6021 471,5129
216,0441 450,798
192,7663 378,2557
114,0521 492,3202
207,4929 494,1205
112,7164 476,9874
219,5143 502,2072
207,648 426,5349
161,1129 373,004
218,3886 387,1106
113,4497 486,7367
92,8812 447,9328
90,3483 437,1704
186,3225 390,246
175,0696 388,3018
167,2716 394,1055
176,4483 391,4955
91,0622 462,8781
153,7961 393,0539
208,1066 377,5672
201,9736 502,3533
200,0657 380,952
159,5989 393,7524
170,8047 392,7355
102,4915 400,3317
100,971 422,1178
104,5121 462,0702
187,0172 395,535
113,5723 433,4211
88,3824 450,1608
146,3016 393,0269
215,2055 396,8975
98,3943 418,2548
95,4589 395,7485
194,1076 487,0189
213,1352 420,3258
150,9442 386,5163
112,9398 381,0496
214,1799 403,8055
201,0162 493,258
181,5871 391,0463
195,3106 490,7372
114,3149 404,8245
97,8851 384,8594
96,7448 470,4622
213,9507 476,7478
137,197 372,2938
89,3839 473,1208
95,045 391,6266
131,7931 381,204
90,4362 399,1812
132,6139 373,4856
206,1572 438,4423
196,8209 386,1133
98,1839 387,8014
204,68 390,1445
212,2307 443,8595
209,6601 468,7548
215,8244 403,9362
92,5686 492,0677
91,9273 409,7328
197,5664 451,6259
216,2508 372,7311
206,2652 444,4735
95,6206 482,3449
212,3846 417,0224
135,8546 378,5748
104,3839 374,9277
98,4046 461,0988
179,8748 377,5222
213,9092 456,7102
176,4007 377,0952
91,8847 457,7291
219,8848 468,7983
215,4078 390,2394
93,4612 390,8323
98,0844 412,7344
207,7666 492,3957
217,6956 465,6116
119,7453 396,3315
109,279 479,0445
210,0845 442,3852
168,5033 395,2982
149,3384 390,8906
91,9699 386,1501
160,0112 396,3666
214,7342 404,5537
161,1363 376,7955
108,3562 450,5022
170,5575 386,8384
189,0746 393,2587
219,1296 452,1298
111,5503 449,2757
107,7191 430,7383
219,1045 445,3709
138,3443 377,1826
157,5256 373,2829
200,3925 483,4426
104,7301 480,5174
203,5674 405,3444
214,7131 455,834
215,3329 412,5955
120,5314 377,5199
93,5318 422,2331
95,0183 372,1815
216,4881 498,9336
91,8132 465,9168
208,5636 475,7594
95,1736 489,2077
210,9721 488,3198
128,6167 392,9775
132,0265 391,2674
205,9926 489,5809
194,1377 377,0271
95,8033 392,5945
103,5429 372,4523
205,9851 400,9935
169,7339 381,759
207,4877 480,27
106,0441 442,4509
203,3083 406,6397
105,2268 455,301
138,7399 373,7598
200,2733 403,1209
195,3238 463,452
106,0476 378,8525
100,6632 439,8858
195,4873 458,9838
119,126 397,5528
179,958 384,2332
111,5891 457,2271
158,8571 384,6313
105,6088 402,4247
99,4597 435,5579
206,0642 376,9418
94,5981 401,4158
89,4264 444,7111
207,8384 376,5756
196,1223 501,8926
214,1968 383,1742
99,2784 418,5483
90,1755 452,2598
194,6425 409,0909
173,4454 381,0151
158,6577 379,3546
101,4636 424,5773
100,5812 422,0753
172,5069 389,1366
163,3933 382,5387
103,6389 490,6173
201,5243 412,5443
102,4359 485,7891
163,9103 378,9984
195,9198 392,1273
161,8305 386,0707
93,0568 463,9769
205,4368 386,6375
206,9351 464,4433
207,5727 490,39
116,7603 394,667
103,2269 454,1375
96,0682 413,3496
104,9042 426,3353
89,7328 487,7801
104,1277 489,715
214,1137 496,0242
208,1809 491,9326
196,2926 417,6132
170,3007 386,9017
130,0948 392,5423
93,3719 391,5483
143,8789 374,6358
216,6191 495,7788
184,3737 377,9003
120,4428 392,9925
132,8296 393,5178
105,6826 413,8569
91,8638 441,2227
108,4083 393,2095
216,7512 457,2268
136,2689 387,14
172,7685 397,5467
96,5123 462,4635
98,0909 496,8322
185,9482 388,8222
101,5946 403,5444
111,2612 432,2488
160,0049 395,8181
170,5917 388,4959
204,2521 450,6567
209,9936 459,8726
167,5719 375,7518
98,9174 410,1523
214,8526 448,4653
110,2755 444,6695
93,1338 373,9978
93,9175 411,4208
100,1389 457,4659
128,8533 373,3063
131,7426 397,84
90,6899 395,5266
102,1058 494,8416
171,6121 382,0597
176,02 372,2714
158,1536 376,8035
105,2019 467,1951
103,0147 401,2055
179,7465 375,9534
105,0409 464,5524
108,356 375,3846
105,0988 386,2887
168,7821 395,7735
105,8456 395,4506
105,8805 497,8027
166,0486 396,083
126,489 398,0082
197,1576 475,5919
173,7557 376,9559
161,5527 392,8322
161,0177 376,3868
297,3562 192,1697
299,3044 249,9455
388,763 279,3287
314,7015 138,6976
333,3462 137,6161
302,0756 133,4454
374,3336 258,8889
409,6325 288,4348
395,1714 267,544
396,5033 150,8048
304,2354 126,4529
308,5599 153,4572
389,9193 284,5146
303,2005 238,1104
302,9101 167,762
360,7434 147,6244
296,5803 206,6604
310,2558 229,4295
356,1713 285,5795
386,0538 177,259
338,8248 260,4361
347,5575 125,4592
337,6364 281,0696
377,4454 128,1291
317,9662 267,8629
309,7484 188,7365
337,4493 143,5952
405,5795 155,6952
385,8792 181,6078
387,0177 229,7411
308,8692 200,187
360,2842 128,1333
406,9894 189,7103
298,6107 182,126
358,3084 137,6109
405,6617 192,659
386,7776 239,8179
389,2918 171,1245
408,9643 182,3674
303,7356 225,0448
299,5869 231,5304
312,4412 173,6753
312,3872 157,2259
390,0962 133,1259
308,2473 221,0902
302,9995 123,0302
309,1346 242,7628
409,0935 166,4201
294,6186 148,9363
327,8054 285,0603
296,6314 208,9949
378,9703 262,2791
342,696 152,7763
326,8329 256,7217
390,4006 229,1784
329,4039 141,986
367,0267 274,116
327,1765 126,9665
307,3755 263,6644
342,5169 129,5633
304,9801 167,2425
399,3058 249,5529
306,7218 281,0371
360,1711 258,2508
365,217 151,3894
396,2106 145,2354
293,3934 286,5677
390,8705 134,4571
312,6856 133,5689
404,6743 255,5029
388,1805 162,0129
387,0323 126,6012
304,9853 138,4914
333,091 276,3487
365,4312 270,4853
295,0226 145,7725
394,7747 145,4613
351,9006 153,2214
368,6533 263,3774
391,2637 279,9899
312,1536 162,4002
348,757 277,4281
362,2136 270,4653
341,8618 280,3036
307,8985 206,6615
292,7403 137,9975
317,4606 151,9756
311,3696 238,5678
331,4909 155,3181
409,0602 174,2062
331,8423 147,9615
351,3134 123,4207
317,1254 152,9114
375,5164 277,0811
291,964 284,6296
303,1048 139,4126
394,9417 157,8408
405,1254 266,7407
386,3884 165,0277
405,513 153,1878
299,4986 211,8223
306,8109 147,5363
332,3391 266,1176
326,5386 274,7071
380,61 256,6761
388,4791 268,7982
303,4151 161,5336
389,6332 193,2502
396,4055 166,8919
293,9077 207,7521
385,626 183,2725
382,7251 279,3332
402,908 149,1421
396,8141 225,011
312,0297 272,6372
294,7848 127,9823
318,7504 144,64
407,3572 181,2079
309,7805 245,401
355,9363 149,5461
312,0203 212,0769
385,898 146,7223
326,635 264,1428
336,6939 131,0181
387,7365 270,6316
394,2296 230,1588
308,6013 171,2941
358,5484 265,1666
403,7203 228,4603
400,638 190,6411
347,3098 123,5662
388,1062 233,7397
373,5418 129,7621
321,5734 150,794
333,0427 268,1918
292,4598 285,1691
322,627 264,6345
353,77 143,0208
404,4224 178,1338
299,6577 135,6599
401,3277 128,4282
381,9272 130,3073
406,8612 159,9426
299,9865 234,2624
315,8652 133,6677
291,3173 238,0717
324,4972 150,4212
362,7201 260,1641
402,6231 232,8418
299,4569 144,0618
305,7814 155,2166
375,8183 273,1925
390,7834 129,4817
290,4992 275,6296
360,4749 264,5273
304,5313 236,0937
369,2351 135,5845
392,7551 166,507
395,4471 162,5251
325,5007 135,1615
371,9009 122,8373
374,0515 141,1763
338,3809 286,073
360,0294 139,2252
335,6527 257,7557
394,08 278,6935
328,5962 124,4405
406,8537 182,8901
303,1062 207,7459
394,4128 220,4584
312,9662 238,9778
297,4631 217,2009
403,5333 214,5847
359,0191 277,2417
393,7718 135,0373
304,5875 205,2376
408,2241 249,467
305,6841 219,7345
380,9011 266,3073
308,8032 152,9759
397,28 228,1351
301,4379 152,4826
300,6007 167,4123
374,2946 153,6418
323,1798 262,7283
329,5213 260,1966
343,3912 260,4201
315,9236 149,6365
317,8762 136,591
344,0351 277,97
349,5723 270,4179
296,5565 128,8358
293,0728 129,0567
392,9402 150,3365
397,2154 234,6797
338,2614 133,7139
307,4418 168,3632
302,6461 158,8903
342,5092 148,0445
309,0817 277,1263
390,0762 217,5949
386,8672 265,8179
395,0504 147,881
302,1609 219,7636
312,9891 167,5673
290,8629 236,4359
384,4552 153,2625
386,4741 169,6935
373,7424 258,888
329,8659 259,7986
309,4273 278,6234
306,1119 182,5355
326,5467 145,582
301,4582 265,6955
302,5166 271,3655
305,8091 124,4499
389,3564 247,4514
391,7129 137,4674
297,1019 146,8596
387,4565 275,7881
401,5277 222,6875
394,5041 216,0605
403,4943 202,5817
361,5879 149,49
296,4352 278,9247
289,6022 134,9628
400,4208 137,2194
403,5444 191,1294
312,2453 254,6864
321,5493 153,5865
346,424 139,3151
394,5086 248,1223
297,9478 277,8696
349,9852 145,4885
309,6851 176,0097
309,4802 138,1393
323,3782 142,6967
347,9699 273,3697
406,8748 169,8504
404,4172 226,5542
302,7895 281,378
326,322 143,3753
337,8047 151,7905
351,2579 123,5316
299,0868 142,5545
405,329 134,2703
360,1444 274,2727
408,5208 244,8354
392,2914 162,9003
296,591 279,2974
398,0916 273,3108
399,3883 195,6573
308,587 263,4778
394,4137 267,3785
374,8266 260,4641
408,7927 186,8515
303,4473 207,6482
400,6604 201,9901
308,2337 138,0306
351,7629 126,5474
357,2172 151,9953
386,2863 144,037
390,1799 202,3958
400,9666 241,5011
330,6998 139,5118
301,8865 274,8415
388,1316 285,2909
348,3416 260,7946
336,4145 146,5612
393,076 243,0949
352,7459 274,7876
330,9429 286,5752
315,6725 276,8026
391,5514 257,8324
317,3548 263,5194
329,7059 272,8426
304,8417 137,9901
295,0065 230,342
290,3042 248,9985
374,328 142,237
291,2512 226,1987
405,1162 251,0659
407,8518 215,2934
395,3673 272,9818
397,4898 222,9767
386,0959 179,7156
299,766 135,225
329,1973 267,0446
307,7997 157,6072
363,9671 135,8241
388,5008 163,2786
391,929 207,2925
290,5514 218,4143
325,4994 130,0006
347,6233 150,3874
355,5416 136,3965
384,3403 285,5238
337,8503 284,1158
311,6554 173,1595
331,0375 279,9832
309,4406 224,5056
376,7926 137,5635
373,8804 138,7196
293,3599 253,7352
299,9397 194,9586
296,1472 160,3701
392,2211 203,117
331,5684 276,9221
404,6822 202,9577
386,8642 162,3881
402,3598 235,7254
307,6826 249,1251
370,9111 274,117
356,0428 262,4954
298,2307 283,0163
375,078 135,616
399,4656 268,3651
316,248 278,4644
398,9301 164,0915
313,6908 250,6143
312,1215 220,7523
298,0917 198,8626
325,7906 123,1494
298,0388 131,6402
406,1872 187,1897
348,2826 264,1591
371,463 266,1584
293,2655 199,2729
371,6885 270,1265
295,4558 165,4534
372,2685 125,1176
406,9218 148,7328
406,5808 249,6862
336,9261 138,2795
365,5753 139,5733
379,6282 136,1869
401,3637 261,262
394,8095 235,8945
296,5412 208,2854
299,5473 236,9168
297,7822 216,6182
399,8324 209,2689
383,235 146,6887
318,8813 154,8527
370,1049 274,4875
341,9504 272,2655
300,5989 169,7176
317,3132 149,8212
336,9141 132,8854
390,5807 141,5315
317,9669 151,6271
371,0759 278,4085
399,1726 254,8554
313,1698 248,3227
370,0187 134,0259
396,2023 228,2474
334,2045 149,8384
403,1663 144,369
389,2068 211,823
304,7093 283,9903
306,4713 241,1231
405,0879 229,5885
365,8723 279,317
291,54 186,542
307,6491 186,0228
350,1938 278,5324
314,8928 262,4422
293,5362 203,4703
346,196 258,6993
369,9785 259,0147
391,749 280,8372
375,9535 262,0857
357,6401 124,8885
291,1414 248,6758
386,0447 247,0705
314,9491 154,7747
320,127 285,1141
339,1442 287,5018
292,3004 202,035
291,669 167,6548
93,3796 298,6331
121,8741 319,5168
101,9755 247,6319
184,8071 242,1127
86,3427 257,4403
120,4373 302,925
199,7688 291,7501
123,9875 316,859
125,2327 221,6629
172,0187 305,4697
162,1066 323,1108
111,068 296,6626
130,4973 223,485
201,2566 308,0523
200,7494 303,1423
195,2172 297,1625
139,1898 217,3072
178,6236 325,6502
199,5727 293,6705
131,8466 327,1347
122,4211 225,8776
193,8958 272,8466
193,6328 277,8533
205,8162 256,1635
89,5553 276,2312
183,5664 235,0619
98,214 277,1345
203,5844 251,7268
110,4979 251,2399
202,9296 237,6407
176,9252 300,3314
136,2651 331,6776
140,5665 209,8424
136,0297 330,6515
206,753 290,6634
182,7767 292,9674
128,6215 310,6889
98,0133 261,6327
129,9941 324,7817
140,3453 337,1802
163,5398 324,3465
144,604 332,9654
139,9726 213,3639
170,4285 233,8741
202,059 308,3911
167,7617 223,8611
205,1881 299,4263
178,94 304,1503
143,1833 222,5813
183,1638 320,079
117,2543 243,0445
174,0187 229,3664
190,5698 236,1934
157,9319 314,6171
199,2353 260,1082
159,9337 227,8165
174,0437 326,8371
109,6187 232,0818
188,1566 278,8326
207,7338 287,1731
99,372 282,8795
172,8693 315,1396
82,811 279,2244
130,1174 323,5059
148,3405 320,8152
97,227 311,2673
115,8252 317,5185
167,2238 308,4766
84,1728 272,348
89,4532 301,4525
153,7847 338,4088
145,1211 207,429
146,8263 217,0804
194,5382 270,6857
212,8295 262,0064
95,3367 279,9229
90,2726 303,4524
182,6876 300,2157
167,9772 312,8932
170,9874 330,5788
113,712 237,6424
170,853 323,4436
87,6737 269,2802
183,6933 224,8554
143,4921 210,2705
198,7764 243,2133
201,2183 297,0065
174,2465 224,5962
161,2358 218,0873
148,4833 225,1894
114,1058 222,7279
171,8505 218,6703
179,7862 323,1162
133,2812 232,9953
93,6891 264,1551
144,5112 221,5728
128,7078 334,7988
200,2533 277,864
197,2829 245,0002
111,1227 287,8676
203,0109 242,1979
135,9164 334,4886
146,7332 337,7547
148,0046 325,7238
166,5981 328,0202
137,1509 322,9057
170,6898 232,3847
159,2712 221,9164
141,076 335,7935
168,1431 214,0295
179,9602 328,5976
90,0452 283,3341
194,8679 268,8308
127,9868 217,9273
146,0435 210,2695
158,4394 326,6853
132,2286 216,7106
90,0193 295,7067
129,9748 327,2255
109,546 251,2934
157,6197 329,4125
202,841 309,5287
97,5081 244,7075
192,2935 249,1018
186,8605 257,453
119,0724 325,9632
141,496 312,8229
112,7905 322,2615
160,0444 332,4662
89,5462 284,276
115,5992 235,9771
90,4161 286,049
192,9941 273,6358
155,8666 224,3908
113,6099 248,6027
108,6036 316,1913
196,528 271,6064
202,5172 305,836
139,2427 225,6583
137,2404 315,887
121,8052 304,5512
165,6503 322,2794
165,1014 234,3923
198,6312 288,1473
161,0794 335,8091
117,4263 235,2534
153,5623 216,7312
202,7233 276,9477
94,3928 281,839
177,1643 300,3854
146,3385 226,768
111,8642 226,8419
99,7913 316,6051
108,1132 304,3542
193,5086 294,7473
192,3411 309,8744
159,4608 215,4014
115,1926 225,9412
120,5948 229,129
106,5338 235,4748
204,5631 259,8433
111,1201 238,007
102,7055 307,7771
123,5721 236,0088
115,3866 322,7972
98,7274 313,7116
174,0433 329,7004
210,7625 259,0055
146,9439 227,3079
195,0577 300,3203
145,4318 212,0227
200,6061 270,3042
122,755 231,3252
194,6933 310,7806
114,5444 319,0081
190,0339 279,1784
112,427 225,9565
144,1315 327,3129
191,9895 227,8885
176,0926 228,4722
108,6832 267,9124
149,9065 325,6049
117,6497 227,0781
100,8004 315,8764
91,2405 274,4196
182,9511 314,6408
100,9739 285,7282
107,6286 256,6152
206,2931 257,3967
171,3941 314,684
144,0871 335,5568
120,1239 217,1158
208,6095 289,4856
178,2926 320,1959
144,2377 213,2192
164,5311 319,8822
204,6226 268,6408
110,5515 322,048
186,2772 231,7639
170,9199 308,9773
194,3205 288,1328
149,5672 336,9067
133,4926 223,8995
133,9176 223,4655
180,439 308,7218
97,5559 307,3526
118,7252 314,6724
154,5166 331,9956
135,3293 320,6627
95,1049 305,0276
98,0198 301,9195
91,0335 278,5265
135,9446 209,1028
200,6716 293,1468
115,0055 306,5546
204,6522 271,016
154,5989 337,2169
94,6424 264,2329
114,5816 239,4027
106,1573 259,2533
140,0264 329,8259
87,2262 261,3684
110,6538 295,2719
174,1024 217,6864
110,9844 293,7257
200,5286 241,977
109,2688 242,553
94,2832 296,9285
115,1155 237,3846
189,523 304,7607
123,4549 330,2659
135,9254 322,9717
179,0352 232,0299
134,5253 234,6408
188,9506 242,666
149,4536 331,2892
144,8934 328,5481
108,0908 278,1043
106,1795 303,8102
179,6484 328,9045
137,439 324,9038
87,5446 299,4606
146,3082 217,043
163,308 322,493
95,4222 263,4421
96,6812 233,8088
97,7153 298,2331
192,1294 273,1915
205,9706 273,9462
152,5194 313,928
198,8077 239,8035
100,4225 230,7469
183,588 247,0682
189,6222 226,005
88,3817 285,7709
140,3479 320,047
87,238 271,0355
204,7919 279,0305
204,7304 261,0031
188,3969 306,9925
115,8357 317,8193
82,9246 264,1447
114,6663 322,591
160,2349 222,5485
106,3863 226,4862
177,9263 299,9438
191,67 262,0917
193,2896 303,6172
168,1717 235,2223
203,6395 239,4576
121,6342 214,5189
198,2946 233,4639
165,6818 226,5964
158,9397 228,4203
84,561 287,0121
149,5651 211,8729
205,2583 271,5448
108,3541 222,9706
114,5701 315,9031
90,3688 291,9131
195,0583 299,8826
102,0226 250,5723
112,6656 318,0808
169,2546 308,1969
97,4528 274,929
91,3465 292,2768
163,8542 325,4923
211,737 268,2124
103,4504 238,323
153,9718 327,3912
162,0768 227,7791
195,8565 264,2889
199,3446 287,002
149,9719 218,6348
93,7132 250,733
104,8508 248,0873
169,9202 312,8025
94,027 303,5011
91,5547 280,3656
136,1178 216,7498
131,32 210,7527
158,335 208,9744
170,7565 211,0547
180,8987 217,8374
116,3025 230,0696
186,4853 248,6272
212,1633 281,955
141,4517 336,3435
93,7988 235,9135
93,4533 281,9741
134,3461 331,1123
140,9939 216,5482
112,4589 238,3642
189,2436 314,5137
113,5619 250,2601
187,0563 237,9848
155,4602 222,4601
132,8275 234,3171
149,2996 219,3733
106,8419 311,924
109,8167 310,5031
172,3819 235,0015
118,1133 237,2351
181,8909 224,324
127,3331 220,7543
211,2552 283,2517
91,5176 240,4923
121,7907 311,0643
165,3387 326,6749
177,9724 311,846
130,6035 234,3036
138,004 208,5039
134,7731 226,2132
187,7114 324,0719
139,3942 228,2225
163,6295 326,7718
198,9722 238,8534
198,6682 306,7785
142,337 222,2698
129,8357 228,9833
174,9526 320,9159
203,7614 243,0972
202,624 260,6585
168,9256 330,5053
132,5923 318,9635
116,4614 242,4639
114,9525 316,8581
105,8445 223,5592
172,966 218,8507
203,432 291,8872
120,3212 306,8077
113,5068 239,6095
138,5836 332,0259
168,9714 228,6909
186,9801 256,4938
158,1466 329,9185
96,523 232,4834
137,1068 323,8208
126,6332 318,7172
135,0625 326,5089
154,2217 333,3286
140,2806 327,786
153,1906 222,9482
170,4615 234,0794
192,682 235,2348
151,1324 211,5507
97,9679 237,4248
185,1573 230,1419
105,9877 306,847
179,5191 300,7774
104,766 230,7475
99,7463 288,4827
173,8428 242,6485
165,6392 318,3265
194,6023 238,552
200,2986 263,0241
203,4365 288,5749
115,0495 234,6933
175,8017 320,7539
115,6352 234,1316
110,1266 272,0235
447,1262 488,8174
414,5155 131,9119
588,037 376,5298
539,6644 197,0191
199,3375 244,5901
468,6364 171,7106
150,7919 205,3809
197,1726 260,0054
520,4659 357,2094
380,0375 316,5235
473,6108 115,9725
303,9166 211,254
366,4143 348,5868
81,1454 321,7079
541,3144 477,2303
111,0172 198,45
555,1667 380,5257
463,69 387,4853
152,646 150,7784
486,0613 488,2407
103,3297 96,1902
235,7516 492,1478
187,1964 413,4694
421,8524 344,4987
432,0886 507,1422
433,0538 117,8375
487,9696 190,5569
77,2814 369,84
353,2932 388,7293
569,5308 473,6538
212,3019 314,3707
130,1155 83,6887
296,3329 438,6529
232,4779 142,5357
425,2856 310,969
373,681 237,3864
509,5908 112,5913
264,4392 483,6075
506,0149 235,668
98,7563 510,5168
498,2523 165,8861
408,5977 199,3939
381,4428 318,7203
327,8183 508,1736
319,0458 105,8266
321,3393 141,9032
418,6077 328,2996
285,8337 348,9498
315,6875 196,1759
568,3172 251,0532
312,0126 219,2119
415,378 407,8783
176,0453 154,1916
350,5614 440,6398
516,6775 135,4772
413,6863 343,1117
405,7733 342,7678
296,7206 197,3116
531,7902 206,0792
171,952 357,9397
588,453 82,0222
557,0047 352,2483
450,3081 234,4475
168,0934 84,6199
391,8232 463,7235
190,96 210,2363
339,8746 398,4421
77,9325 525,6875
554,9665 195,6261
325,2873 496,3948
484,6922 125,6877
229,6195 148,5578
179,7836 214,6085
145,2899 111,2851
439,4288 100,0429
238,7832 279,5331
323,1437 401,7217
436,801 90,3728
185,2341 273,3877
230,5563 279,2853
576,7928 299,0306
356,4696 274,5081
557,6279 419,2858
288,1533 129,9915
454,4823 484,9909
324,1797 506,623
246,2356 393,3671
148,4404 174,9937
347,0135 474,7167
101,1905 216,8128
339,4084 88,0818
253,3962 510,9278
582,2635 415,624
520,3081 307,1468
431,306 85,6838
187,8038 386,9373
382,745 412,3875
275,6278 520,9033
129,3104 513,0284
560,4171 336,7426
206,1104 461,0329
144,744 498,237
136,4758 231,1638
452,3518 397,6244
145,7814 471,7111
581,7471 187,0405
339,2161 412,2055
396,5346 529,4583
221,0668 424,2591
105,5582 358,8057
273,8187 409,5419
147,1291 426,8744
182,2941 361,9187
475,7362 479,0163
183,3033 135,9541
421,4537 95,365
232,8517 493,144
296,8327 327,4871
485,4804 243,0638
217,2631 416,8353
554,1076 429,3918
492,8523 134,1114
207,6779 89,7585
190,1047 333,1084
253,7815 312,8976
428,0626 431,4744
282,6072 374,8883
307,9121 486,6233
134,7168 378,2619
562,9764 228,8073
541,0731 259,7866
444,4725 236,3915
268,3815 121,0778
578,8774 354,3469
202,5869 146,5729
202,5458 372,5169
155,7511 166,3339
265,2191 408,4823
335,8366 163,6144
117,2905 479,7659
533,5178 105,9676
176,8837 465,4147
119,7705 330,143
270,3373 337,7739
284,1258 140,6167
240,2587 256,3746
222,2806 355,2582
288,2392 405,6333
269,0952 472,4174
346,9749 423,2166
178,8983 301,0008
141,3469 164,7055
512,2764 186,6365
332,9483 156,206
223,6581 290,5523
247,6175 432,7943
208,5462 182,7339
516,7362 95,4812
444,6417 265,419
557,8435 519,6706
266,9842 375,5998
455,2907 519,3421
163,6238 456,7265
512,5191 176,1003
414,6167 469,8725
476,8291 311,4842
569,4578 187,1163
328,1489 142,0832
206,0158 173,6922
263,194 505,613
222,2267 410,681
554,8722 181,0581
392,3069 250,9447
343,6201 511,0851
261,0728 155,2286
102,767 374,4763
191,5964 504,172
511,8397 528,4556
338,2382 178,1626
356,715 272,8339
196,7705 377,8688
247,1276 290,9984
289,1567 161,2551
211,2795 96,7946
472,5755 306,7608
99,5612 188,8769
280,8907 271,5318
323,4833 165,2653
192,2216 239,9838
525,6039 105,9877
124,6003 414,1013
112,7437 259,9864
85,1836 466,317
519,9964 445,3889
130,5867 100,2946
336,6281 297,4614
243,1642 493,9136
82,8007 447,5091
285,0099 160,8001
