439,7113 301,5737
458,7463 251,9497
468,551 268,4036
393,1475 287,078
455,2615 269,0737
483,3547 226,4893
442,5069 291,9506
419,8861 261,0502
410,5987 255,2915
417,6923 235,886
432,3939 263,6053
388,4795 265,041
475,9534 285,7046
434,8461 256,5312
443,9771 246,921
466,632 291,6739
412,5682 287,1625
399,0667 281,4099
445,2394 238,3725
481,3366 211,8059
430,3567 220,8404
448,7014 350,6138
407,7871 282,2622
408,9769 283,6022
402,0817 270,0102
433,592 280,6547
448,6874 334,1019
467,4342 306,0669
408,6248 257,0712
437,2422 257,466
435,0756 256,8744
412,3687 253,9822
421,8937 282,8494
441,1667 215,5155
365,0732 282,9579
403,4639 269,5883
394,4784 281,7637
435,7216 315,0958
439,2258 219,9129
415,3054 218,0592
418,3944 296,8146
414,1933 281,2763
450,0537 270,5255
367,2229 262,4247
430,2626 365,3371
445,2978 272,5202
420,8655 334,5345
470,7182 246,5334
395,0227 335,4063
416,1979 338,4344
457,2572 285,0577
405,7785 314,7996
404,7835 196,6892
360,1292 231,086
454,1157 256,5171
418,5693 300,7952
444,8125 300,1669
460,6337 316,9545
421,3236 306,6614
425,6521 311,0823
424,7688 289,7636
452,3948 284,9253
480,4384 215,9312
437,5279 236,8851
482,5746 244,8811
434,5218 265,3498
409,821 244,976
455,2482 252,9181
411,5859 276,5206
405,6458 280,7018
411,3061 221,0835
436,994 249,2178
439,2977 341,3931
453,9426 297,2302
423,2232 289,4661
429,1006 256,7489
422,9372 284,0548
463,8335 273,2228
442,5401 267,9384
373,687 277,6848
424,1271 303,9559
429,9922 228,3612
416,258 270,94
507,9994 224,1132
437,4314 289,0928
374,007 254,7633
468,2537 267,916
421,5363 341,6797
389,8612 284,5429
376,9315 223,9063
444,9044 209,7031
455,7108 279,9469
366,607 243,8751
421,973 257,5088
419,8951 275,6583
481,9974 231,0883
418,4339 286,3328
452,7144 246,3184
404,7399 314,5527
439,7241 290,094
466,3694 297,4413
439,9192 244,0241
423,0125 260,5025
412,0034 286,5796
391,6233 269,0472
420,9182 326,9998
451,9376 246,6625
410,0613 251,7797
425,5563 275,5089
456,5801 296,5733
385,9749 257,1899
394,166 253,1818
450,0147 322,3447
468,2592 277,4831
412,9764 263,3179
423,9245 252,3073
432,299 254,016
383,8145 269,8885
432,7807 263,0618
337,9842 304,1547
452,7081 263,1989
422,3127 260,0569
389,9636 281,8468
401,2242 291,9419
411,9449 293,4002
418,4694 299,0401
423,4341 231,1935
474,3242 299,2769
443,4401 295,3765
466,1758 307,5786
404,4485 277,8937
390,4961 290,5881
446,8533 257,8805
434,5461 248,4114
420,5613 300,4522
392,9812 186,6247
413,065 280,4787
442,8586 303,101
423,6908 283,1341
385,8091 224,8533
456,0046 237,6004
426,7922 295,3474
402,4359 273,5149
439,4399 194,8898
395,1105 257,391
430,7699 275,2409
435,79 225,8929
415,1065 272,5004
376,0706 290,169
453,1189 261,9584
410,5436 236,4075
470,3918 245,7603
441,0481 250,616
433,2916 277,3084
429,3451 264,2317
403,4539 313,8132
440,5137 276,5807
483,2502 265,7476
461,9124 220,2319
463,7373 307,1686
380,1918 269,005
440,4658 287,3076
438,4198 269,6127
450,482 281,7431
360,2389 201,6344
438,8091 286,6193
435,1672 261,6522
424,6398 249,4261
408,4322 298,3184
446,1372 286,3899
448,3609 281,9446
402,0756 272,7565
421,8162 297,0522
439,9565 256,4036
403,5106 292,4746
434,6322 230,2518
393,7032 248,5878
388,6438 289,3037
422,9931 281,8635
444,6685 276,9591
428,7481 264,494
455,9549 298,5657
472,7766 219,8905
430,378 237,1772
435,8348 279,633
433,0647 268,5393
443,8194 278,438
444,4891 227,7416
424,6601 232,151
385,9759 240,2639
441,1173 268,3045
433,6919 287,1751
466,2058 243,3185
445,5356 228,9139
469,7269 324,8075
405,3778 314,0543
399,5312 263,1912
403,0849 289,4266
429,8613 298,667
447,9903 277,0032
449,4766 243,0898
429,6882 278,7924
411,2106 305,6881
375,0228 262,1465
397,4412 242,2365
472,6551 319,329
427,1855 294,5796
456,0269 280,097
403,5085 284,4815
382,2285 271,6523
397,5659 237,9583
383,2007 278,2977
417,9337 287,5201
403,6202 293,7714
394,6943 290,4459
450,7435 301,3015
476,2668 283,7652
422,0561 226,1875
405,0849 295,3545
403,5104 251,4556
451,4883 201,5305
447,2934 293,2684
394,7388 271,0848
391,441 294,6743
420,8025 251,7866
480,6853 280,4856
419,059 236,1252
441,0336 282,4785
466,2095 234,2474
429,7149 308,9481
452,8101 269,26
391,8666 212,2227
404,1512 209,4292
400,6108 298,6419
423,7983 250,0999
523,938 267,1593
462,7929 252,8336
413,7548 286,1793
410,5134 292,1308
417,3756 312,7779
437,3377 310,0976
408,1768 280,1312
447,7904 300,6497
451,8898 247,5554
409,0284 301,839
377,1045 270,0462
409,9916 229,46
413,608 253,8561
449,9173 283,1942
398,5497 298,7278
400,3351 273,9356
415,0209 237,3011
392,0266 295,0542
431,763 225,8934
368,9924 269,4381
439,4316 284,832
387,9607 305,0535
460,0787 239,0922
444,0834 290,0069
461,985 260,1989
462,2357 275,3082
408,1399 367,3356
408,169 243,8654
423,2916 240,7531
471,0859 224,4629
458,5165 229,7281
476,9463 296,9346
396,5567 261,5794
470,3973 235,9208
437,5017 303,4275
445,6532 286,0176
374,7396 280,5704
448,6 309,5762
476,019 239,2668
430,1394 244,4707
438,3183 317,3189
444,5417 236,4252
369,4885 277,414
379,1837 290,3977
471,5808 276,576
445,1743 259,0924
439,9507 254,8761
388,9363 306,1388
373,8572 285,4142
422,2201 295,2487
438,2977 272,2711
372,7372 259,7881
504,0951 236,4022
454,9436 321,717
391,2745 256,9096
432,3198 284,0407
400,5892 322,2764
419,6351 338,1552
428,4111 294,5891
398,0637 273,4741
440,9137 284,3875
422,2035 270,0538
367,42 312,4367
379,3599 328,2256
353,2493 268,144
432,6908 294,4981
421,3716 267,5986
438,1283 247,9932
445,1559 231,1907
416,3764 234,9751
440,2936 285,7686
444,3157 270,9416
431,1547 268,9948
418,8241 260,318
471,0859 281,3154
414,4375 257,1679
489,6528 254,411
459,6693 318,2772
436,9571 248,0651
407,1518 272,2879
486,4268 246,5854
390,1037 288,306
470,1072 277,9517
508,9978 315,6382
421,4297 265,0531
427,3225 264,5952
440,6747 226,6233
380,1261 282,4662
378,5261 295,317
396,6503 255,2818
386,0149 287,1751
494,3201 253,6772
412,5858 242,2476
417,9512 247,0332
420,4671 289,7736
419,9255 237,7666
398,9708 238,3325
455,8447 258,1916
443,6318 285,0908
436,6864 301,9923
382,5483 349,1684
447,1183 314,2423
432,4986 275,641
419,5624 278,591
423,4432 328,0745
421,1391 256,1129
443,1443 254,6376
393,898 285,8195
417,192 291,4467
419,6319 289,4251
424,7736 322,3609
461,5692 225,1897
430,4212 276,9906
360,2887 285,0387
397,7263 274,4011
412,6084 311,4284
416,628 249,0496
377,2836 255,8553
361,2439 340,5504
459,7537 277,3701
468,0374 249,6433
441,5158 278,8089
395,4051 271,1163
447,4983 199,4525
424,6448 258,4928
405,3326 295,5006
427,6734 315,3644
427,2824 260,7018
379,8434 262,0494
383,4507 271,9934
416,516 271,107
399,4456 281,3636
347,4461 247,1421
456,426 280,5514
387,4692 248,9443
449,7907 317,8304
404,9942 302,6151
471,1256 283,4417
441,8343 255,2212
411,5784 349,9287
449,2102 213,3194
440,1206 297,8389
389,9081 279,9897
409,4164 232,6838
415,3612 248,7235
383,6776 295,8226
404,6834 293,7298
454,9076 266,6458
483,9272 353,041
425,1536 251,3896
499,2165 221,6366
407,67 258,0907
378,4641 275,3467
428,4892 281,8216
415,1514 224,2715
470,0383 254,9796
421,4795 279,435
412,4836 306,8018
423,0414 315,3725
418,1606 292,1956
467,9379 272,7135
432,4975 274,7955
437,5344 251,3135
404,5197 221,6993
405,314 291,7004
453,0527 293,8699
381,0728 286,1877
398,1828 287,5533
359,4908 283,4661
416,4502 274,6358
420,5991 275,7752
413,3011 263,7096
427,4465 311,2984
438,5778 291,1611
457,6693 282,1293
423,8025 289,1797
418,8715 281,7128
398,791 315,2001
358,5936 305,2219
444,7191 200,552
404,2674 280,4513
430,6786 248,8606
390,4294 268,9988
389,2862 290,0295
434,2129 285,2995
440,9145 294,7855
432,8203 258,8634
469,3945 277,1378
389,8124 259,1604
423,1566 268,714
389,5971 249,2457
460,5569 296,4257
448,753 283,5438
433,059 250,4852
442,1258 326,484
427,5411 267,3386
362,7279 306,3463
480,3336 237,0221
399,8993 258,8931
432,5726 270,1616
390,0063 293,2511
426,762 240,6204
442,3179 270,4302
437,6148 338,4629
474,8944 238,8287
404,0525 282,265
376,149 241,6117
517,4563 256,311
435,2728 262,6019
386,6866 311,7332
431,6697 307,8022
399,0274 286,3302
416,1421 257,0997
385,7658 249,6837
366,2951 258,898
413,6797 330,5514
449,8904 256,5251
401,184 269,9874
412,1631 275,5813
427,8635 270,3143
450,89 221,9038
422,1355 267,409
420,3527 229,1331
437,6485 247,5251
459,9461 287,1552
420,8133 309,187
417,1843 269,5081
467,685 287,5985
431,7259 249,1491
476,9704 276,8638
453,3926 237,3421
388,6499 294,408
406,542 257,5953
432,0716 253,1112
434,6264 285,3168
432,7109 202,4452
490,0754 286,7148
389,3408 266,9036
425,8401 300,3323
427,6008 294,0856
451,3703 301,4896
485,1723 283,4587
427,6792 215,5269
410,2859 262,5872
444,2887 313,5179
363,5522 237,9201
450,859 280,2026
432,216 280,1976
468,9112 250,675
460,9334 248,1198
438,8643 202,6598
465,7123 278,7442
432,4888 233,5019
423,4713 295,4802
460,4181 285,2528
442,7135 252,3702
457,3679 238,5386
438,3671 284,1885
434,6047 274,6238
442,8423 288,3836
378,8372 230,7273
436,0103 237,9
423,6711 279,676
424,794 249,7551
428,2129 236,9035
389,5474 274,3299
410,9214 241,0717
423,4718 252,7593
436,7921 274,8998
408,6394 292,7176
469,6757 219,8569
465,2287 251,3333
391,557 316,1814
398,8924 224,5786
387,8126 322,7871
432,9985 301,3445
401,4668 256,1598
426,1998 282,9312
412,115 254,9038
453,8943 269,0364
427,1325 295,6233
474,0972 250,3397
404,3488 238,4271
417,1174 270,6415
425,5373 253,976
448,984 251,1469
458,9666 208,2927
444,2822 267,9463
415,8295 285,9678
471,1379 248,9243
394,141 277,5481
453,252 286,7811
428,6013 270,2374
414,8164 265,3425
432,1658 239,9629
402,4905 237,7054
426,4599 221,5692
411,931 274,6554
467,2143 270,0964
441,2738 259,6585
443,3603 272,6843
399,718 270,1652
403,2212 239,8405
418,6783 237,6033
453,0356 324,7769
407,726 275,5904
460,8187 282,2712
408,2239 304,3614
456,3999 239,0393
435,8639 268,8052
470,0967 247,5935
424,264 270,6255
484,5813 262,1068
360,4926 314,1325
431,3337 291,0471
388,0031 250,7004
425,7382 295,4608
440,7635 274,0049
390,3643 228,4969
428,8814 252,489
443,1751 302,1455
434,9264 289,7877
472,8147 316,4413
407,9607 324,9623
403,6658 248,3814
401,6507 247,238
470,8882 231,8424
502,6899 275,2092
403,1157 302,7953
406,9976 276,2709
420,704 286,8265
410,495 211,5824
409,2716 237,892
457,8638 245,9954
405,6979 272,5039
398,5201 259,4183
434,7187 283,6594
450,1743 256,9065
400,1758 263,2117
459,9717 295,1359
435,2237 282,5155
393,3078 278,2642
356,5374 225,5343
426,8624 297,0713
387,3163 279,5276
446,3262 248,5572
452,5003 246,0487
412,2264 255,3332
428,6439 218,5935
418,9186 274,8675
400,0535 293,1611
377,2515 243,6404
407,0078 283,8379
438,0194 218,7446
392,3669 264,0946
416,1182 269,2181
425,4847 203,4287
398,6304 242,0948
397,804 286,3736
455,4009 274,977
415,065 299,5131
449,7934 251,2532
390,4042 268,234
399,1159 295,2222
414,6382 349,0311
375,0758 276,2429
435,2266 300,6198
427,2964 248,5829
442,1301 249,9958
421,5375 215,6755
411,5737 242,3522
412,9923 228,5396
442,8857 267,5485
413,6563 276,2444
352,9363 313,6741
447,6145 284,3418
385,9827 278,6319
455,6276 258,8934
435,0551 310,1973
464,3655 290,3919
424,9031 291,1734
464,8976 307,0453
383,8322 239,4918
433,2009 275,8927
364,358 284,0225
441,3577 279,1389
449,0925 254,0799
408,065 241,4307
417,473 260,4651
477,9737 281,9
407,6603 289,2755
424,9571 275,5555
409,0906 302,0532
431,7965 273,9011
421,7865 268,0434
421,0079 278,7145
440,4177 323,0408
409,163 305,377
423,8337 311,8649
455,0289 301,8743
432,624 243,1986
373,4665 268,7325
445,2524 283,1479
429,4122 271,0735
422,9973 260,7437
452,8417 290,6664
410,1298 281,2127
396,9589 313,0541
462,6717 267,8886
403,215 357,7088
416,2175 239,2225
430,1818 289,3165
451,5973 313,4452
472,5964 280,1891
381,407 257,2117
434,6362 225,5666
429,9177 247,207
472,006 229,7008
399,8134 300,7242
478,1696 256,1818
420,8666 307,1168
437,0467 188,0667
416,2469 269,9523
451,9301 206,4434
479,6686 293,1031
419,1159 224,5828
436,3085 307,6729
406,4514 256,4106
393,5386 313,5896
437,2419 243,6618
438,9713 275,6718
451,1595 273,9822
376,711 295,5283
427,8832 245,2186
394,0418 280,4034
447,7651 292,1302
425,3644 286,8067
394,7612 249,1358
434,1465 348,1847
402,363 227,439
407,4052 307,5753
448,1713 265,0546
446,3469 239,2376
514,1316 249,8974
387,3653 245,6258
428,5267 278,051
465,8641 269,7766
444,6141 313,9478
390,9129 244,9337
454,3147 353,4896
388,8905 259,4384
447,6527 291,5554
381,65 252,5071
415,1686 268,5269
452,6725 239,9899
465,3545 235,8024
451,8368 297,6885
424,1017 304,1109
463,2403 282,2631
432,3 290,09
512,9132 235,1763
462,452 231,3016
425,111 215,6454
452,678 296,7602
415,7471 303,6915
452,181 249,0045
425,1038 257,441
499,7381 318,7279
430,8666 258,7834
390,1601 306,5481
379,2944 275,8764
429,4657 295,5523
414,2545 307,5974
448,5968 262,9925
444,9663 234,9272
430,2929 268,7858
398,996 302,7677
440,607 175,0881
478,5914 274,3825
396,0405 265,7828
407,2508 260,561
456,5174 308,8066
484,9474 283,1013
422,8616 297,8036
425,4315 254,5612
431,3619 303,8817
410,3854 285,018
379,3665 269,1016
425,4093 277,0576
378,5985 262,6448
425,2707 308,446
449,3849 281,9291
457,8235 247,8495
400,6897 269,8342
432,8232 265,9574
421,8258 260,9964
478,3248 271,8905
454,483 234,4461
444,6836 207,353
378,9378 279,4731
446,7222 289,405
407,5188 255,1833
457,9812 263,7885
450,9818 263,9673
392,8234 274,1429
460,2976 241,5303
414,3076 303,9753
432,8536 207,3954
355,7186 291,9854
426,65 255,0044
448,72 269,9263
431,5669 236,7052
419,0989 272,4638
419,1908 263,5222
540,9139 303,527
455,345 271,1012
375,4202 242,4015
438,9466 308,9071
450,2286 256,2247
403,4067 281,7185
408,1666 301,1762
458,1214 273,2188
393,7387 272,1276
432,298 234,992
423,1442 243,007
390,1043 259,7274
405,5101 277,5971
365,9963 254,1999
434,1085 295,7666
396,9271 249,0214
420,3172 260,0088
460,0488 236,4787
421,41 265,8611
423,7782 287,9157
424,4275 241,552
395,0025 309,0916
405,3968 235,2261
403,7791 311,6869
442,1652 283,9511
426,9602 247,9283
424,2512 267,2613
395,285 252,1231
404,416 264,0175
388,3699 246,7264
351,0088 281,9955
449,1779 268,1767
426,0497 280,6998
403,6965 286,4578
347,9909 249,1169
462,3954 273,1727
465,0785 326,6528
493,0701 276,4739
409,021 305,0293
394,8325 266,9063
399,6202 234,6801
411,9145 235,5794
428,3331 229,349
373,9095 251,9137
424,4835 256,0427
464,3456 292,5608
423,9277 289,6484
450,5315 260,8499
401,0637 216,7353
376,9406 259,4927
421,4545 241,8995
412,0136 303,957
421,0378 257,6046
478,0358 330,0675
401,5959 349,7688
478,8243 205,5917
428,2686 318,4976
409,006 231,0265
392,5806 264,5703
405,7422 284,0146
359,7714 305,3788
456,2808 255,9473
416,7175 258,7437
503,1846 279,425
426,8225 235,819
417,181 258,0872
379,3111 241,7877
437,083 272,3638
415,1715 270,8317
441,6014 261,8906
424,3812 254,689
447,3544 281,0985
449,3393 296,982
440,6873 329,153
410,9677 265,0155
491,8242 273,1853
419,572 224,4026
392,862 218,5529
417,4946 280,6384
477,8888 242,0055
461,188 254,0009
351,4902 283,8316
423,4853 255,0496
420,3475 246,476
387,4275 295,3383
432,3642 231,5902
419,0817 248,7215
479,0272 267,4143
439,0037 295,5197
432,1364 261,8346
414,0102 255,82
401,5583 247,1278
464,8808 255,1635
414,6908 306,497
392,5971 233,9771
453,3791 284,2767
465,78 308,6619
406,0626 242,3943
382,6122 267,3314
415,8944 265,3966
385,9034 264,7769
490,1654 244,9948
452,4245 285,8067
440,0517 250,8496
413,6469 282,845
419,3783 233,9274
334,5792 318,7977
440,6032 292,6245
409,455 224,5226
415,2505 259,895
447,2768 287,6745
403,1418 276,8228
464,9366 279,971
453,682 271,5085
495,3876 266,9198
456,9547 274,1694
421,5357 268,507
384,5976 243,1763
359,6753 275,2641
416,1835 265,398
417,1677 281,5404
453,1736 301,9869
484,7765 262,1927
431,5402 229,3217
395,7393 273,9523
439,0581 306,1704
451,2463 233,5712
416,1386 274,5249
445,0046 270,4782
409,4093 334,6678
447,819 259,016
466,2542 272,6897
357,5721 299,9192
440,6576 219,6771
431,5782 282,3535
429,2788 291,9138
398,1022 259,7163
415,0802 295,4713
391,568 213,7793
452,0995 274,1721
461,6582 257,3105
467,2679 229,0421
421,4894 241,936
410,5374 215,5403
418,3382 271,9855
432,2588 305,6532
414,0468 296,3918
458,739 294,5862
403,9723 264,1986
414,421 242,3472
426,8595 303,8507
473,8123 282,2144
410,8746 259,3664
447,4677 259,8158
443,8366 241,2163
450,7801 231,0002
459,8534 226,1565
405,6802 314,4963
396,2983 247,7164
454,3753 251,423
399,7607 254,9038
407,3093 292,9078
426,3963 296,0235
465,5568 268,6868
441,073 233,9831
422,9033 259,2285
414,478 269,8621
397,4369 292,2397
438,3912 314,8639
415,8627 318,6242
443,5525 259,9767
430,8574 264,0151
471,5772 288,743
433,0592 224,0882
437,4107 276,6862
412,3284 255,2457
381,3007 288,7642
406,4816 281,1891
454,2428 271,914
460,4446 260,7442
396,7819 291,3808
402,1665 264,4423
412,3136 241,1102
471,512 259,8263
366,1687 252,8115
455,8107 268,6197
432,8474 334,5426
377,9985 273,7337
470,3295 287,3367
439,3036 316,3205
470,992 255,0812
437,2085 329,1033
395,5832 275,5338
462,0266 268,3015
449,3144 297,1073
418,0163 273,1109
365,7048 271,4659
388,5449 274,3605
446,0804 240,1495
347,6127 276,871
356,6733 246,7631
436,8851 291,3706
411,9983 274,5167
414,7026 268,8056
432,2728 267,2706
397,1647 256,016
449,4154 242,9716
414,6955 245,5181
443,5664 268,7006
422,1444 302,4103
418,3259 245,4083
455,1813 297,4681
426,5405 328,2872
401,1379 265,4548
412,3103 276,1037
441,5532 248,1892
424,8422 301,9812
422,0685 237,9625
349,3704 300,7236
462,6338 239,3399
436,5698 274,7401
417,0464 291,7172
404,9242 296,2363
435,0631 285,3153
398,342 268,1937
437,9411 220,1354
444,5094 309,1835
440,7466 214,4565
478,9427 283,9865
431,113 306,3121
426,4719 277,1255
425,599 251,2632
467,4014 222,8635
402,8926 282,3583
408,9926 288,4904
433,9426 286,3056
413,2018 262,4355
453,7723 311,7375
400,7474 254,487
431,2855 324,1422
468,8435 294,3651
441,9412 247,0122
464,9503 319,7307
407,083 305,5256
446,7612 296,8987
425,239 261,538
426,5401 307,8751
414,1114 262,2258
429,1598 238,5189
400,128 290,9078
357,6745 306,9261
413,101 276,2928
436,5717 240,8529
372,7758 271,5799
393,956 285,2926
438,3744 263,4109
455,8506 277,0557
434,214 274,7864
381,3892 282,76
445,9625 296,873
470,5828 278,7441
401,5219 265,3007
387,8676 284,3474
424,7855 291,4216
470,8385 246,8635
446,7354 270,5772
418,7823 270,3013
423,1193 267,695
396,0094 301,4821
451,4971 291,4076
489,1743 226,7066
417,3971 253,8207
361,3493 305,9566
421,4 257,9519
446,8055 269,4701
417,8304 291,0182
433,8592 292,3656
416,5421 292,816
431,8057 269,7703
417,1239 245,013
411,4314 278,4103
430,0526 279,2901
410,1976 269,206
420,8063 246,4752
435,0756 283,5476
368,9453 310,6335
413,073 236,5502
457,7187 252,0668
430,489 308,2883
473,3681 238,4767
510,3551 201,7521
426,5739 314,4472
413,2241 225,2203
431,7156 257,3493
384,7168 264,3081
452,1726 282,4237
415,3078 325,5766
396,1265 272,6093
445,141 224,4491
413,7166 266,8384
456,7823 226,3062
473,8663 245,7345
432,3166 254,6376
395,358 275,614
463,8995 317,8345
389,5807 217,8326
429,0103 309,9639
438,1187 323,2245
448,541 265,7011
485,2151 290,8653
412,2988 323,5664
426,9432 249,7144
428,8838 268,406
417,3986 252,3905
424,0201 345,5951
400,7902 304,456
470,4942 272,5811
392,4337 310,8332
431,7666 256,3911
395,0939 285,4347
412,2825 258,209
458,2921 287,5055
427,1647 273,8605
394,6403 269,1182
444,4634 281,2078
419,9674 228,1967
483,307 287,4822
427,6079 247,5261
471,7704 231,825
407,4001 257,8123
397,6353 232,5332
414,3751 324,1138
449,1323 240,1445
445,0258 260,5171
469,2839 321,8394
402,608 277,6285
441,5083 258,336
410,8369 216,3665
441,613 249,0118
483,8767 307,5716
405,6619 283,7885
445,3803 257,5792
454,8666 276,7251
418,6852 220,2481
425,3665 255,1439
401,7555 243,6589
457,7417 222,3368
450,3603 247,075
421,9306 238,9069
421,688 240,1498
420,7456 269,2784
408,8487 287,6891
404,3209 263,7736
425,0794 273,3284
428,4833 257,3425
434,1213 213,2753
415,4151 265,5033
415,4055 302,5834
451,1896 329,9287
428,9045 277,0715
436,9308 326,4752
418,9916 252,6717
425,0116 243,9909
409,289 283,1166
440,8762 271,0882
382,2001 266,1326
454,6304 230,3682
524,4853 276,7444
426,6367 255,9886
418,0496 242,6407
447,653 302,3995
479,3276 314,1892
442,1996 339,9125
377,7758 241,5348
441,7146 219,6925
473,2453 240,3984
401,5181 259,3793
388,7003 222,9498
397,3518 301,917
397,3679 309,9962
437,307 299,245
397,4515 305,6648
473,3818 257,9704
411,1407 290,4011
477,0225 304,2634
418,4133 240,1115
409,4856 237,1053
383,3738 281,3605
425,4992 247,8288
452,6936 257,7338
388,9341 253,7073
392,3759 260,8951
426,9843 314,3413
466,3279 251,9527
438,5435 281,1211
414,0046 305,7424
394,5319 243,3397
441,1487 242,5878
460,487 273,5989
483,0163 296,8939
464,0418 268,0061
406,2006 261,4652
431,2254 297,6616
439,1602 299,5145
377,7698 287,8851
421,9432 295,6536
428,9615 270,4139
376,9704 278,6444
429,2939 289,5203
453,5116 258,2257
409,6266 261,0331
448,5849 273,1733
427,4208 244,3569
459,796 267,7574
424,2924 302,8214
371,9372 306,188
397,4493 232,4421
478,5315 243,7146
411,5923 255,0949
452,0839 249,3063
390,231 257,7098
444,9109 291,3994
405,9954 259,5371
474,1039 302,2484
388,9946 249,6536
419,2825 244,4216
402,2422 312,1318
489,6152 275,6943
430,1186 301,6142
418,347 235,5499
372,4212 279,7536
349,8622 259,619
453,8118 345,3482
498,7056 279,0288
396,4911 261,5681
376,7525 241,3577
411,0803 301,5274
441,2178 262,7926
430,2299 266,5157
411,9163 217,6125
392,0994 244,2883
420,2924 302,579
406,7517 315,6636
419,1871 267,9389
394,3143 275,141
483,2308 244,8868
440,2074 322,1676
475,8869 281,5796
426,6724 270,4011
438,0253 286,378
405,4691 271,0388
492,8441 291,3865
488,9751 272,5379
403,9712 258,8146
401,8206 233,7496
443,4889 258,8607
427,5045 283,9349
454,95 301,4455
392,9345 235,6926
429,2991 270,8961
412,6819 265,9331
422,7215 282,9705
465,6568 236,023
466,2477 254,8125
412,5304 259,665
474,6904 287,9407
403,5632 284,7897
475,9341 222,2255
533,8477 273,2482
380,5132 288,1317
421,224 287,6922
453,4583 244,5703
470,7696 239,1854
422,7421 225,3974
405,2347 239,0921
461,3672 288,697
441,5035 270,3057
384,8078 329,4957
415,8767 266,5927
422,3408 307,89
418,5419 317,9213
416,341 242,1086
439,0724 255,4743
393,741 256,3637
464,0689 236,4379
435,7026 287,1694
408,0776 284,9516
420,3047 227,72
439,1097 245,6376
397,8699 323,9763
460,9105 227,2108
474,7117 286,761
473,2003 237,0068
423,5715 273,345
497,8609 270,0127
437,8255 279,3504
517,2507 245,5003
408,1344 249,3817
439,9129 286,3765
410,2509 296,6417
414,8747 317,0406
439,3271 362,4504
432,3411 297,2003
447,6146 277,066
466,0847 289,5918
448,6663 277,3505
400,1316 255,4293
476,5057 274,5562
395,4645 266,2921
478,8386 264,9144
429,0062 279,2894
417,5246 289,8261
458,2508 255,9538
426,6529 270,185
407,0993 239,216
384,6447 234,9334
432,4727 238,5134
465,9544 298,5143
398,2539 315,9403
457,6903 248,9155
417,685 275,4329
431,6886 240,4333
467,2173 244,6911
409,5548 281,9899
426,77 235,6493
344,9002 239,0936
465,5155 312,4983
437,1477 248,9237
433,2797 304,4744
442,4959 268,5859
417,8642 250,0236
418,161 238,8187
444,5113 270,2196
406,7087 238,4984
418,265 228,8392
398,796 281,6686
426,866 294,2339
444,476 248,4738
438,5134 283,9414
409,564 309,9782
402,6502 248,3496
421,454 262,2596
463,2069 282,6912
444,9339 277,5609
469,7188 355,234
382,6223 245,0816
421,9017 328,6125
372,1056 292,411
505,3258 242,4685
388,5341 289,5471
461,4163 289,2975
443,6031 311,5581
437,9859 245,3006
409,4253 245,07
450,104 267,9026
457,3743 290,5686
438,3653 305,5328
427,2824 268,9462
457,4682 253,3013
462,5562 334,256
444,7017 255,3983
401,6441 307,3882
401,2326 229,9479
430,8413 209,0981
427,1466 293,3353
416,411 192,9388
463,081 283,95
409,2831 274,5438
451,8984 279,5791
447,2979 260,3283
407,5034 305,5595
438,071 222,6492
417,9857 234,0642
417,7417 282,2277
412,122 294,6413
397,6246 305,5444
396,8289 257,7334
460,6415 265,111
428,0767 270,8475
360,3987 341,6925
446,1921 303,2133
423,7399 294,3095
420,1727 242,5865
456,9426 244,223
363,6781 361,18
457,2029 280,5131
425,414 241,584
397,4072 289,7011
412,2146 261,8779
419,4653 266,2605
395,8335 270,3263
460,7713 260,9303
448,5557 238,4683
422,8431 266,2688
460,2429 267,4971
431,8842 277,2604
437,1512 305,2986
457,2598 273,2455
450,8953 260,8017
407,7543 279,7031
422,8033 240,6223
372,9633 324,5632
418,4162 283,385
380,4456 303,1186
386,9514 291,7495
387,0723 329,6938
439,966 316,016
445,7147 219,3253
479,4996 228,8493
423,5118 223,9636
454,4197 259,9014
462,8133 335,768
393,0548 262,7755
484,3258 243,3791
385,1678 249,8071
423,6674 245,8382
475,7898 220,9987
413,796 293,8596
389,3687 265,0997
429,9976 239,4909
480,7574 255,3632
343,5053 312,6761
449,5861 282,5453
457,9684 285,1806
430,3086 245,852
433,2603 221,1268
448,4459 253,0563
473,5682 216,1299
442,5028 278,4753
441,3307 289,3934
454,9465 231,057
492,2657 273,0236
455,4119 337,7957
434,9099 295,5102
405,7529 291,7609
390,7754 223,9378
421,365 227,0819
455,8358 259,9034
420,908 283,3599
445,6472 245,4462
433,1651 286,582
429,0669 261,8192
410,3929 284,3615
419,1076 270,838
405,0023 245,4344
397,132 265,5354
328,9432 336,9097
380,1903 235,2077
403,5153 263,3233
373,7661 303,3862
447,6683 240,1881
389,2153 261,1452
414,283 309,5923
421,6833 245,9722
438,3658 295,9468
452,1296 234,1638
489,3958 292,5676
514,949 235,3445
437,9874 316,8853
427,1669 237,6191
445,0646 294,2432
444,8272 274,6018
390,8896 280,3576
395,6139 298,9103
428,8397 268,1485
446,4845 236,7566
416,7775 266,9281
431,8038 313,766
401,5546 255,0843
398,464 223,0768
406,3832 260,8456
447,8127 274,968
467,3042 307,4233
473,885 292,8028
428,2126 237,5146
475,4827 282,2263
393,9781 324,3042
476,1631 267,1873
427,5335 281,253
436,6737 282,9529
453,4576 307,3574
403,2664 276,5419
406,0105 317,5192
483,4707 229,8411
413,7155 301,8246
417,3352 236,6932
452,0773 199,3427
491,6524 253,7706
411,8176 228,0959
462,1398 296,2065
394,0336 300,1227
409,3244 293,9026
467,1783 273,0619
421,8327 261,2685
460,2312 277,0438
487,406 294,6041
396,4763 309,0522
405,8818 262,5833
392,0102 291,5234
440,9852 296,499
427,6354 249,7944
429,6934 266,1326
420,9161 262,1051
449,2251 264,2549
414,7102 240,1571
448,8928 220,4946
453,1452 267,9206
407,9901 242,7463
458,2412 233,008
395,2157 258,7965
459,7398 303,4378
400,7648 262,0699
391,684 297,1797
404,9488 242,8003
348,2925 320,3439
375,1148 275,9105
443,1932 278,2914
420,6699 315,2309
496,9133 230,2595
419,2997 248,5304
388,7313 338,0789
412,9606 289,0524
435,1164 242,5179
448,95 244,4806
426,1991 253,6131
410,809 283,421
427,7562 276,4165
478,6209 251,6327
433,3645 329,8395
421,0602 224,4131
459,1423 293,8519
436,8872 236,8688
406,1528 280,9228
435,9232 246,0873
438,3992 254,7395
397,5778 264,794
404,6032 282,6371
353,7221 312,043
424,8223 295,7531
458,8885 245,125
438,2954 280,1793
443,1235 294,5057
468,7475 296,8778
400,9934 253,0885
452,2129 231,4018
427,8717 254,6778
425,3966 269,4816
431,474 272,606
419,3853 262,231
408,5341 278,9
383,4784 283,7811
378,4261 270,8229
364,9456 261,3475
433,2384 283,4815
480,0894 231,2236
384,3897 286,6536
487,8263 313,6077
433,9836 248,3137
449,8132 253,3284
423,6821 232,7547
418,3314 270,9604
396,4795 278,2399
449,6796 315,0332
461,1364 224,9625
415,2864 285,0452
474,5945 249,8514
415,4827 248,619
415,7635 268,5502
405,548 245,3675
389,2002 244,4358
442,074 214,9361
429,6247 264,4216
504,8122 271,1568
385,7375 307,8584
450,493 246,323
423,2621 226,4271
439,9071 278,6937
450,1895 345,4592
466,1886 237,3596
437,2813 410,3718
448,6968 243,2677
460,9899 241,499
434,6913 230,7422
346,4527 262,8546
426,2708 339,5524
391,255 264,1383
446,1413 307,8387
423,7628 314,9917
401,6878 294,9323
428,055 332,0008
386,0331 324,6973
372,0246 363,8708
471,6842 288,4131
438,126 287,9373
404,6039 279,2577
345,9185 250,4341
376,3062 332,0574
403,3229 305,8628
397,9842 272,647
448,8921 277,5413
391,3405 285,5422
423,4773 241,0068
454,6833 310,6196
467,5875 302,6956
421,4111 296,2928
448,4011 304,5699
361,1853 287,0632
431,0813 248,7102
396,0633 289,4134
440,6909 268,6809
438,0597 281,0074
369,3143 279,7268
389,5912 270,0854
505,5972 240,2811
393,2587 241,8528
408,4853 267,8418
407,9203 248,4017
424,7166 239,0684
447,5463 270,3102
424,4453 258,4484
397,0562 244,7993
423,2779 271,6055
463,8281 310,2277
423,4165 239,7792
444,1004 239,342
414,1655 265,2287
447,3924 219,3321
417,0709 258,5588
431,285 263,4247
415,9096 246,0962
449,8318 265,9281
413,323 303,3067
441,5381 250,7307
392,2527 266,7164
479,1782 279,1621
454,682 219,3986
457,8604 285,8373
419,478 311,1578
431,6905 293,2577
426,7844 273,2121
424,2158 242,3254
445,0793 277,476
427,7111 324,7714
415,1026 246,621
390,9149 290,1041
431,4924 313,9353
433,9753 266,6147
382,3899 292,9585
437,9287 249,618
389,6935 233,0677
432,2 235,4605
382,2721 266,0847
456,6471 244,1456
463,8554 290,8815
411,265 294,6365
432,4775 279,7213
463,166 282,9065
461,6312 284,0665
424,0159 282,3785
433,0832 255,9225
407,3664 263,9398
386,0777 302,6788
415,4471 263,8784
425,0655 254,5828
425,7287 276,0899
407,7 247,1768
428,2288 272,353
456,2871 277,5918
428,9966 295,0053
458,6596 308,8941
434,6819 244,1338
456,1864 203,8479
468,3882 307,762
423,0352 288,4424
431,7365 310,4302
437,4742 284,8284
433,1179 299,2048
407,2198 262,3327
496,9948 215,1535
388,8074 267,2765
423,3572 242,7677
400,1181 267,01
444,4225 287,7379
385,4333 237,5061
431,2154 267,6968
374,2534 278,6866
446,1156 263,0427
444,2303 283,4353
412,6023 288,452
444,6331 311,3628
415,0697 256,0463
426,4369 317,6419
431,8532 256,3911
384,9957 267,26
482,8027 237,292
428,6454 221,1739
447,3669 246,6692
431,255 222,3334
421,8428 224,8526
448,8575 207,0285
402,0319 297,839
463,1147 242,104
470,7822 283,9671
449,7979 324,1452
438,7897 221,7168
410,8127 233,7185
429,6636 204,0154
410,898 259,1849
489,4827 278,2561
443,3675 293,8825
444,7038 241,4718
430,0403 256,098
443,3919 200,5366
436,2713 270,4881
416,4961 269,402
424,299 259,2678
454,0858 311,8079
452,0504 270,304
472,0343 222,4617
393,2242 260,5241
476,8672 215,5186
421,8512 250,4851
433,5103 220,8188
473,5437 287,6226
388,8734 271,5422
413,6633 234,6567
476,5817 290,8142
405,267 269,3841
439,6517 282,3022
425,014 241,0789
420,3303 247,5198
442,9425 294,364
467,1812 258,2781
411,9151 248,0248
373,6826 318,8861
454,7504 238,282
475,824 267,3246
413,495 289,5978
424,9548 209,247
432,5488 268,4814
407,7667 277,0788
412,4752 269,8372
427,7753 295,0662
407,2375 276,1445
451,5089 256,6916
432,4627 285,656
380,7143 274,6977
444,263 252,7757
394,7689 284,0482
443,9186 327,7682
451,4443 264,124
448,2349 294,8266
452,2542 261,9675
389,7206 298,8628
447,5621 303,8763
425,4105 310,1065
383,9567 239,656
414,3317 300,4133
439,299 241,8436
418,9601 223,7706
456,0329 222,5009
475,0512 275,5127
386,4052 250,1449
484,8125 270,5021
481,9347 309,6969
444,1602 247,4684
440,4039 274,704
451,6494 234,8162
411,4902 310,9098
436,0212 282,503
403,1274 299,5582
461,0138 253,2192
479,3035 259,941
439,7234 303,8631
434,1222 274,6369
442,98 307,0047
359,9666 291,2522
444,7664 248,6988
431,9512 250,604
384,0768 290,9945
419,1359 313,8991
482,7251 296,238
414,8905 252,5044
383,2056 285,3301
400,3877 274,79
459,075 223,7509
395,3074 299,5933
422,822 239,0252
417,1351 310,3349
458,5627 305,4398
435,663 276,7866
427,4439 225,0632
478,2116 226,2616
422,3047 192,994
460,0464 274,5731
359,4818 239,0421
413,241 269,0306
436,6371 226,3718
417,7024 251,2962
390,8623 222,6647
443,1379 287,0545
360,3351 248,1138
365,99 304,064
444,5 237,4525
415,8775 241,0341
407,5548 258,8434
401,735 240,8703
425,1552 297,355
459,7371 207,6318
455,9667 224,6516
424,9228 258,1548
408,5378 228,4251
427,1925 276,078
454,8123 278,7056
414,1534 283,3103
398,011 286,7582
467,8295 258,6617
451,7223 244,4923
419,051 233,3789
403,5994 285,1137
385,4059 269,0784
415,6761 271,0051
441,9652 230,5049
434,8904 338,9409
450,0313 292,3101
418,3156 251,7582
415,197 304,9509
471,7901 263,6949
441,3545 319,4725
411,6857 291,6715
430,4931 227,6862
404,1137 230,893
396,9817 298,0573
438,1099 250,3861
452,5112 302,0234
458,4558 237,8801
394,1273 289,4105
460,6528 252,0372
421,2863 278,4327
446,7255 269,5945
432,2367 240,4186
379,3278 287,6062
434,8383 306,4988
410,3933 239,886
431,9306 278,1585
473,3962 204,0682
393,0663 238,061
376,4398 210,5025
502,649 285,0587
415,6605 280,6012
368,397 288,594
404,4557 259,1045
393,9002 320,2704
369,9976 317,6783
387,3157 233,5167
452,7707 260,3951
418,49 253,2378
452,0872 277,5025
398,2239 291,3211
430,4466 210,2934
463,7342 263,8022
426,6827 283,6061
433,6378 297,1495
401,6393 261,2562
381,9812 280,8917
432,6531 244,3189
414,4029 241,0619
409,3755 343,9122
458,5963 323,557
406,0137 285,5365
409,2235 373,3429
440,6267 293,5334
406,9779 260,7874
461,4023 307,1365
451,0076 233,5608
446,2758 279,4154
410,5007 258,9556
434,3409 270,0401
432,374 258,3069
403,8383 287,9271
355,6402 274,2219
415,8443 295,4464
395,8067 262,481
415,5358 306,5109
418,2201 270,4204
456,8136 295,93
480,8607 259,0566
473,1693 272,8311
415,7412 302,0259
375,4619 260,9296
406,1795 252,7256
431,3312 303,2178
416,0288 271,489
453,2941 307,9282
456,7676 246,0454
500,6027 280,7315
428,8534 232,6171
387,9727 275,938
423,1268 238,3044
475,7791 283,4469
371,2769 250,4122
385,538 327,8811
424,0051 300,8773
380,4691 270,5396
357,1429 267,6616
388,4694 284,3531
414,3242 263,4292
420,9704 254,0502
450,7671 279,665
424,5926 240,7653
404,1249 240,9118
409,1434 274,437
476,6815 230,0584
429,7091 266,744
406,828 261,6726
389,5644 273,5453
377,7005 289,5761
409,9576 240,9121
441,3435 264,1697
398,0894 274,1314
430,1518 298,4946
428,4058 300,0198
394,2447 260,9455
413,7543 286,4566
429,0131 246,0295
366,3115 313,4806
442,5749 250,9851
411,6715 298,6599
417,745 236,94
421,2951 289,0419
440,1118 232,983
385,5948 278,5199
455,9136 286,7616
430,9454 279,9807
396,0564 321,0885
476,764 292,6352
450,1253 254,3984
395,8174 241,5855
475,5452 283,0316
453,8755 198,4068
394,7425 236,2314
446,3118 226,3238
434,9373 203,4962
395,091 262,6102
336,2124 264,8527
423,6592 246,1818
453,5177 316,0025
408,4741 276,7307
446,6597 266,586
466,4564 274,7745
402,8125 240,8255
403,573 276,7908
458,9928 276,3098
375,3806 222,9254
437,0442 285,5107
386,7711 286,6134
440,2592 342,9589
452,9085 326,6216
460,5394 242,4221
443,5224 198,6724
368,3921 244,5421
385,1609 277,5118
466,8459 300,311
405,4605 264,6265
436,1362 306,1859
457,15 256,3787
413,8696 278,0984
404,8248 292,5583
412,2992 231,5255
412,3173 251,3195
348,7961 242,8979
400,1097 280,1359
436,8254 257,2391
426,5862 223,9253
422,2892 255,1626
464,0919 255,1196
445,7133 200,3702
453,7241 259,1297
462,974 267,1012
367,7909 277,5663
391,6072 270,0405
416,1183 239,8912
444,5916 262,0362
420,4168 285,035
397,5542 262,8694
398,4122 277,636
428,391 328,5083
423,9797 275,9402
352,2945 265,2934
427,8604 312,0952
453,0646 297,2774
448,3223 238,4502
403,8745 294,1754
435,2114 272,3058
453,3558 268,1369
423,8384 265,8611
453,348 259,0102
423,9084 303,0572
420,8588 279,9428
396,5813 253,2092
459,7757 257,8036
448,1743 300,9737
402,1968 274,5834
452,559 268,6763
417,3851 244,6934
386,7722 284,2924
393,2382 271,3544
386,569 251,4814
384,3165 269,0808
384,4113 255,5704
480,2696 240,6193
431,6458 245,091
385,3057 246,7737
414,065 230,6708
447,2136 267,724
417,7912 351,9219
371,0529 256,9783
441,1718 285,5983
445,2998 308,6477
494,6888 265,6882
447,9904 228,614
361,8525 237,8309
414,7038 254,7856
369,9399 279,3838
439,1449 277,925
409,4389 322,1718
485,1371 186,6382
450,1482 308,6353
418,7233 249,3712
442,7563 237,003
442,8537 254,9644
476,509 298,0691
444,4662 160,9917
452,3369 258,8287
410,0911 285,4579
400,5558 267,3812
455,7433 282,8605
399,288 259,8983
422,1762 337,1117
461,1935 270,6779
438,9151 267,6679
431,8653 234,2639
390,2504 279,4306
433,6705 266,861
462,6014 227,3945
442,5875 302,5549
405,507 237,5568
388,5987 271,3755
444,0635 269,589
469,7107 220,7997
415,7865 263,1892
403,5459 283,951
387,9181 290,297
473,6022 306,0275
451,6637 273,2651
399,0039 264,6488
441,7353 316,7323
405,4254 249,1577
479,6859 189,6335
433,2339 282,7275
468,8689 255,1446
447,8056 282,1088
389,2319 284,2728
430,1238 248,5135
405,4596 282,0361
457,9446 277,3887
472,1351 281,4606
418,9002 258,3758
432,3281 297,0177
441,1525 301,0147
455,5138 241,2092
444,6117 282,7131
451,0641 295,9649
388,3611 238,7101
415,2759 311,9494
406,228 248,0484
397,1161 298,1145
422,2289 235,72
446,0864 258,9905
492,1061 263,8864
490,5912 329,4916
438,8736 308,9107
454,1019 265,9113
414,5887 276,1286
399,0546 259,2331
376,1367 263,4711
469,5231 268,8754
444,4411 247,4714
451,5191 276,8628
459,3269 316,0525
474,799 366,0787
407,0841 293,1871
501,1804 314,7703
414,3738 274,1563
465,131 270,5542
438,0957 270,7408
459,5941 208,1158
419,5343 236,4366
486,704 278,7897
426,5621 280,2274
427,0856 308,9381
433,8694 282,4357
418,9428 293,6294
441,137 286,997
375,2592 282,0587
431,6793 280,9772
413,1982 313,2991
414,1908 253,1683
449,5185 246,754
456,81 304,1312
444,1748 300,3726
455,5321 268,5364
458,9667 284,8804
458,2759 250,4528
466,75 235,45
405,3923 301,2821
470,924 287,8887
423,2148 295,9328
363,7478 254,0673
441,4058 235,3452
477,626 286,9595
470,5552 250,5133
429,4118 238,299
467,7035 262,5598
395,516 261,178
410,3064 241,5538
447,1024 237,7919
422,3148 273,6986
444,1885 259,0938
421,2154 246,3802
419,96 256,2658
420,5697 255,9081
441,352 278,1671
441,6099 241,3749
431,6138 279,7146
456,15 260,824
441,6729 287,8725
415,7025 225,1684
428,568 310,1711
409,4024 276,0658
405,6185 264,7037
516,8121 289,4354
414,7237 295,4036
467,0838 282,2065
427,8912 228,5807
447,1834 234,2513
386,8553 264,0888
409,5775 319,0299
425,0925 277,4231
387,3868 261,9081
420,1622 252,295
454,3228 247,4455
476,3562 255,0511
472,6491 269,7799
433,8125 257,2039
472,8345 252,1218
400,6114 225,4757
427,4116 303,8936
404,0637 221,9589
497,8856 336,7913
458,2293 280,5366
421,5202 255,2727
439,5711 269,3737
406,593 287,9123
365,4998 253,9339
371,1002 271,1856
458,4553 269,3832
399,7982 305,8517
417,8684 304,3225
460,2575 259,8781
422,084 284,301
413,3743 282,6683
385,78 296,9626
410,316 280,6857
424,6883 262,0124
380,2293 298,1839
421,9548 294,3778
469,7229 282,3241
456,1231 257,659
439,1038 262,4078
416,3092 322,0817
424,8725 194,8375
436,2627 274,7844
414,0515 239,5459
434,0642 296,8338
496,844 272,751
429,2286 278,3933
408,9524 274,118
401,8533 281,2535
406,4089 355,6689
437,3984 296,0788
402,9909 285,6127
396,6142 240,6234
398,5134 230,0951
414,2396 259,8582
411,6646 311,2411
408,4607 326,8442
459,1905 263,2938
420,4604 304,1631
415,3998 262,7409
431,2984 329,6092
454,1691 253,9021
392,5375 281,3478
398,409 282,1018
394,2044 269,0211
405,0096 255,7227
464,4735 243,3421
442,7743 297,8328
410,9055 253,9835
438,6224 255,6321
390,9891 235,3781
464,7677 363,3261
403,6451 273,9402
457,4739 206,3131
424,6053 301,9967
463,1626 279,3763
385,2179 292,9026
442,9015 231,7095
409,979 260,2104
460,3685 257,5894
450,7422 265,2891
441,1362 238,5733
449,7251 208,9703
438,1667 255,5983
379,3528 262,8779
453,9988 235,7657
452,1947 263,3283
451,611 253,2668
424,1397 292,0392
425,5793 295,0513
408,0521 276,4952
439,6051 282,1716
411,4187 290,1072
447,7131 276,5564
374,5971 288,0543
430,9184 294,9308
455,1323 270,461
442,8572 301,7499
440,0189 325,4979
393,6177 248,8563
423,5591 209,7923
453,8456 297,1439
460,8576 267,9598
379,6059 239,1378
411,4173 276,9405
409,1765 289,0989
415,7445 288,0773
472,5834 279,4653
473,7809 240,4555
442,6168 321,4771
365,1401 260,6777
418,4219 299,0016
385,5348 309,6626
364,3134 316,2407
405,9641 323,1433
424,765 295,7348
441,4746 264,8199
356,4836 251,9861
418,6937 296,868
445,165 263,8655
485,6814 301,3973
398,7776 235,7624
442,5839 258,7147
416,1845 299,5762
434,4535 316,9035
483,2939 250,1436
449,9664 353,4717
387,2592 299,1192
432,3002 263,93
440,3467 294,4025
430,5345 250,0262
425,8473 309,6778
465,6704 287,4943
446,0493 253,5727
417,7798 285,933
407,2087 254,3372
442,5324 281,1389
417,6628 235,9021
462,4926 254,4455
429,7343 200,1531
383,6977 308,6269
453,4499 296,1294
364,9624 263,4954
445,8496 245,3397
492,5776 246,7694
441,4052 245,8271
399,7625 294,0545
429,7156 254,6827
449,2282 219,315
456,2805 229,8042
448,981 296,3595
459,4103 282,7083
439,6872 307,3501
416,0498 293,8057
476,4148 309,0771
401,7373 268,6987
381,8694 254,7992
448,8128 293,8883
374,6744 302,5834
430,3224 278,5783
424,6173 264,4504
442,0669 265,4615
406,0539 229,6276
410,214 240,9393
416,0234 346,961
444,8059 255,4622
419,4069 273,0686
438,4049 334,3535
377,5413 236,6792
454,2001 299,8702
436,3393 270,3189
466,1691 290,6928
417,5918 267,4187
401,2329 268,3786
391,6636 266,349
432,7775 273,8329
431,3796 256,3685
437,5691 217,0558
403,573 286,1089
428,2332 309,7897
391,75 260,4436
426,4979 268,6928
438,1252 285,1249
452,9028 237,7043
435,0187 249,3961
383,2158 277,6173
410,0812 303,5365
423,3405 287,097
447,8562 257,778
426,6816 279,0619
447,6078 291,0411
472,1956 316,7657
459,8993 298,8205
442,1986 299,5737
434,5181 272,6435
394,1882 349,2891
427,2708 266,8372
432,1344 304,8476
413,6371 246,2943
430,4075 338,6099
435,4309 270,6017
486,5715 267,3935
420,9272 234,0329
426,0373 271,8765
427,5867 247,6571
362,8353 219,7923
491,9275 269,8364
414,706 247,1529
426,0584 286,0295
473,1418 241,7408
423,5106 206,7007
424,321 243,9099
428,0278 252,9598
447,264 311,0662
425,4859 248,1612
424,4719 266,5983
409,632 322,4284
406,8856 213,5334
417,3222 283,9409
380,8334 295,3259
459,1129 268,3552
400,9683 248,7464
444,0544 244,373
356,7452 260,6606
421,1544 287,8949
498,0863 232,2162
445,3058 315,3617
413,957 232,2749
469,3368 219,9619
412,78 283,2087
446,4394 245,8912
397,9899 249,9812
435,4826 277,9999
402,601 277,1064
432,9377 332,0228
450,9643 266,7786
465,1158 263,6096
479,4788 244,4907
423,5515 312,624
404,807 263,9658
467,9781 249,4443
381,7144 290,4671
405,1166 311,8391
419,7103 282,5578
462,3284 270,2153
464,1351 255,5964
446,606 260,0808
398,8984 325,659
451,649 299,9243
405,1073 284,9201
416,1572 318,8933
385,7544 288,3677
465,3374 275,4579
410,7579 351,8045
394,6501 278,9616
410,3469 263,0555
431,5737 240,3313
428,6745 244,9474
363,395 282,0875
434,9011 276,6916
453,308 277,053
483,3514 225,4499
409,0382 298,2511
497,9534 293,2849
388,4825 287,3638
421,7628 289,0023
424,346 255,575
387,5517 319,2005
401,648 246,0308
457,6198 247,7247
428,5762 278,1239
458,3049 222,4051
467,7972 234,5178
438,5368 262,5139
419,552 264,9359
417,2718 292,478
455,075 269,3866
431,0052 266,0051
408,0348 224,0797
416,8585 328,1962
416,8441 306,1621
411,7773 210,6782
451,1809 232,6582
445,8277 270,1387
467,2447 267,265
443,0025 295,2301
429,4345 414,1556
428,4459 384,6209
383,3276 400,0866
389,6522 337,9737
421,863 370,5128
467,5367 363,3212
432,1484 365,8606
400,514 315,6495
426,126 381,7049
396,4255 397,6347
459,8088 366,377
442,084 337,3575
444,4943 370,3149
499,982 356,2755
446,289 365,8612
454,6486 402,8598
389,1474 382,1116
391,1119 331,8018
429,644 353,7301
435,958 337,1573
414,2555 360,4429
439,4179 382,2909
455,3872 348,0977
402,2106 371,9974
411,1646 396,6471
406,6073 354,1207
429,2493 405,4795
488,4354 369,8331
422,0204 358,753
411,0829 394,8143
429,4073 359,5811
492,7071 415,225
459,7145 341,9386
460,7793 367,5756
405,7744 349,174
403,3352 369,3882
420,7214 351,5331
457,7948 346,4101
399,4441 374,7637
422,3081 321,9395
419,569 363,7358
362,6359 317,6557
423,0124 380,9385
414,4935 363,4841
424,4926 372,4211
429,4395 372,3831
469,5137 353,6316
402,3304 345,5919
393,6456 379,7376
417,199 349,1483
397,1464 405,5936
400,5669 374,4801
445,2266 336,2691
428,3797 384,2667
451,7986 334,133
444,2721 375,2298
509,9762 367,5295
424,4903 339,5871
423,2695 383,2489
438,2936 358,5338
438,9393 370,1612
420,8503 322,4117
460,0128 344,1169
366,7897 387,5546
471,5397 356,6854
420,0925 395,6718
421,4614 384,1626
461,2303 407,0797
401,5262 349,5731
447,2089 359,8874
433,7326 333,8672
474,2828 333,8883
435,2441 368,6485
422,7124 380,0231
490,6545 370,4007
417,441 289,6496
434,2804 407,0839
397,5258 333,4027
402,2738 301,7787
418,4601 343,754
400,036 379,4024
411,7212 308,0946
427,9021 382,48
432,7495 357,1414
444,8788 354,6761
400,2442 390,194
432,1994 352,8372
472,6604 368,567
450,7522 379,7024
445,2961 364,3914
413,552 371,6492
427,7648 350,4169
399,7419 332,4018
433,486 336,266
423,2445 331,1496
436,566 359,4776
426,1873 296,7922
464,4709 330,8284
445,0809 361,5845
372,9362 361,7755
426,0118 328,6308
467,17 338,2303
386,7757 318,175
382,9647 372,6566
426,8716 358,006
444,1777 332,8061
460,1202 391,004
443,8821 383,0443
441,0967 338,6741
445,397 352,6483
412,3574 313,413
436,9516 421,7274
439,2195 321,4131
448,6154 389,6652
406,5829 392,2906
435,4201 370,8048
436,7874 347,7016
448,8649 369,9477
398,0495 360,3231
451,2028 360,5265
431,6551 351,0005
437,5672 277,6919
444,7027 376,796
467,8262 358,787
423,423 274,1499
421,1391 424,3747
402,1981 354,3076
448,5811 332,9864
408,043 365,8353
439,0386 379,7603
453,8851 359,6265
447,4438 334,4185
441,6716 348,637
405,7395 327,2814
441,1053 372,4237
433,3562 310,4613
382,624 332,6572
406,0927 386,1398
433,7974 374,7725
447,4245 308,8002
427,1905 440,2669
459,2822 355,7866
428,7818 361,3119
444,7444 403,1848
440,2681 375,2422
417,9803 321,5603
407,1389 383,4437
453,1589 400,3029
423,0214 326,249
399,2008 414,1599
428,0647 404,9995
438,8303 374,1665
415,2197 334,4307
411,8195 341,504
399,4608 326,9763
479,1004 370,3808
435,5815 342,9716
387,3967 410,7129
425,7626 392,7796
416,8668 380,3969
468,2305 314,1321
443,2467 384,8329
378,6356 342,8086
467,5085 356,309
435,1563 370,8403
438,846 386,4256
426,4379 377,5945
359,7539 382,0867
432,8901 361,9619
464,6002 355,2104
425,2901 395,4584
409,2337 430,725
465,3888 323,9561
431,6582 337,3321
438,8415 372,4583
465,9677 364,095
410,2054 351,4118
454,1033 340,6738
423,1327 366,1875
427,4429 342,5805
454,2455 353,4865
484,3063 391,2087
403,4067 343,6588
410,424 380,487
453,4922 366,3921
450,0655 369,5356
453,9921 373,6709
399,7845 368,5534
402,5322 345,8525
429,4123 393,9576
347,042 391,2243
471,3646 373,6095
462,1743 367,737
475,6306 341,7159
395,7939 364,912
472,0797 329,1496
412,2277 384,3303
403,48 400,0483
429,5546 350,2432
398,4908 386,071
416,6469 397,4753
424,6496 363,1851
430,7007 338,3799
432,9626 381,4474
411,0112 382,5409
439,7675 369,5457
397,5491 390,2834
433,3628 375,0275
376,8667 330,8493
405,5898 361,8482
447,3673 414,5818
376,1502 364,3783
436,2224 360,3844
417,2899 382,1356
429,9077 395,0133
412,8211 367,925
437,6643 423,8329
442,8071 447,4105
444,7782 346,8762
438,4048 339,4088
417,4898 351,4893
432,5664 353,5417
418,4655 419,5424
421,115 343,319
380,3843 379,3765
374,7727 376,7582
383,7091 406,7188
346,7104 402,1368
477,2423 342,4437
448,1664 312,4616
404,1426 382,9428
397,5642 312,8905
393,1502 344,4476
439,325 384,1419
412,444 328,5329
418,7472 287,5178
407,4982 364,4577
455,4552 346,8539
411,6622 361,1851
428,7312 312,6816
444,4672 301,0687
428,8011 362,254
419,9217 424,8419
433,2482 399,5157
423,0096 329,0386
403,0192 405,5898
433,3219 307,7662
429,2102 360,8756
391,8071 402,5697
457,9222 349,0294
414,4555 358,4141
451,9912 418,2707
423,941 318,1864
431,265 352,6278
429,5356 402,1881
385,1613 338,9398
460,0599 344,9667
445,5406 362,4582
408,6189 389,7785
457,5499 410,2955
480,148 357,1045
436,0374 379,5201
413,0689 389,0058
476,6206 364,9027
402,5287 367,9028
376,1518 384,948
388,013 345,1684
439,5743 376,5181
426,4493 354,2289
390,3788 382,8652
472,677 328,8676
408,0484 308,2753
424,5529 386,8561
457,7106 348,7719
424,4485 395,139
432,3645 399,145
449,983 296,9708
425,2422 341,3118
461,9935 392,6864
412,6779 397,3406
468,7485 336,1072
394,2073 377,369
446,4991 366,651
483,1979 316,8235
400,8489 349,4296
389,5352 294,8297
435,3544 304,7031
464,8581 320,8573
407,0903 344,0339
422,4014 397,3855
437,5745 330,9586
405,029 420,7403
459,1737 355,1083
410,2513 399,4344
444,6382 346,2889
439,4557 403,3532
439,7582 364,1064
415,4805 401,0089
442,7732 353,8161
459,3825 378,4447
425,5909 335,9167
433,3806 308,7575
402,2729 378,0547
419,6549 355,9442
477,0346 357,7977
431,3074 340,9542
424,1227 330,5655
437,958 352,5828
382,4073 310,2868
414,4891 336,0047
428,7159 358,8908
418,3791 329,1912
484,2174 355,629
405,4638 382,9605
397,5163 396,2805
444,1144 383,4341
464,5217 319,2875
399,538 373,9813
342,8336 371,6498
407,8569 394,2915
509,844 368,1035
397,0612 346,1564
464,3487 347,8734
448,9954 360,8023
390,3377 302,4359
442,4648 369,2455
417,5955 353,5985
435,7967 333,5951
452,1685 391,9643
368,3594 292,7697
380,6468 403,9632
463,0649 448,4238
392,7624 395,1956
417,0453 376,314
413,5955 384,8229
397,5601 342,9051
396,69 357,1928
410,3906 335,9611
468,6606 368,4088
452,395 371,5861
405,707 325,8895
457,1413 376,5918
460,4309 353,5683
399,186 386,5043
433,273 430,8496
392,896 370,6763
463,2483 338,6724
476,6265 355,5948
466,5077 374,7757
355,8117 327,8131
411,5097 361,8187
424,1698 359,8889
505,6905 395,3797
438,4128 370,7019
402,0529 368,1215
466,0619 401,3905
415,3628 348,3167
414,6907 386,4441
429,0959 403,2422
424,1244 438,2863
441,4821 370,4496
425,5398 369,3771
387,8189 312,2036
409,2902 362,8231
391,1287 353,9728
492,0033 353,4906
399,0534 346,0326
412,4877 371,4379
432,1521 422,3178
479,1127 423,3646
394,0154 377,443
414,0097 385,8379
464,8406 383,7196
447,1381 351,5733
458,9206 368,8119
407,6584 358,3745
373,3173 374,2006
468,4539 360,6289
419,4698 354,0128
399,3025 363,1368
441,8133 333,5731
468,036 369,6498
486,1975 462,4021
393,222 334,8477
420,5156 397,6683
405,7888 324,9216
424,3388 312,7507
391,1571 387,731
399,6765 381,01
439,847 393,4576
407,8071 392,3726
406,4076 382,9306
393,7668 337,2494
414,3586 367,6631
466,4341 368,2989
410,5466 346,5251
463,2754 407,4831
456,8394 392,2883
444,7332 387,7894
427,5182 388,191
350,9369 392,4985
430,0072 381,459
422,9465 377,6701
418,0505 392,8907
469,9947 356,4941
437,3975 390,5443
461,5326 363,3592
418,5317 420,2152
418,2806 381,6213
491,4828 385,838
381,4714 395,433
426,4398 411,5407
405,8548 332,4835
455,3575 322,1495
410,4893 293,6771
434,8171 331,92
435,6307 319,818
451,8354 367,0269
495,325 407,8805
444,2767 336,9777
399,6492 287,0036
461,343 359,4342
422,798 354,6012
410,8271 426,3873
427,0189 344,678
441,6473 338,6555
443,9521 400,4944
399,131 380,3755
420,4346 336,8812
464,229 335,8158
424,0242 376,6797
413,21 321,1754
371,9172 352,2972
449,9357 365,4943
456,7166 418,5749
431,9797 435,6559
465,9279 360,7711
366,1722 299,957
422,0806 372,971
438,2289 369,8357
432,2406 282,2152
386,7433 351,8231
420,2177 380,0298
421,3363 361,8299
424,4898 358,7722
437,4114 313,6668
400,5567 384,3993
443,2688 463,4409
386,7007 400,6724
424,1722 367,0692
495,7213 331,111
397,4001 328,8511
400,5255 373,9986
469,2357 399,1703
451,4514 359,0437
385,7394 416,6625
415,0573 423,3292
415,346 323,5547
413,0 365,5304
403,8277 332,6511
463,6489 333,3014
462,2421 324,2401
409,2724 333,9163
428,049 402,8962
365,9492 386,843
383,9674 394,052
429,467 350,4612
449,2643 373,3717
374,1157 327,4101
428,9781 374,2095
395,6802 308,7705
457,427 376,8927
462,9525 375,1378
441,3963 361,3517
475,5618 416,2855
470,855 382,1594
413,2208 401,0427
418,5783 360,8234
462,9696 420,6567
428,5199 353,9241
476,2383 329,827
409,4178 316,9814
427,5793 328,1111
441,476 332,7809
412,9598 383,4832
397,5709 396,6811
413,4454 348,4745
416,2009 367,6429
431,6568 363,9329
399,3051 345,4484
437,2575 417,3027
417,5245 357,671
393,0066 409,5103
418,2689 375,5099
441,9608 327,4182
422,8062 422,3673
438,4043 374,9561
394,663 303,4374
430,002 321,2047
428,3995 335,5673
401,4737 370,1649
430,8703 390,7484
450,0854 348,2369
389,029 346,168
449,7798 299,8788
384,0418 363,841
474,2426 352,4592
430,5636 377,4576
426,8715 423,8856
401,6074 378,6378
430,1361 384,7441
413,9897 390,1095
445,1074 301,1682
462,8905 318,7049
455,7905 335,8917
384,2977 343,0584
410,3881 393,3154
442,3489 345,0239
454,6789 345,57
453,9647 342,1247
417,1293 359,4273
434,0115 387,2953
450,8782 339,2895
434,7851 385,9344
417,1482 297,4255
465,3116 392,7969
417,4327 326,7963
400,54 322,8936
461,1264 392,7738
436,3526 425,5575
424,5128 360,6638
425,5438 387,4824
391,1041 349,428
394,2493 351,214
448,5669 365,9901
407,9207 378,5163
445,2644 366,6372
413,4993 338,8121
397,368 416,2306
388,649 319,0145
402,9556 353,4277
409,7306 403,3129
408,5063 324,6709
416,1067 409,0521
482,8486 351,2504
426,6535 310,5298
443,7102 362,7371
387,4279 334,851
472,7374 436,1401
480,7182 389,3859
479,2989 363,6877
431,4634 343,8881
403,9566 344,4849
405,9876 386,9491
383,9067 394,2377
408,6803 411,1384
418,2189 355,301
414,2396 385,3706
456,8592 358,8496
437,3613 360,6261
398,6028 353,9508
409,9261 407,7728
426,1406 366,1892
406,9976 290,424
458,0291 347,529
411,0077 385,2881
463,9573 385,354
406,0968 352,7917
481,1246 360,5956
466,3309 362,5772
478,2283 370,1433
397,6405 347,8919
450,3877 363,5132
402,6418 341,0999
424,2917 320,7331
477,1431 327,0646
470,1604 400,0769
442,039 374,0953
454,6642 350,5909
397,5688 341,8388
395,6299 322,983
393,0089 357,7393
417,4041 309,0027
422,2474 350,1913
415,3467 342,8639
495,1717 348,8216
475,1176 381,6206
460,0448 403,2121
470,4164 341,4431
489,4954 375,246
429,4559 383,1912
458,7092 446,4499
451,3187 299,2031
419,1374 351,5174
397,1925 322,7096
386,8317 355,9367
472,3693 365,5339
468,5493 403,0375
465,6268 366,4617
394,619 375,4445
467,0683 411,0416
453,35 376,1857
398,6795 365,8067
415,2009 428,4549
451,006 370,0606
424,7588 307,5292
428,2218 372,3744
412,4036 375,0598
437,3689 378,7346
451,6289 380,0504
396,0424 376,6912
413,2226 337,6147
383,5237 405,9693
414,0386 323,9427
407,255 390,542
442,141 364,4288
377,6837 391,5323
489,1005 353,4863
470,6529 408,0815
438,3901 335,5731
474,1374 406,131
418,7919 355,611
379,2874 356,5104
418,5478 355,6378
438,9485 355,416
403,9899 339,7418
427,4294 365,1163
443,3631 404,699
429,3551 328,7324
470,4522 365,7114
499,5827 302,5366
441,7727 372,6882
449,3712 374,7108
391,9589 353,4152
451,6068 363,3205
391,6147 321,7656
416,8744 394,2384
402,8837 297,2764
458,8095 423,4128
423,8632 346,526
455,0733 371,6107
441,8523 369,0409
413,9523 387,0491
393,2538 350,7699
422,8024 349,401
425,9056 342,4342
463,9109 399,8028
464,0791 406,5912
420,0146 366,473
408,782 338,4467
483,2603 377,0536
492,853 446,7886
455,6173 326,011
445,2767 328,6935
395,4521 332,2039
391,1119 350,5324
450,1919 357,8741
396,0155 432,6393
415,5379 397,6557
445,6267 332,5411
417,8405 312,2814
441,7848 388,4982
474,2585 409,1494
489,8084 351,7479
418,6054 404,0065
392,2142 350,5236
435,2199 369,5349
443,8247 359,6254
441,1677 340,3601
432,5419 387,2525
438,6254 333,7033
436,5156 380,3252
464,6381 345,6262
498,5991 346,7995
448,093 390,7984
367,2052 317,8345
403,4278 364,0411
456,5156 338,6712
453,8227 346,6397
464,8699 432,2221
457,0842 327,0854
432,4498 313,5654
445,9739 377,0295
446,7021 354,7139
413,8553 346,504
448,7688 408,1119
433,291 298,7189
412,5878 375,8458
435,1207 387,1635
425,291 349,7479
448,19 368,4846
444,1665 320,6436
446,7037 419,3043
472,0394 375,021
439,9546 372,6777
427,738 333,903
427,3559 352,4035
475,4424 331,369
416,9453 414,2446
446,4314 387,752
452,6605 350,2922
373,3086 372,9261
425,373 339,2745
391,6264 413,1201
376,7414 356,7764
463,6665 326,9397
408,4065 374,5525
425,232 360,5514
437,1451 373,1492
400,4131 297,2442
409,5865 325,0094
408,5033 334,2882
391,652 308,6194
449,8451 365,5573
424,3691 400,8048
346,2887 388,5356
367,4059 397,2452
485,2299 364,719
428,1763 322,5862
426,8534 372,1432
421,8141 374,6581
425,8395 421,2278
446,6305 403,4631
421,675 354,7283
405,0559 375,2171
441,2707 378,9549
434,8724 334,4349
451,0798 316,4626
422,1284 365,5601
464,5479 399,8325
437,3411 417,4051
404,375 385,3235
411,0326 374,1046
462,6864 362,6319
436,4777 415,3207
385,944 366,7539
445,7837 378,9841
395,347 377,0762
420,0132 394,2005
464,8908 329,7878
370,7453 401,2248
431,7823 294,9432
474,9295 314,721
475,5352 304,9096
377,8944 372,9029
420,6312 380,4637
433,8326 357,773
469,6025 351,3282
401,5678 368,3327
439,5075 362,1385
448,9766 382,6929
432,1293 339,7789
403,21 351,5785
469,8458 350,5088
418,1396 353,9104
438,1722 335,8263
479,3171 381,5255
457,5474 356,1087
424,9061 357,8278
419,033 350,433
399,4126 361,2171
432,8177 416,97
473,0666 365,166
447,2272 371,1247
490,8939 334,8844
364,0462 349,3088
411,8537 371,5579
401,4106 351,2002
482,5307 393,1479
430,5605 349,7865
404,9857 362,0716
439,41 355,4384
392,7277 372,2543
454,6453 439,9358
428,317 367,5431
414,9646 392,7716
375,7547 429,537
406,1017 314,1251
406,7612 387,7378
434,8346 362,7682
408,0756 331,6316
388,1613 319,1843
404,4891 325,1296
420,9777 345,8484
382,9491 380,758
414,9839 381,695
438,393 374,9235
386,9599 336,0196
444,8548 365,8927
450,7211 380,4499
422,057 352,4042
411,9142 371,8834
444,16 328,0188
440,4289 339,0674
367,6953 321,2751
428,5185 352,6923
414,7266 397,8698
444,615 366,1898
414,4895 380,4146
488,2388 415,6644
482,1862 400,7247
388,0204 331,8631
448,9031 349,677
401,7725 389,2949
486,6468 335,9599
450,6113 326,048
423,5049 329,7077
408,7194 422,6239
414,5355 325,7894
453,2554 345,9195
473,7183 342,0944
450,6224 364,8108
421,6172 390,201
396,9808 373,3465
426,8342 341,1691
427,9627 372,4641
354,415 351,4124
380,3656 374,925
443,207 332,0441
406,7164 378,7441
435,1273 335,2176
401,673 376,2312
448,8427 363,7891
382,6808 373,0603
357,0724 393,3772
458,5353 401,1974
403,0627 370,9667
402,7913 336,2337
436,5817 349,2485
439,6307 367,5687
408,2747 362,1725
413,0664 391,8423
454,264 373,1465
472,8216 396,7228
420,1521 292,0158
418,7074 369,5747
376,7492 358,6924
510,0531 383,4214
447,7512 390,0353
400,6012 405,4022
425,2423 328,6949
372,1175 378,158
358,4291 326,1552
426,1669 333,1525
481,5415 371,8342
421,7181 367,067
443,5975 389,4514
403,4644 382,9211
484,9317 399,3131
412,12 333,7695
408,5535 367,9936
423,9881 310,4398
413,1201 353,6837
436,5162 369,0787
419,5099 440,1771
406,3641 380,3343
444,6496 313,4228
386,6419 343,5233
421,2451 350,3042
439,8254 342,2244
457,0193 353,3153
447,7227 385,952
414,2427 339,4654
389,7576 420,2667
468,7866 351,0886
448,82 378,1994
472,0346 355,7065
426,1186 379,6207
468,1403 331,7194
402,7432 356,697
437,4061 319,8615
440,9393 397,6512
496,1361 336,7703
426,0369 376,4193
413,9367 382,8768
412,4084 428,319
400,6236 328,6336
484,0145 353,8443
404,8367 369,0638
421,8548 327,0141
378,0538 414,714
432,6202 327,9476
421,4661 398,7676
408,3221 366,0366
389,6157 316,9795
457,6593 299,9791
401,9094 354,3741
453,8823 400,3436
423,5311 356,4714
372,1938 385,5529
406,4754 354,1679
432,0443 384,0844
398,0563 334,3594
454,308 369,0873
421,8479 374,7547
436,6366 368,9312
447,2375 374,3026
402,2957 364,125
388,7803 391,204
390,235 332,1603
447,2645 404,1598
441,3846 341,017
434,5087 417,8119
420,4476 415,8502
359,5032 295,4829
402,2443 392,1263
410,6733 396,5283
383,4402 382,4961
436,7715 330,2789
416,9756 304,4754
398,4201 370,6823
422,7027 380,0945
405,9004 337,0458
441,0282 338,2925
397,969 316,5704
433,6276 354,2976
457,6504 357,7425
444,9292 343,7104
417,092 340,2181
439,0847 389,8998
438,6641 421,3449
423,4215 338,272
468,6912 335,7612
397,6869 355,4127
461,3084 386,7888
439,4108 347,3729
538,0173 357,0952
399,8165 396,8735
435,653 349,3051
445,2807 349,0205
405,1066 306,9403
456,1853 308,4095
502,9556 414,7148
503,7526 340,5766
451,3333 360,8473
367,2814 391,0234
394,1229 330,6115
459,8082 406,032
420,8114 382,9863
417,783 376,8569
416,8289 375,9638
452,9821 387,5138
399,6678 352,1194
428,8334 374,1483
379,9678 395,6709
443,5552 329,8803
418,3627 369,0142
419,3578 365,1676
339,2141 371,2172
430,2338 324,0008
454,0883 370,9701
364,0025 386,819
424,392 353,5492
419,6413 345,5576
442,2247 367,1471
394,2585 345,5162
401,1643 370,7955
411,5456 348,1955
432,4717 354,5751
420,7214 351,21
402,4723 342,1171
424,1881 363,9302
418,767 404,5444
469,0844 376,8727
446,4745 339,8262
426,5285 344,2035
418,9304 375,0147
444,5589 356,6635
449,7496 336,5817
422,269 379,8612
434,8643 335,0718
439,9226 342,7346
407,8839 372,496
494,1092 408,1145
373,3995 359,8928
359,2084 326,6218
355,2526 365,8299
424,3336 392,5774
439,7311 332,7846
422,2435 345,5147
416,2702 384,9091
465,7142 354,1718
405,3357 427,5549
439,6928 344,1806
458,5061 380,9625
454,6502 310,8297
425,946 370,4578
410,6072 356,1548
420,1682 421,8603
449,5026 388,239
449,8706 341,7292
407,7833 359,3557
427,9943 351,5814
462,1874 305,8028
468,0185 414,9886
406,7889 351,1799
418,3126 348,1586
401,3441 367,5584
372,3116 340,0504
435,0784 440,7635
398,4126 325,8218
407,2108 413,8754
458,1351 436,6512
417,1314 338,7365
464,8868 374,1252
405,7207 370,5443
467,6186 379,7258
472,5655 385,0845
426,3273 400,175
427,1953 345,0361
415,4148 380,2623
406,4572 335,1061
379,3788 360,6599
452,8931 384,4151
424,9282 312,6235
403,9882 437,1997
414,0542 317,2622
416,8418 419,8319
406,3289 331,3238
417,5968 338,8537
461,0708 328,0543
427,623 356,8296
443,7556 350,8497
402,9324 301,9545
408,2158 367,2773
457,7645 362,1043
441,2958 369,3917
428,1322 394,6016
389,2767 337,6653
446,5354 349,5864
410,9924 348,4901
441,7626 373,7066
448,2438 357,6237
375,2629 381,2653
476,6048 353,3846
481,641 360,7805
423,127 360,8469
448,0799 336,6264
400,3906 363,3253
397,4362 352,3107
350,3671 422,2862
477,9021 342,7589
396,3805 391,1696
451,3925 395,4924
405,9771 358,6401
473,0609 363,9927
442,0702 338,4159
436,099 338,9185
384,641 364,0429
381,9478 361,2806
454,1908 391,9303
385,5365 394,4786
444,1637 413,6602
388,0528 384,0105
349,5231 343,6498
438,4815 394,7032
425,7413 336,7597
392,5941 336,5228
445,7704 350,6367
462,9669 355,7137
409,7063 340,5998
393,7767 320,0871
501,4548 374,08
386,2056 322,4546
384,7829 383,059
445,7298 361,16
396,8902 333,7541
414,434 345,5517
413,8618 409,5212
412,1562 390,5185
434,1015 363,5601
409,6888 390,1659
456,034 359,621
446,6381 398,0906
443,7855 341,8366
415,0282 372,614
412,7903 390,4267
458,2846 341,3943
374,2817 319,8307
393,5935 394,0564
510,6783 350,0335
401,4217 377,3554
413,222 316,6534
354,3781 337,5503
466,9657 380,8831
413,9337 338,8347
429,5204 415,5164
501,7568 402,1281
429,8733 398,4155
409,6583 353,913
421,1625 390,8679
451,3874 394,6904
424,8911 380,6074
427,3614 326,9008
371,9924 355,7946
422,7705 393,8707
497,7883 411,4519
455,1555 418,0746
413,8996 327,9328
453,0278 367,0155
436,5631 378,1709
404,6908 352,8143
421,9644 347,6535
420,2298 348,5989
427,8832 379,9228
414,8113 309,3165
419,4521 347,5044
441,4986 387,0238
457,3994 400,6419
478,9164 401,6276
422,2852 347,5217
466,2769 343,5439
369,7634 295,8707
402,2929 355,9426
452,3854 410,564
415,7328 386,7538
470,0484 388,7497
430,4375 333,5186
467,9899 316,37
447,856 351,4056
511,0161 369,7987
388,0845 384,8992
374,942 352,4713
433,1672 349,7791
397,0177 386,0546
457,8571 332,8457
422,683 405,1084
437,1912 362,2437
428,6295 352,2763
416,0003 329,1107
401,2709 356,1919
459,899 390,5706
459,0279 344,3057
465,2246 340,5645
411,6349 330,9116
465,1324 367,9831
434,9712 390,0066
478,1168 379,6908
463,0676 371,1461
401,8275 374,0901
408,0126 400,7501
376,769 383,14
423,6266 358,6489
454,8213 423,441
466,9584 380,6441
465,3993 380,1352
433,8027 348,8295
471,0891 360,2661
437,7212 345,9984
480,7917 357,3007
433,1749 349,6798
467,201 420,0218
417,514 369,064
360,2553 378,835
415,2951 355,859
402,8784 346,6192
458,2757 398,0393
431,2606 344,0256
450,0413 321,5961
433,2874 349,3934
424,1952 395,5016
430,7492 349,7486
386,7655 392,9129
430,2157 351,6938
440,0517 375,8159
440,1097 340,517
496,8936 403,0316
466,6864 404,8798
464,9778 346,2427
434,9788 406,6291
481,8036 431,5898
412,9916 391,8246
399,277 383,8304
443,6095 385,9669
381,2257 368,8694
452,7321 380,1215
424,257 367,9552
431,148 427,6161
440,67 351,8243
408,5934 366,1316
436,0975 316,1867
434,2782 343,39
401,7059 333,4381
360,0449 398,8044
486,817 402,6067
433,6413 391,6664
481,1617 355,3715
411,2857 345,0951
419,8206 376,6032
439,8351 400,1217
407,4856 386,9995
387,0952 379,7181
439,4139 381,5087
474,4176 374,7064
413,3527 360,0431
397,8957 268,9277
422,7795 361,5518
394,1064 352,8138
420,343 381,9032
463,3002 319,2011
448,9701 393,5571
470,9879 354,0362
419,3707 375,3991
396,6291 360,1277
410,9705 301,3459
393,7422 378,8894
428,7511 359,9029
420,7183 337,8862
468,55 375,5047
417,8981 396,0264
445,8909 416,6251
384,3819 343,1844
487,0759 411,9312
412,7591 353,4652
457,2971 359,8923
406,1273 362,7036
447,5971 326,9291
437,363 348,2534
412,6722 343,7473
457,2888 358,9287
449,3094 376,8447
500,4589 357,7372
393,0366 335,2732
438,4007 390,2255
427,4121 384,9499
456,2578 347,1474
417,2145 420,7395
473,916 382,2389
426,6299 372,241
453,5279 393,6488
409,8397 367,5768
430,4499 357,0149
384,5901 379,2861
407,3226 427,2007
415,7447 359,0517
408,8103 428,4234
410,6341 399,0726
482,2669 380,8248
461,3098 365,3165
428,8849 353,5664
548,8765 360,8327
381,6154 380,6763
414,7434 376,0396
378,1414 354,6893
446,2967 395,6456
389,1407 348,2777
425,1876 451,7916
442,0414 379,3845
447,3462 412,1567
432,8175 355,2719
484,9701 364,7034
446,5882 367,1038
440,2527 368,889
461,1542 296,6516
406,0328 364,3395
455,2711 356,5926
435,7922 423,2256
451,0049 441,1158
431,4413 342,7075
450,2144 411,6986
471,2722 350,3569
388,3128 399,386
443,5032 376,0586
405,008 331,9992
403,6988 339,6767
397,9534 421,6743
419,1008 363,7936
403,3806 327,9354
447,3943 350,7457
423,154 447,2763
395,1822 336,2828
445,0842 362,1007
437,6016 346,0447
417,9395 325,5953
374,6387 326,2009
423,603 372,7551
426,4955 331,0719
460,397 316,7461
456,6776 368,3037
410,9527 408,5194
455,3931 426,8489
481,4313 347,2221
407,3161 384,1185
433,7189 379,4971
423,7956 390,6456
442,4785 399,0145
416,9214 356,5438
385,1645 402,5975
435,2907 331,2539
450,4439 350,555
398,3407 375,071
412,0251 354,7204
418,2225 311,293
435,195 366,2796
413,468 360,0634
401,8953 321,7265
466,3791 366,0867
418,1379 366,1007
381,6659 367,3525
408,9379 345,8026
367,109 375,6709
457,1306 388,3426
413,8027 402,3958
425,5393 309,959
392,4542 303,9983
377,9951 393,9536
411,8776 311,6449
410,985 312,6042
407,218 388,3443
428,5343 346,976
456,7249 388,9935
430,7194 377,3775
447,2005 340,0615
435,6329 321,3712
416,813 360,323
435,8737 342,2256
426,9457 393,4987
414,1625 379,3531
426,9728 320,9262
402,4141 306,9746
395,8199 398,1022
451,9698 354,581
458,4846 366,6906
362,5919 332,165
424,3527 401,2687
406,7333 366,2529
427,1645 345,1061
405,5951 343,0045
383,7161 372,7607
413,491 361,253
403,3085 412,7668
434,9884 364,3223
424,5833 331,2186
412,9579 355,0377
403,6448 331,8567
402,8132 296,6644
404,7383 347,4718
447,5371 356,5453
443,1989 376,3608
397,387 356,2581
451,2251 418,8151
453,1525 330,3812
420,5695 364,0358
435,6866 413,4336
454,7643 382,9503
463,5563 434,6429
481,2803 405,6711
405,8583 358,2473
439,9757 416,2967
452,338 366,6988
429,6834 376,5537
443,9936 350,533
487,3312 353,5288
413,7524 339,4725
446,9767 354,7712
437,9184 348,6452
443,9221 322,3103
444,1286 338,2364
436,719 402,5398
471,3983 394,0633
409,938 391,6247
415,956 421,2141
414,4692 373,2865
417,2113 379,2072
442,6256 322,2395
395,3178 328,1154
371,4688 380,6569
434,0434 377,2108
398,242 376,1532
474,3571 354,0517
446,4857 368,0145
443,8627 304,9725
406,5413 332,0573
445,0021 363,8192
416,7165 385,883
386,0301 340,1001
399,1775 326,3899
408,9597 312,5223
464,2175 348,6823
409,2569 314,1844
399,6659 375,3824
414,5398 359,151
456,566 348,6369
444,8186 355,6573
466,1137 383,8703
437,4736 383,901
475,4487 374,9676
469,6269 383,5097
434,9971 397,2068
423,7941 334,3994
415,5463 388,2115
404,8104 369,6542
482,4273 365,7239
429,5639 358,3852
430,5587 402,8075
388,5338 371,2364
423,406 397,0783
438,8428 382,3597
436,7997 341,3636
473,6282 349,1825
448,1135 366,5206
372,2102 326,0578
370,0747 373,7604
387,679 345,2321
414,5058 375,5067
423,8468 338,805
417,2606 339,8018
398,4013 367,6328
446,0901 391,9867
351,6727 374,0992
432,7927 420,355
457,5868 341,2037
448,745 376,1329
435,5616 382,8341
416,4742 416,3531
376,0132 387,1087
443,2566 310,4387
462,7607 351,0978
434,7027 341,5896
439,3027 341,4787
486,9556 314,148
408,3924 336,2288
435,4556 380,4444
420,1478 311,9127
453,1657 398,402
420,4982 367,898
437,6436 336,2101
465,9475 354,6106
450,0513 403,7692
434,0314 384,9584
397,5646 401,1353
439,5805 333,6557
464,7634 325,2838
369,4599 392,573
452,4386 395,3798
417,2697 354,3496
426,7791 369,8555
402,3329 351,2986
441,24 336,4019
418,6221 378,2302
444,2161 400,7269
387,6487 391,1007
375,9849 340,2628
392,4781 316,1182
501,0663 361,1804
408,0928 421,573
437,7742 377,2362
392,5415 342,4597
429,7045 334,1031
403,5712 355,0471
363,2791 338,3268
383,6144 327,5392
436,4266 344,2484
424,7884 414,7782
425,6187 370,4335
456,8938 405,878
461,6371 416,2645
420,8151 370,9959
361,2007 380,0072
430,7635 306,0464
495,9169 365,2453
430,8539 341,3734
427,3373 406,2159
441,049 324,476
470,1491 376,1947
445,1652 314,971
417,408 389,6249
353,5363 338,0305
424,6378 301,2747
466,9352 363,7844
410,7425 384,1709
411,2226 367,9268
399,8676 381,4505
413,0 373,2984
440,6664 384,2006
411,1201 346,2346
435,6817 360,4214
476,2381 378,3863
503,1077 396,2273
444,7499 363,6934
438,336 419,4594
354,7711 385,8296
425,4358 372,9363
405,0267 337,6889
413,4584 379,8106
476,5275 371,788
465,4515 345,3775
412,3383 380,579
427,2704 385,0253
450,8764 350,7587
454,3256 336,003
419,2094 361,0012
425,2801 321,3623
382,9618 353,9235
421,7154 382,1231
422,1379 364,3507
461,2718 409,5964
425,369 306,5838
378,5398 341,8622
462,5398 386,426
423,1223 396,1878
473,0289 383,6638
393,061 328,3336
442,7517 344,6692
401,7011 343,2583
400,5927 327,938
428,3633 299,9838
410,7803 416,7599
447,1365 399,1785
413,4501 389,5022
450,5741 400,3593
431,6104 415,9133
388,9658 365,1269
490,0758 381,6776
384,7031 350,1985
343,5409 330,4264
389,7663 309,9037
402,9366 315,073
393,4692 309,4217
415,3304 375,6182
456,9852 374,8644
456,0692 368,6037
457,8185 324,181
435,9352 364,1121
422,6482 344,7085
432,057 328,5522
401,029 398,627
423,5676 325,8855
455,0375 377,2446
461,6615 327,537
366,5022 380,921
461,5488 313,9487
429,104 300,4426
471,5702 384,764
463,4588 346,3333
399,1128 320,6755
448,8946 393,5784
425,6263 339,5241
436,0656 419,4402
402,9217 358,2934
455,7855 393,7136
432,2639 371,2873
452,907 367,2334
406,761 366,6854
435,636 367,892
445,8092 369,3744
485,9016 358,9208
437,0723 382,0769
435,4751 416,7477
373,8616 365,6888
404,1743 315,8746
405,7417 340,2908
448,1552 373,1188
477,9472 371,5448
398,9559 346,6597
383,8139 337,5029
436,8594 337,8393
433,5417 342,0738
434,1994 386,4146
492,6164 430,0549
444,3658 374,9482
450,4095 342,924
384,7776 402,2016
427,9287 400,1432
425,544 392,0156
412,284 366,7757
428,4011 447,6499
408,1671 406,5509
415,9081 432,2947
401,6628 361,795
394,6618 359,6668
387,2477 320,5404
463,3079 371,2651
432,3066 332,7415
498,1469 410,0925
479,9303 370,4686
420,1559 393,1422
451,6033 379,3081
453,3212 356,7117
431,2366 411,0466
373,8408 331,1219
435,5906 405,3985
415,2865 320,6298
435,4637 364,6187
448,9816 363,5116
393,8229 350,5013
435,471 338,1502
476,5398 393,3799
412,0709 353,7297
416,5445 353,8729
437,4363 367,1667
450,5404 302,7249
404,0394 464,2187
402,5506 373,9131
474,5147 423,1117
430,5606 333,1101
479,5545 386,1539
398,7657 313,9603
476,9226 327,956
391,1472 390,9007
418,1225 380,4736
398,7087 412,842
424,2079 356,9609
407,5159 393,4832
385,1814 377,5706
438,2538 354,5391
448,2003 397,2957
405,2871 344,0555
407,2708 380,525
398,6812 336,4114
372,9457 331,6025
419,7444 401,4277
468,1265 362,9911
404,8777 389,1443
408,3696 376,7631
427,0579 382,8271
446,4986 359,8842
381,7923 373,5211
422,9174 371,7684
449,9559 415,8929
463,1223 362,3356
401,7991 380,9936
446,2128 334,578
402,2669 356,1027
436,6723 379,5313
435,0263 373,4345
396,5628 337,2191
419,339 389,8748
459,1177 365,777
420,3934 368,4364
446,1087 378,5388
465,892 396,5169
414,4714 390,0295
433,0623 359,1631
452,5109 380,3787
434,2734 371,9707
479,8674 413,3491
437,3464 345,6182
416,4064 352,2529
382,2861 381,3085
482,4626 348,6676
364,2079 326,8088
434,1575 376,1177
452,8525 409,7532
426,509 384,1954
427,2838 371,8925
403,7656 393,467
417,8302 322,3985
486,0771 367,6336
450,9814 359,109
419,7123 348,3284
456,5109 353,1975
469,627 300,1564
447,922 390,4708
410,9622 407,2475
425,1498 388,0891
437,7192 433,3914
457,3342 335,7793
434,4624 390,0252
440,5372 328,2118
436,5934 336,4175
432,5837 337,0137
437,5784 386,8471
414,7877 395,803
421,1929 366,9332
421,2757 420,04
445,9107 383,9229
398,1178 374,5041
423,8219 367,0313
387,9934 408,436
437,1642 369,8648
406,6636 354,9095
345,7392 346,2132
450,7891 403,0241
462,0972 368,6279
375,9302 344,328
445,4657 380,325
406,5063 348,0712
421,5277 386,3194
446,2707 376,9798
455,4253 404,1702
414,6182 299,8222
438,0595 351,4034
458,4477 372,5309
477,3606 390,6329
383,9914 345,5489
405,6818 329,9526
473,5561 373,3475
442,4828 396,979
398,1566 360,1695
419,4581 319,7799
425,8613 374,0904
458,8152 364,669
435,6101 351,5916
452,7361 394,9547
444,5161 356,5084
431,6728 390,8214
434,2869 377,0705
401,3759 400,3293
419,8371 350,4166
420,979 347,4335
446,7143 350,8016
477,1978 335,718
428,0868 406,1661
412,3411 326,1301
409,8802 374,3058
457,9851 377,4786
415,4541 374,9895
412,3461 410,4067
427,6188 349,7367
437,6155 361,3898
401,5034 419,6858
472,5188 453,4619
473,3704 391,5114
390,7595 360,6892
465,9634 392,1847
430,478 378,4982
452,7029 331,515
384,2242 342,8981
462,2963 304,0859
461,7266 391,0432
461,6108 359,2887
458,4802 387,2312
443,0685 325,2313
458,8518 351,3666
419,2617 396,917
422,558 337,2208
421,2937 388,0976
384,4591 328,0079
444,6114 348,5723
416,6985 390,0598
475,5451 293,1793
435,2602 364,3474
441,8007 351,5318
452,0166 384,9592
448,9042 350,1421
397,5447 346,1573
417,6789 319,8678
399,0072 338,2806
449,7923 363,1712
414,4621 386,8099
420,5588 388,6845
417,8228 394,5047
383,0263 393,5467
448,0164 363,7728
433,7822 354,4473
414,0881 391,6754
433,5839 304,9471
412,7009 320,8222
447,755 392,1961
400,8825 345,76
459,6941 420,5674
396,9621 326,3096
422,4738 393,1555
449,8567 368,0757
433,3829 357,82
373,5243 316,0572
446,6453 348,4128
423,6731 361,2743
408,5958 369,4766
471,9362 383,1851
461,1803 359,2512
416,5392 364,5882
430,8676 358,1481
390,2689 399,6801
413,1528 383,4358
445,0453 350,9805
449,6054 408,256
471,5287 326,6111
505,0977 360,4779
451,5346 403,2018
425,2093 387,1471
437,7051 336,1554
401,1381 381,7605
451,6657 344,1234
379,3348 339,5276
439,9345 344,1587
451,4453 414,6759
437,0674 368,2763
457,8499 398,3853
409,9443 347,797
391,5654 316,9277
433,3135 386,3971
460,2994 334,8684
427,1864 340,8244
430,1792 367,2676
424,5417 382,3778
449,1241 355,3526
407,9264 348,0122
470,3563 384,9734
446,0648 339,6801
382,8505 381,7742
382,8971 351,263
448,0306 372,3742
474,7557 378,0748
440,4417 310,017
458,5679 347,7705
439,3638 400,4317
415,6918 410,0501
426,8881 345,1681
436,9638 394,468
386,6496 394,3452
471,3428 325,5392
407,6945 363,9064
367,9204 386,0563
438,4293 336,9369
395,7231 320,7467
449,0515 351,8198
455,561 338,7817
419,9668 347,1067
454,0871 399,2614
419,8519 317,7439
479,6156 376,0278
441,0712 365,8139
440,2902 363,6172
421,6514 339,6163
447,896 374,0612
446,5444 385,6702
386,39 382,1843
435,8637 417,6695
420,6817 320,9958
459,2544 366,49
390,773 311,697
433,1085 399,1048
442,2372 354,6044
438,98 399,2829
443,551 416,224
396,9271 347,9376
397,9195 341,3822
462,3908 363,174
415,0476 348,3547
387,4146 375,8358
461,8204 307,0807
450,6284 377,513
356,2367 393,1974
389,4848 400,2957
454,1101 381,21
427,7544 390,9759
416,2532 327,6997
395,5148 351,5207
444,5072 367,8462
477,2058 375,2401
428,4266 316,4953
465,7519 387,4866
380,1812 350,4213
441,777 386,2696
451,6378 382,2325
389,3021 352,709
409,299 393,3637
414,1388 318,1474
390,3969 401,0122
394,9392 333,1024
398,5517 340,0594
403,8178 430,419
431,1118 316,3254
485,2065 400,037
485,312 358,2337
447,3448 358,6832
427,1651 385,0957
442,1188 416,3954
423,0014 365,2906
426,6937 359,4169
444,724 368,7453
449,9238 390,0121
413,3822 333,7074
454,5816 344,6922
415,7888 372,582
503,3595 399,2452
486,4007 381,7079
418,0284 401,5613
370,6819 326,8911
398,6461 303,631
457,0784 385,7224
431,3734 356,828
423,3942 383,681
370,8915 379,5096
472,2522 360,1809
386,7975 315,6209
400,9379 355,6232
456,7149 359,0133
403,2754 386,8692
370,215 357,5496
443,1724 403,5291
442,6365 397,9181
403,744 367,8889
422,5778 365,2117
433,4712 403,4068
470,7124 408,363
400,5518 326,3328
377,7617 290,7782
385,2197 331,3351
431,0521 401,0992
449,8676 335,7502
427,4206 347,4161
433,8518 364,9184
423,306 347,5454
434,2489 411,4433
378,3577 389,136
445,0569 363,4493
429,6875 380,5049
385,9687 321,8578
382,5141 380,2406
464,2924 350,5477
442,6771 355,0553
475,8561 379,0861
395,5601 346,5686
440,1152 294,2021
415,2348 387,3087
427,1654 424,283
402,1807 350,1046
414,5784 368,6048
386,5378 369,3248
406,1483 368,0658
465,8466 391,2952
425,5155 348,5469
466,3131 407,0784
448,6889 400,2474
441,0361 347,4463
424,9149 405,7502
508,9278 385,8302
458,5925 348,6874
426,5384 443,7153
404,7061 381,0354
448,7755 387,361
407,3237 367,2406
394,2008 351,321
429,035 365,7528
450,2317 363,5435
468,597 336,9707
469,1493 331,0662
416,1148 350,0618
385,7128 356,3309
439,3184 314,7468
405,6901 366,5285
433,4035 349,6754
437,9651 363,3864
432,2556 340,3024
434,2091 370,4092
442,5369 324,2543
398,9341 294,3192
435,1236 337,5147
464,6622 343,93
407,9376 376,9565
364,9342 362,6509
420,562 341,1218
499,2978 323,5614
463,1564 344,6311
461,3635 357,5248
404,3658 399,4584
433,907 335,9904
416,8146 399,3202
429,038 355,6318
390,3361 348,29
404,0658 392,7474
434,206 418,2588
421,9354 393,8604
385,7454 347,4163
445,4692 383,6243
451,7001 397,8139
443,5005 322,7044
398,3251 368,5389
470,6893 356,232
436,8699 392,3326
388,8904 340,349
419,7381 370,0528
421,0144 329,3427
422,2236 352,8116
488,6961 424,9146
449,0466 405,4342
405,8529 358,3494
405,9638 344,7677
407,1886 380,7001
417,6632 369,5657
366,101 342,0921
431,7343 368,6218
405,1203 377,1894
331,7701 375,7899
408,9108 337,268
448,6086 376,2583
458,6022 343,2523
443,932 359,1447
418,9781 340,3465
370,0511 359,3465
427,1975 397,8964
428,5237 363,0813
459,7078 364,1392
478,829 394,3654
445,3664 359,8683
476,3902 367,5937
417,026 351,2159
428,4916 377,2044
413,3114 361,2271
421,2416 337,1192
425,1158 350,0062
369,6626 326,9636
434,2902 367,7561
404,0732 358,1235
440,2756 334,3709
425,2571 329,2447
402,4801 364,347
457,7059 326,6061
438,5278 328,2415
389,0173 409,1677
405,8665 377,2241
451,0252 408,2094
374,0102 374,327
474,057 391,4723
454,5968 312,466
393,1958 354,3279
469,5432 359,2244
441,15 391,3193
433,3627 366,4173
414,2723 302,1901
443,1623 396,6391
463,5886 381,5454
433,7928 380,3038
435,0619 414,4942
486,2691 352,3491
457,0984 318,3632
428,5478 327,2927
438,5021 407,1105
460,9991 344,0034
408,5667 365,0991
491,3663 322,6708
381,0368 371,1871
455,5417 413,193
406,1039 361,2595
422,3723 391,488
454,4219 313,4
405,1556 367,8672
449,0624 388,3333
393,9694 349,6655
396,6145 339,9166
393,7379 385,8159
418,7597 377,4582
423,3589 399,6058
434,0938 394,4779
494,3461 390,7383
492,4555 337,5455
434,7743 362,2138
451,9678 352,9208
393,9564 331,513
422,0234 360,8502
392,3079 338,217
381,6449 375,6861
395,9091 374,3797
424,8141 322,7681
433,7416 342,1831
459,4844 382,2804
390,3664 337,4786
440,7644 394,1782
470,9268 332,3771
386,6138 373,0609
416,4766 378,7049
436,5875 359,4387
437,9973 391,8615
407,8074 360,3886
463,7505 402,5176
438,6218 376,3321
456,8553 374,999
398,7271 358,0089
421,0488 391,6986
466,5982 373,2387
363,7544 352,7632
411,2039 285,8879
406,3314 347,0911
454,9218 321,6743
423,5586 390,4501
442,5244 398,1016
425,6082 371,3768
431,4188 371,7711
429,6592 365,1127
452,6814 407,7033
414,3765 392,587
446,8975 355,2867
405,2498 354,8425
410,598 361,5191
400,5614 369,562
386,279 341,4887
429,0835 371,9899
402,1807 353,0451
398,7464 326,7531
481,6321 377,9854
412,1587 326,321
479,2198 317,1673
431,3163 383,4115
436,6159 361,6815
435,5812 371,3824
398,0043 343,1736
446,7647 387,9874
478,3006 359,3792
419,448 336,336
415,345 379,1824
417,9982 375,7841
429,8148 383,8061
377,7521 361,405
475,8869 358,7699
410,782 358,2206
442,809 401,2866
393,0868 334,6877
396,8444 380,9341
419,2233 409,905
415,2592 414,8075
417,0021 400,4093
401,9722 380,5038
432,4047 318,6979
431,5361 378,9696
432,1702 406,158
408,9853 356,324
427,8766 354,4459
450,6896 364,1543
416,5637 402,3706
395,1171 424,6486
472,3287 344,5964
450,309 351,6506
462,0523 362,4905
413,6634 335,3817
416,3748 422,9091
396,9755 324,5453
396,9091 382,6657
479,3389 334,2106
447,1679 343,6946
452,3508 382,8321
444,9223 324,6449
438,55 357,3849
416,8508 361,1526
462,3267 326,3057
535,547 347,3291
413,2091 361,3398
414,1838 359,5123
416,6239 368,9678
403,4666 335,9728
469,3182 333,7487
462,9385 394,531
444,7251 395,6766
462,9185 366,1975
421,1695 337,9002
406,9698 349,8326
459,8141 405,7941
436,4699 370,1418
430,4036 315,5916
423,0455 283,4738
415,5663 380,8362
474,2885 342,013
476,1052 404,6144
393,0684 360,7219
460,9281 340,5444
453,9641 364,0596
435,264 396,915
446,2556 415,2563
411,5518 370,5825
454,7121 360,9619
472,7146 362,3863
414,1994 364,5635
434,577 391,2051
420,2459 390,8064
367,0054 354,5073
409,9025 328,3482
461,4874 382,2294
430,9561 364,8657
399,5775 368,6843
463,5722 344,1247
449,6201 365,5011
443,5818 366,984
434,1512 355,7925
474,3946 389,7916
462,3115 362,7014
492,7 358,1492
394,3464 408,0861
465,4704 342,8871
435,854 391,7047
463,3955 281,9569
434,6658 331,6705
453,6427 391,8538
434,989 429,1331
408,3297 410,2992
475,5553 398,325
444,9821 345,9271
374,391 334,8579
426,2335 332,9182
476,0948 315,1386
386,2137 422,2759
472,3649 348,9877
463,5831 394,3184
454,653 346,6177
462,4768 366,7926
424,8607 366,1448
412,2018 363,8916
444,3082 333,2227
394,5631 391,9156
437,066 372,7223
420,0843 372,3267
468,9849 410,7398
450,2352 335,9859
417,4638 425,8433
423,2627 399,4364
428,8145 318,2468
446,3828 413,4371
449,8911 377,1114
494,4601 342,5556
433,0175 325,0579
410,515 356,7633
447,8568 367,4752
441,0713 366,8784
410,2444 400,1553
469,7395 381,8159
464,4341 349,7018
437,4543 358,1695
428,9821 318,2356
365,7256 345,2234
460,7743 340,8731
375,5903 356,7831
384,032 401,8955
429,893 394,3534
445,509 337,1685
430,3903 398,7802
435,6821 422,1106
457,4388 360,1578
423,4769 384,6691
417,7576 368,9344
404,0916 333,4946
438,9941 346,707
481,758 345,4508
470,2406 341,3746
374,4487 315,5095
474,8353 380,98
456,6577 360,9871
422,9263 371,7716
420,2831 383,2296
371,0288 382,1454
418,2748 340,8666
464,3682 346,5339
403,8431 374,807
372,8825 367,3931
454,373 373,6222
444,7245 342,6626
458,5175 350,9922
450,3771 362,3342
450,9294 404,4788
407,1188 345,2777
432,7029 324,372
394,9662 339,1768
377,8034 392,7755
375,8619 372,6421
446,7569 346,9084
464,6579 373,9771
424,2181 403,6214
442,0852 366,2564
419,0349 328,2978
419,7774 375,4259
450,9838 389,7316
423,5581 364,7069
468,229 414,0331
409,2905 364,466
446,2927 415,1653
424,3706 361,8637
419,9911 381,0562
489,756 346,6869
423,7863 332,2031
452,3634 352,6398
410,324 362,9386
417,3402 350,2369
479,0225 384,8875
387,7978 382,3263
394,2909 420,4724
426,3886 396,6319
433,5497 373,2452
429,0771 379,2299
411,4586 414,794
435,5951 348,7406
384,1834 405,5383
449,0772 324,8915
427,2552 398,6324
498,1288 360,427
463,0177 335,9458
463,177 385,4232
448,1878 339,9385
412,762 414,0484
417,3084 367,4198
413,0246 373,8303
434,5625 407,958
405,49 399,3601
446,0259 367,2693
384,6507 395,0756
436,0786 378,1286
318,6444 310,5893
387,8946 362,6294
481,5898 349,1297
438,1403 410,2916
441,449 374,3667
462,9926 390,9603
455,2779 322,3727
435,2614 412,8198
456,0934 356,7741
399,5066 336,4703
431,0373 362,5829
465,1785 332,6186
388,4324 354,0933
410,9183 323,0287
453,2392 344,2194
453,3234 339,2359
460,8885 336,5284
388,0846 354,3085
403,1529 398,7653
434,0811 374,0398
437,9266 371,4382
407,6322 399,3807
413,6114 361,0816
430,3165 370,6299
316,974 381,3333
401,1414 365,0849
458,4248 366,3144
392,6273 377,8291
392,8662 392,0506
459,5894 302,3896
374,3291 351,4699
421,5331 332,0249
408,019 398,2761
456,9542 350,9876
462,6216 402,8926
470,1413 408,5259
436,8831 333,0932
480,4525 346,6211
437,4184 364,4806
427,67 353,5453
441,2856 314,1408
403,8223 363,3013
469,2026 388,6216
404,536 317,3684
405,4115 367,7996
438,3175 361,3867
433,4915 345,4783
455,2267 335,7041
459,6149 369,3124
391,4649 383,2292
380,3341 325,1803
481,9384 371,9298
388,449 363,3287
355,1491 303,1177
429,2259 365,7305
437,3156 340,9249
421,2484 316,4421
424,0775 334,2919
426,4163 392,2364
394,1019 357,3334
416,4147 341,6993
391,361 333,7145
414,6861 386,3934
427,3548 370,6263
421,043 284,8648
440,8116 338,5508
410,398 403,758
451,667 328,433
384,4431 389,2403
422,9507 394,9994
403,8749 344,1103
439,9352 351,9412
415,7436 392,122
403,0794 349,3364
403,5556 390,7171
405,7036 326,4784
385,0061 373,2951
459,7997 338,1283
408,1526 350,5514
406,6872 359,625
391,9346 285,5825
432,7569 359,8252
370,2635 333,3768
438,3906 314,6575
399,5948 342,0147
415,4307 371,6324
434,2614 377,4313
460,9922 337,9037
414,4554 356,2475
441,3186 360,0332
326,0756 390,1372
420,8235 329,6788
506,922 155,526
328,0328 174,3409
468,5384 452,0225
360,3293 289,0617
431,3396 213,2313
310,3993 281,4417
462,4007 375,9691
428,576 354,3615
355,0056 201,5791
351,4561 415,8676
502,1745 318,8939
514,8049 322,2048
443,1062 473,8656
435,6252 235,8302
439,5606 260,0013
441,1851 354,5477
508,2616 171,1588
338,8714 158,3541
344,1146 183,4754
540,4738 443,3246
525,7824 180,7203
416,4215 282,3175
376,0563 200,6659
502,0448 275,7582
502,8884 355,3524
488,131 306,2098
511,4318 345,3576
379,9541 466,2227
399,5402 302,8615
368,7961 315,6063
470,9179 179,7478
414,5078 383,2739
357,7075 206,5531
363,735 456,8088
518,4308 368,9242
412,2153 163,8936
551,261 157,845
364,8362 179,7203
332,0434 381,7681
499,6002 365,8139
535,4573 441,6157
527,5941 399,6463
517,8662 455,7744
343,1627 223,8134
556,9864 447,3046
526,9645 372,3507
316,8068 205,9655
540,2337 405,0913
547,1583 424,1302
498,5099 227,8916
483,1585 237,6421
376,1378 401,5079
392,7601 359,5598
536,7181 472,725
476,6391 274,441
312,6008 170,9067
355,9425 361,0101
471,4974 193,6326
332,2927 323,0585
505,9402 205,6441
325,5661 213,7966
447,3207 303,0166
506,2689 163,8573
319,2894 428,5736
423,9548 394,3336
373,4349 468,4245
363,6436 294,8301
329,4477 336,8977
517,9244 433,8562
406,9724 429,4117
319,7654 426,2092
331,0413 309,2939
528,2771 305,5489
411,4331 324,303
366,3597 430,9401
506,3937 193,8036
472,0954 245,5117
426,4194 225,0853
371,729 333,15
397,3529 425,1329
494,6575 316,8834
468,9475 452,3714
554,09 199,4935
454,3994 334,3342
455,0655 460,7993
316,7549 444,4659
338,1618 232,6142
421,4284 354,0386
455,9702 242,5273
490,8041 176,6746
417,5616 153,8579
465,0919 358,0065
496,0181 167,7531
427,2073 450,367
313,4122 275,4506
440,656 353,3245
509,455 383,4763
471,6761 391,463
408,1095 278,6211
558,2812 450,8082
356,9751 416,2363
537,939 275,6342
366,8009 198,8561
479,0479 352,2395
402,4927 448,9206
425,8646 424,062
532,4482 442,8366
482,4904 290,0159
350,6579 193,0408
308,5401 246,7011
348,1977 328,2232
349,4952 263,959
380,4772 221,2929
464,3343 297,9049
518,8824 213,1287
483,9864 318,9234
360,5903 362,7654
400,5589 270,0301
320,4021 403,5188
539,4019 162,4785
551,8091 187,2263
349,2491 153,4407
421,3942 450,8583
451,2346 381,462
464,1283 221,1887
369,5775 235,9587
484,7673 270,5312
527,1083 162,7939
407,3755 356,6723
415,2744 220,8008
528,0481 390,4252
331,659 403,5045
513,4403 398,285
506,0588 408,657
474,1159 336,0094
448,8166 165,9836
383,7868 340,8377
456,9648 212,9297
447,759 380,3537
435,2434 373,4232
311,8028 313,0979
445,7381 347,6753
406,0208 332,1745
448,2085 277,259
558,2694 204,0976
486,7234 240,155
524,2075 428,7426
491,4106 429,9689
511,1656 362,1217
469,2722 401,4193
547,6712 430,9392
353,7337 442,4628
379,7046 312,1377
466,4564 175,541
412,9001 209,5481
356,0613 249,4046
326,4937 275,6749
327,143 439,306
473,9803 344,2718
313,3249 434,3078
317,4729 337,9386
398,3848 218,4545
489,1797 368,0883
479,5015 156,0947
505,6239 268,4201
501,9142 186,1675
363,9137 451,0422
497,2695 349,9726
516,003 173,0317
397,16 232,1409
419,3819 438,9775
497,8932 239,4412
344,9714 297,2379
491,938 350,8324
530,5472 263,5577
498,9959 165,5291
359,5156 319,824
365,4309 279,5125
311,0398 325,8698
356,5224 224,5945
464,5553 173,8848
540,0251 185,3224
318,4169 213,4888
323,0419 448,1812
332,4263 310,4711
406,4213 256,1748
537,648 332,9949
312,2975 258,5539
384,5817 370,8216
383,565 363,4049
524,5524 454,2586
315,2299 185,9737
507,5996 162,316
336,1536 398,4371
363,9383 233,3256
445,2344 187,454
349,9313 449,5558
441,9989 350,3988
400,6539 397,0059
412,9014 300,4887
322,6519 183,1024
436,4886 242,1073
535,6682 444,0338
308,6851 395,6939
475,2289 444,7431
529,5481 445,8824
446,075 434,6424
352,5783 398,2907
525,9615 257,2578
552,1031 395,6338
387,5768 299,2169
355,676 166,5733
359,2797 194,0299
501,4904 257,0162
537,6575 197,5348
457,1968 235,6766
365,0661 390,9934
428,2847 178,2145
427,2697 369,2742
481,1585 190,5851
554,3341 330,7472
440,9117 228,6332
323,736 290,1884
357,9372 240,2602
471,4041 415,2468
407,8839 334,8423
444,8809 261,4188
340,3698 332,6271
474,2771 252,6651
511,8829 250,3977
496,8505 236,327
310,8469 281,3226
483,6372 300,988
346,2532 323,4102
327,7359 466,8393
309,7417 253,9626
424,77 339,4129
353,1122 351,0509
536,8706 228,2039
448,0589 406,0395
352,0966 278,8217
396,7586 355,5251
431,2328 335,4518
445,3812 464,7306
324,2193 176,2804
405,1459 409,0867
355,6573 377,2149
356,6809 470,9288
