224,4815 370,5482 0
235,4481 376,8875 0
296,9496 299,3153 0
241,0468 391,2365 0
259,4263 292,9186 0
202,5545 375,8264 0
186,7541 343,162 0
236,3146 378,6107 0
188,1716 356,7128 0
195,9243 321,9512 0
315,3083 288,4453 0
217,6711 368,2721 0
237,3989 396,3611 0
234,3159 380,1827 0
283,177 286,1713 0
187,9233 353,8859 0
266,1652 281,546 0
204,8491 310,0125 0
170,0904 331,2249 0
243,643 373,1316 0
203,1834 365,0322 0
221,2794 287,5094 0
201,0124 367,8451 0
193,7707 314,3885 0
287,2376 288,6292 0
587,815 349,1499 1
646,7451 350,719 1
632,5939 415,4733 1
639,4193 316,9364 1
569,8893 330,7468 1
644,6184 339,3437 1
653,2363 347,624 1
596,5207 412,416 1
608,883 337,6762 1
577,1421 338,8888 1
597,5836 375,5752 1
646,1306 371,8983 1
580,8198 386,7177 1
609,8518 359,7958 1
647,7923 398,8685 1
626,2158 400,545 1
597,8876 399,2099 1
646,1558 376,6351 1
639,37 320,0131 1
604,2873 304,9638 1
583,1266 348,2989 1
609,7666 314,5685 1
570,403 358,842 1
598,3008 364,8297 1
597,0309 410,3828 1
