669,4807 384,5712
705,1906 372,1035
701,0723 381,6407
645,5342 381,6092
655,8087 380,1232
637,5383 492,1571
660,984 492,7585
682,9218 367,1599
695,7017 373,3349
706,1173 477,903
706,8409 489,4925
669,7383 363,1414
671,5129 371,5072
712,3934 381,6308
663,1768 368,4969
633,6536 463,7156
629,5562 455,4948
693,2618 368,383
727,3194 367,7665
712,1071 471,2041
626,9724 401,912
702,6254 482,5106
678,3401 470,9837
671,8101 473,913
188,9396 431,0736
217,0538 471,5326
213,9019 464,6028
220,235 423,6686
227,5553 518,2782
234,5873 444,6792
237,5925 458,0216
222,4599 472,171
197,3563 450,5408
233,2597 499,7093
223,3904 487,9701
205,0559 430,8433
209,9765 484,9692
215,2086 474,3844
134,8076 474,9767
199,8276 507,3979
203,3281 499,4735
226,6391 435,9187
229,1824 471,2811
173,5892 476,2471
218,5368 432,9826
208,662 505,4466
210,595 461,6004
265,9852 468,9668
364,5356 374,2515
320,0326 427,8836
