569,658 365,3669
471,7824 358,7091
523,479 342,0146
487,933 367,0326
486,2847 368,3264
454,8005 371,1912
486,046 370,6776
473,9351 411,8931
507,5029 339,4331
464,1921 479,7192
502,8503 491,7675
480,4458 401,1369
479,6797 452,7049
562,015 406,3798
435,7839 500,2647
529,0934 401,7809
501,6951 460,8245
478,0853 418,7757
613,4778 277,4114
673,2999 238,7494
602,7899 282,8617
631,9108 251,3217
649,2421 288,5148
632,9277 192,2361
612,1733 242,6555
620,4402 211,5163
579,3475 275,5982
723,5331 298,3828
688,4253 286,5431
680,5959 203,726
661,4951 274,6257
628,483 265,9143
720,185 264,5396
704,5721 306,4781
710,8136 300,1862
720,719 231,7283
566,2732 305,5648
560,9394 288,7212
496,8639 343,4089
466,752 305,757
503,3602 348,0618
450,3252 337,3597
494,9181 229,8753
571,774 351,5451
574,4479 291,3497
458,8256 316,3573
484,6827 288,4152
465,0455 244,3726
453,3163 243,0038
670,4589 399,8814
