2,NO,3000
640.2183,346.9423
629.2786,362.9265
641.4025,262.5253
684.3671,268.5047
704.6571,244.6725
650.8712,272.6018
626.5661,356.7596
674.122,326.0202
617.6434,362.5689
698.1522,260.2768
660.1603,318.2827
652.6104,288.8915
663.5021,297.5009
681.4628,269.4822
706.6517,249.9551
675.1937,282.2121
673.1465,284.2187
717.3873,366.7312
686.9372,286.4692
686.9303,298.4464
609.658,363.9312
630.3463,273.4501
685.452,278.8592
627.6901,259.5952
694.8897,348.8011
692.0605,321.3579
721.1318,250.9453
621.2761,352.7334
711.3958,359.8471
690.0611,281.1238
667.2675,287.0531
705.6312,348.7467
675.7585,326.1596
645.7732,340.1232
626.4494,349.0128
671.1291,298.5343
654.1373,280.3795
673.5923,287.4588
699.6793,245.2475
657.782,302.5364
622.9983,258.3118
713.3359,363.3551
635.6945,357.677
686.3934,298.6562
654.695,328.6234
711.63,339.6332
693.2166,326.2526
627.4641,352.2934
716.1451,346.1513
715.129,248.9011
710.2327,237.9877
649.4442,309.9312
674.0629,299.9077
685.0737,327.139
679.5186,271.2905
691.2816,350.8116
621.7501,345.5446
650.4912,318.159
713.4285,247.2829
679.1498,270.3069
682.8182,306.1926
686.7044,332.9324
629.9435,368.5181
679.152,296.756
690.2634,327.5646
642.7664,258.2656
655.4589,267.7726
661.8696,323.0467
690.3166,281.6401
681.8731,293.9444
663.9888,300.499
683.3963,316.3572
729.3232,239.7473
697.0957,351.0042
685.134,329.6585
707.7769,351.9156
636.2426,338.9483
657.6126,331.0096
711.4436,362.7525
678.2783,322.8403
620.8441,248.3018
717.3126,255.7902
689.326,347.6113
626.6032,252.5814
712.6669,247.8952
702.8827,330.2224
646.0533,262.8342
612.5539,250.2079
713.2327,243.3736
699.6961,269.8706
653.5744,304.8301
680.6291,292.843
614.322,241.852
646.0452,258.0752
641.6238,321.873
624.097,352.1854
689.2463,277.1589
691.8735,275.1442
671.6476,300.667
638.3531,247.4698
656.8375,323.1546
635.3776,278.627
677.1133,274.1588
644.4729,335.4985
704.5447,243.0159
703.3005,269.2606
677.7284,315.3008
702.9144,355.0504
615.5766,368.5852
676.6759,315.7822
679.3218,327.1478
675.3492,302.1453
620.1694,354.9142
675.9946,319.4084
720.7795,238.8082
695.2294,327.5009
685.9319,280.9942
655.0369,284.8589
714.2359,263.6506
630.2823,258.8271
725.9606,238.1841
632.2426,355.0423
669.425,296.8722
615.5011,365.569
618.7501,251.9919
661.8709,299.5695
637.3008,266.5646
702.3585,261.8037
698.11,283.6003
698.913,334.1035
674.789,278.2683
676.9204,280.4486
696.9968,354.6201
657.0685,313.5508
691.6678,343.5865
686.8324,260.6879
689.8805,280.784
650.7413,326.7351
670.9955,300.1498
619.3467,244.0466
697.1933,263.2515
645.7393,287.1674
670.9783,294.4018
646.6095,291.4403
639.7174,344.9527
629.2157,344.3981
705.9014,262.9802
718.5068,246.5369
707.8453,365.3899
692.7461,338.3842
679.5145,329.2457
682.8211,308.8726
706.6335,253.1213
671.8654,284.5973
623.734,237.19
697.8656,257.581
660.8596,285.3089
690.832,263.572
632.015,257.0941
713.3026,348.8135
621.1805,362.9629
688.8899,286.5235
692.888,322.9504
698.041,281.2374
634.9788,343.137
634.0354,350.5505
673.6042,314.7572
693.3811,258.1604
636.1559,254.5565
692.6553,258.1087
645.8753,312.1173
683.205,310.8594
626.1311,340.9827
689.3404,344.1123
607.5753,360.3707
695.6334,288.0464
701.7726,345.8414
699.1074,248.1271
686.2939,261.699
630.9082,349.4171
661.5942,312.8444
662.6203,318.3994
675.2851,311.4408
693.6882,290.1097
635.4539,257.3539
630.3567,356.8861
675.9547,307.6935
710.9335,349.1608
685.9452,320.2461
627.0311,357.9678
671.1457,308.6418
687.0197,276.1704
623.5811,343.8128
612.1824,237.0353
672.2234,284.7581
630.6617,362.7741
685.5645,296.4656
631.2178,346.1904
628.147,358.3603
685.0394,271.0442
710.443,240.6029
692.7413,273.1896
647.1681,278.794
713.3719,340.4756
695.1285,270.8639
703.5379,250.3771
691.7394,339.0191
651.9821,273.7581
641.39,347.337
703.833,353.5097
638.9549,253.6134
636.0163,361.2377
689.5361,268.2313
707.129,271.6559
644.1924,291.5807
606.4559,242.1709
640.6557,260.1225
640.3649,354.2665
662.8857,287.5124
714.0083,239.0898
709.3258,353.4337
633.5478,363.6791
648.0589,289.9837
654.6965,321.6346
690.9767,335.5933
660.3562,330.3277
721.0518,355.7279
692.6973,256.7315
691.968,283.3567
655.4726,320.054
672.5294,285.5558
633.7727,260.763
664.2954,278.9218
713.4249,261.323
693.9446,325.3824
659.6334,301.7719
606.6278,242.4456
678.4952,273.8587
687.3575,298.2295
708.6925,252.3256
685.3563,319.8327
716.3987,245.583
619.1973,250.4987
709.0545,368.6818
629.2714,246.2928
633.9022,241.3264
650.842,324.1086
691.8679,281.9775
651.8648,314.9553
695.517,317.9649
626.2972,258.3423
690.4,266.3336
695.8061,332.8312
672.4222,300.5143
664.0607,295.2427
655.3999,305.4086
697.0919,331.5022
724.7932,355.0916
653.6493,264.6838
693.2737,260.7832
713.1774,258.1553
621.8619,360.4466
647.9803,327.91
629.951,365.8502
650.7352,312.9792
630.8307,367.77
633.211,258.3388
683.5812,301.4662
613.2013,365.2799
629.3765,358.3944
701.7508,275.2008
648.4804,323.6181
697.0801,248.0016
716.7889,258.196
705.7716,354.7251
609.1075,240.9881
677.9282,323.649
702.0712,355.2325
612.8589,237.551
617.7244,240.2831
632.1516,335.9701
707.5925,237.6734
691.8894,281.0296
683.5447,289.1236
679.3526,305.7726
635.0107,345.0275
624.7896,363.6917
653.5289,336.4595
639.4053,268.6971
680.6654,296.1087
685.8843,340.2409
645.5997,258.4759
669.0126,307.558
641.0684,345.9101
610.4051,242.2608
703.5623,240.7422
649.2389,322.0857
705.6971,239.7119
671.2001,315.691
668.2374,300.3957
679.0675,292.1959
625.0444,247.7313
697.3931,320.3572
674.4463,305.3495
657.6327,301.7695
667.4394,300.596
706.4702,366.518
650.367,297.4352
701.319,361.7184
651.5194,338.3895
638.8071,251.3553
636.218,330.2528
626.3369,351.4971
653.3176,321.0392
691.0374,334.2932
609.979,246.3759
192.9583,413.4625
280.3301,430.0124
280.3744,374.5
211.1487,417.1439
255.7797,422.6357
266.1685,395.6345
212.4364,409.9441
202.7438,420.0084
268.1092,395.5866
269.5144,447.3064
218.9251,401.8719
261.7133,394.3888
249.1162,388.1326
268.9528,396.4953
202.6428,420.0343
208.4172,406.3982
239.3674,403.509
235.031,426.9031
201.6982,416.5832
245.7684,426.0809
219.6564,409.4241
234.5103,349.1968
252.3927,439.4009
250.4215,379.2067
250.8917,407.715
228.6377,367.9075
195.677,355.7557
223.6429,409.8447
215.7009,428.7204
219.3125,420.5848
262.948,354.7647
254.6766,356.7808
205.0822,338.2361
240.6952,337.6831
257.9038,350.8371
236.8539,408.7955
208.8044,416.8882
238.4358,359.2499
231.8277,358.1528
243.0144,404.9885
202.5406,330.1465
182.2915,401.1392
212.2523,408.7845
240.3589,369.9189
244.3949,376.4684
256.9004,402.9187
267.1077,395.2501
210.3581,412.5002
206.5376,401.9954
269.9764,338.9111
212.3312,425.9391
199.467,393.1484
217.8715,430.6965
198.4178,367.2365
253.6071,428.9121
189.6589,352.8257
223.2389,404.4046
252.4732,415.2846
240.2818,347.2169
207.9229,418.7472
216.0776,404.1559
247.5358,412.3819
258.6745,398.6024
227.1516,415.1514
212.4388,381.6824
241.4172,422.5356
258.7128,390.6805
216.686,352.6513
225.2664,408.2919
259.33,429.2083
179.4817,369.7882
270.7556,336.7748
207.7259,422.517
203.8262,353.0598
273.7599,396.8989
260.3297,373.5494
185.7271,370.0432
279.3584,367.799
249.0051,426.2026
179.6585,417.901
185.4137,413.7365
186.0593,373.974
213.8395,409.5027
242.1382,362.0345
200.8,330.2635
191.4615,398.4823
213.1871,422.1394
225.4224,357.0863
221.573,358.2335
247.7511,414.8359
191.57,345.4257
206.4728,390.982
272.4518,383.0008
206.7755,428.373
189.3023,394.0341
214.8151,363.6942
232.7015,343.1934
218.2675,374.5156
191.6722,373.0159
195.8616,407.8867
215.0193,410.0772
192.539,379.5313
261.4751,429.5301
205.4872,333.4383
195.9637,397.6288
213.1512,379.1042
208.7897,437.2224
203.8131,380.2493
218.2865,404.0259
240.4257,338.2654
220.4455,376.3309
257.9687,370.5699
259.3837,396.7094
216.4192,370.4592
209.7663,392.7484
216.1444,366.3832
259.7559,405.451
270.6709,339.2418
192.0439,383.5287
261.2451,392.8631
187.3113,352.929
249.8159,368.7207
249.2004,385.3182
250.1273,377.4664
208.4819,409.196
249.2598,369.6811
200.5817,340.4363
247.6658,409.3207
265.1506,397.0265
231.3453,419.5987
190.7726,400.3114
272.2135,425.4939
260.9505,380.9215
220.8785,429.3072
207.6639,380.5398
263.0438,336.7815
208.2927,344.1589
250.0838,348.6073
206.8537,368.7965
233.6608,370.365
264.8245,412.4883
220.819,400.2581
192.1794,400.3982
177.2478,378.473
204.5428,383.2666
207.2764,346.2714
212.3543,373.8148
207.2831,400.9228
250.3865,398.2861
270.498,397.5941
247.4288,424.7356
220.2535,399.953
250.2522,374.0205
242.9663,431.5607
212.9177,382.2423
201.5074,371.5452
186.8961,400.3301
244.5231,385.9916
233.7124,368.6234
244.8878,333.2591
199.6318,414.8046
237.8385,439.5981
218.1451,412.381
239.1526,400.8083
241.5041,385.5991
236.3504,377.3715
192.9043,415.6053
244.9122,417.8575
230.2673,347.2658
258.8322,433.5978
216.8577,398.1661
211.3553,414.7977
237.1394,437.0724
265.0065,396.3168
250.7173,406.3178
213.1582,428.0681
180.2477,361.2624
255.1807,408.4757
192.3967,395.1363
229.6676,369.6081
214.952,352.9791
216.0775,406.3484
228.489,362.6668
183.0285,366.4743
205.5217,391.922
238.4778,403.2612
226.4625,431.6239
249.572,415.1831
182.9872,393.5092
199.6181,386.2813
244.3407,363.1232
245.9984,410.7136
212.6881,415.1765
181.2162,344.9813
251.6692,406.5654
207.6645,365.5826
263.3067,404.3695
234.1504,368.6926
179.5873,369.3634
229.7863,420.6697
234.9277,409.9026
197.9855,352.3944
262.0405,357.6733
248.6237,404.8532
210.1263,399.0225
210.6574,357.1185
230.3412,366.9325
201.7863,416.5119
209.3856,425.8413
208.9417,441.1283
269.1697,344.4016
244.6746,411.7345
180.9865,373.1235
223.8963,405.1925
199.5816,376.3287
245.5051,361.4069
194.249,386.984
258.7646,434.657
203.9958,376.2017
199.8062,380.3865
184.3107,397.4051
251.9019,409.9839
249.6947,357.546
218.997,372.5504
272.7271,418.978
214.3365,402.0507
242.5868,338.0888
248.0801,411.6196
239.3878,407.8887
245.4928,412.7587
208.3479,396.8925
186.9828,369.5036
256.9167,372.7654
197.9959,388.6668
257.6364,340.3025
195.1308,365.7963
252.294,371.2032
262.4445,417.7912
219.3671,377.7673
196.8866,391.2302
179.8467,364.2796
213.6795,339.0104
185.5195,354.8106
279.1558,430.1563
197.3083,395.1078
215.2788,403.0338
256.0493,410.8993
231.3155,422.3046
204.2465,374.9781
247.6291,444.6316
205.6961,393.6247
241.0449,425.3365
185.0638,406.0785
232.5309,428.7367
257.8184,338.9623
208.469,434.2064
238.5522,382.7954
250.7657,345.4523
185.6568,415.7001
251.514,356.4378
225.2325,361.4423
204.1613,411.1427
212.3041,383.1253
238.6895,434.0028
251.6732,345.6548
256.8103,370.1795
219.7521,416.5937
268.2109,398.3361
188.641,380.2862
196.2797,375.9451
195.3678,371.1446
257.8486,366.8415
255.2473,410.2723
258.4323,356.2303
247.1161,367.2905
270.4434,410.037
273.8792,351.8911
273.047,373.5456
230.6548,368.9257
214.0347,372.9752
209.3417,401.4303
275.0379,365.1522
247.6576,375.7533
253.0536,366.4739
192.15,378.225
235.813,347.245
213.9109,370.3316
221.4381,403.6818
238.5163,368.8944
231.3868,420.5649
214.9431,360.9069
238.8434,414.7607
195.4076,434.4721
258.2454,365.2098
239.7787,402.7396
206.1531,365.5707
261.3419,393.0845
218.6088,426.7512
252.4977,422.6424
197.4677,341.4679
271.2218,364.0474
251.3799,408.1273
261.6705,380.5645
213.9723,355.806
188.4851,393.4488
213.0792,361.0816
261.5209,423.593
235.0162,359.8926
214.0376,401.4333
202.5373,351.252
209.437,384.575
187.8229,362.3947
206.3799,411.1033
207.6447,391.0368
222.0742,362.2104
266.583,433.1411
603.7621,496.6872
678.6052,406.5203
572.2305,476.9829
665.3783,495.0758
585.756,441.5942
674.9625,449.0276
575.542,422.0705
641.1432,465.3888
641.4766,460.7433
636.4041,494.4928
638.1821,505.9558
673.4006,460.5713
661.2934,504.9123
584.5488,417.2566
583.254,410.2234
586.8897,485.2865
643.9968,461.5794
607.737,495.1044
587.4461,465.262
610.7632,392.547
675.8814,405.9
619.5332,392.9111
613.4809,490.4303
596.0188,397.0214
587.8889,413.5399
647.352,463.7092
611.6777,510.1284
569.0896,430.3294
597.4864,418.7425
649.0604,410.6852
651.212,483.2013
633.5681,452.316
641.174,453.4049
594.3916,488.6286
573.2576,436.958
589.6065,471.683
610.6063,394.8438
578.186,454.452
601.9574,393.3467
594.3686,464.9544
668.8481,504.9484
587.4389,419.7992
637.5781,508.3608
579.2745,471.2716
569.2735,442.6385
634.0914,488.8928
597.912,394.7909
682.5953,492.7605
579.3473,475.6882
669.471,478.6859
571.4603,461.2286
614.5472,384.7319
657.3979,394.3165
568.0529,466.1831
629.5867,392.547
601.3215,398.2536
578.9291,417.2428
628.9825,508.0989
647.0161,394.8029
575.0946,467.1325
598.2003,389.6889
656.7437,458.4494
652.3547,492.4087
672.2147,504.6467
633.2081,391.0603
654.6575,464.4896
675.5394,490.6549
654.5261,458.16
656.8626,400.0839
580.0012,415.5554
568.4772,467.6368
642.3876,391.9504
619.4629,511.1378
661.7445,469.8537
641.8613,511.4438
674.4973,493.7495
604.2732,414.1426
648.1656,508.1422
627.3835,385.8418
627.6832,390.3827
566.5671,457.3865
608.725,404.4619
654.4028,397.6702
595.6493,480.798
643.5255,457.0785
673.8723,497.611
590.5279,443.6736
569.3924,435.0624
600.8123,413.3723
605.3131,504.4084
667.5878,393.2172
565.2767,434.2733
657.4888,491.9882
663.8643,453.1105
669.1102,496.224
593.2341,394.8223
620.9636,496.6508
575.8832,445.6803
583.1955,475.0628
673.7848,497.5448
580.7085,467.0147
634.9006,511.8451
668.408,472.0574
570.5476,474.2056
601.0379,487.1525
578.4,434.3741
591.6803,495.752
635.5544,404.5037
597.0508,402.0857
620.1767,393.4223
668.4214,506.4783
594.654,421.0987
574.3983,439.6072
578.188,470.35
578.1622,437.0809
673.1448,473.3888
578.6596,415.7772
666.0311,461.4338
668.5267,396.7543
674.3075,399.3788
587.7236,424.3164
587.9241,427.2169
668.362,491.4322
597.309,421.5025
591.0587,459.8955
588.6991,497.2988
624.854,394.1537
570.6075,431.7223
633.592,508.8571
657.7995,412.0774
636.5518,489.6771
631.2699,450.4472
606.9653,409.8492
663.6449,405.8319
603.0994,413.5728
567.2499,431.3443
594.054,494.236
677.2107,490.1902
663.215,396.1494
653.6929,452.6945
611.0366,486.9375
671.6723,501.1819
648.7,393.5034
596.5982,472.1941
596.5221,407.8937
681.3383,506.6627
681.1232,466.8218
654.0763,480.8274
680.553,411.535
664.3901,509.6291
610.9126,500.9789
661.6195,451.8419
589.9964,428.4253
604.0761,479.7544
664.7654,410.3771
602.8615,498.9383
600.1455,491.0892
635.4454,448.9359
602.4725,391.7281
566.6088,454.7313
566.7537,453.6312
676.4672,486.6277
677.3778,420.1289
680.6249,498.2405
650.0823,451.9605
610.053,397.2232
581.2829,454.5901
669.9411,414.0986
672.5711,456.3507
615.7989,503.274
594.4905,474.8745
572.9681,423.3712
611.8807,509.2622
589.3055,420.1188
669.422,508.5169
597.1293,414.7327
610.3317,508.0431
639.4731,495.0618
580.055,440.6955
584.3782,493.5167
628.5317,399.7296
647.3374,466.7009
595.3489,419.3996
682.4708,507.4428
579.6069,437.5166
602.3984,480.5837
631.7833,399.713
584.2139,486.7584
635.3802,457.4806
676.9387,502.0034
640.2564,404.0396
647.1232,490.8787
666.7379,393.1106
566.7684,445.7765
660.6899,400.1994
595.0193,477.3736
652.5653,498.1413
588.1996,487.1132
679.4052,455.3607
630.735,507.6699
589.567,458.0285
641.147,506.6132
680.0338,491.0796
674.6684,406.9413
634.4257,494.8711
585.9498,454.8156
656.7222,393.3318
566.0139,435.3414
595.5129,480.7072
584.4551,425.6499
675.5974,448.1372
675.6156,478.974
590.7004,485.8372
591.1463,410.9875
662.1258,509.7099
584.1018,463.2748
634.0244,394.9565
646.7379,464.2287
672.333,467.202
633.4212,449.6774
660.7597,500.4799
617.7772,398.7826
569.4602,421.6697
588.7364,468.767
565.8185,437.9155
663.0411,463.4784
588.4778,432.1545
651.9652,495.3915
609.948,407.0922
637.1197,510.5511
588.387,475.4973
586.8573,457.4692
665.3138,397.3168
578.3625,428.9765
646.8042,500.3215
672.5013,462.1827
575.5292,482.1703
627.9158,510.181
644.7634,493.6279
572.0707,469.3871
671.9842,458.1787
652.5625,413.0234
628.1182,388.6239
579.7493,449.6845
584.4358,418.3872
611.0977,410.2356
593.0825,413.397
575.5154,449.329
585.7196,398.546
616.8724,395.6886
677.0011,501.0799
600.0029,420.7877
681.1096,452.1477
652.7434,402.2523
668.2062,457.5335
573.7408,467.3494
651.8899,500.3396
681.203,462.8049
634.2773,500.9811
677.316,481.41
608.0285,405.2817
595.769,400.2108
644.4812,493.9579
679.7217,475.9199
570.8766,440.5918
591.0364,394.3448
631.3324,447.6487
634.967,400.3002
657.9847,457.0691
657.3758,494.2779
585.3917,466.1622
576.1069,457.1047
604.9026,395.0898
574.1042,413.9359
653.0173,491.4987
662.6443,391.5348
679.0252,420.2676
669.3177,414.91
588.1809,481.9552
658.9654,449.8074
634.1234,493.788
640.8982,386.1909
577.452,441.7072
569.6897,421.2078
675.5939,509.9585
609.5539,397.1729
670.0817,485.6372
575.9021,479.7063
619.9847,490.604
633.7021,489.2359
587.2532,426.8808
660.1101,506.7352
656.9581,390.7575
587.8721,463.44
607.6618,491.33
586.7519,444.6994
645.0584,458.7292
633.9806,386.166
586.9452,472.8984
646.9111,387.2111
644.8362,384.1546
670.8608,395.4187
665.193,419.6192
621.0306,500.215
592.3812,490.1499
655.3171,503.5794
608.6312,390.4609
666.1066,453.8986
592.9499,464.7914
681.0365,499.7804
648.1141,464.538
679.3709,408.4794
662.7188,471.8335
577.9702,417.9892
590.9158,468.3022
593.7255,491.4618
208.9006,254.3087
218.5539,279.6145
204.9042,237.4422
88.4436,229.5367
186.8199,215.6072
222.5703,200.5292
157.3497,196.1768
193.5313,287.5094
206.4259,222.1243
238.5066,234.1869
230.5798,264.3342
241.1226,249.4788
177.5221,237.5095
195.9442,281.5525
256.0988,203.0293
171.1316,223.3853
162.2492,192.0553
261.9094,264.7899
155.0008,214.7755
209.0224,242.3944
205.7614,247.2092
167.9455,205.496
153.2475,266.6861
224.9785,235.7188
230.0421,188.4373
167.1362,217.8661
225.3872,242.796
253.5626,217.78
249.3607,255.6092
122.8661,203.5506
244.9392,179.9602
163.5723,235.8967
205.191,242.5975
215.8427,243.1941
214.6634,205.5615
253.9606,300.1043
188.0808,282.9512
117.9063,223.6914
149.3577,307.6976
224.4397,305.9318
166.3615,228.8316
197.799,280.5077
239.4929,248.4273
247.5763,192.6166
108.1823,213.1071
247.917,272.6872
182.4587,234.8844
210.0728,238.8615
140.6285,254.0871
149.3151,251.1694
161.965,223.531
217.4089,198.5546
270.0743,260.9395
209.7471,245.8534
211.4879,213.6223
174.0914,261.1889
238.0488,262.8819
169.3039,244.1814
247.9076,254.9357
156.1219,273.3502
228.0024,204.8712
241.7175,238.166
220.7968,284.976
161.7544,251.5422
127.0856,256.1684
265.4541,263.8498
215.3607,164.3837
204.5566,188.0654
201.2636,239.2818
171.2341,226.7564
227.8774,197.4055
213.2314,208.1626
267.0052,251.9163
215.6455,276.4864
166.3728,219.8433
288.4223,224.7802
225.5122,291.7059
197.5741,273.1166
250.3143,201.6449
233.5392,259.9904
165.5386,313.0939
128.0844,266.319
234.0566,213.5823
153.1634,222.3105
182.0704,242.1697
209.2766,254.4253
154.3318,226.3042
243.2928,266.9061
161.026,241.7249
154.5517,254.5867
205.2777,165.1966
189.1942,201.2223
123.8402,222.0538
167.21,267.4113
125.8964,220.7242
165.9128,255.045
139.2418,269.8081
158.4314,271.521
222.43,194.5717
179.2416,210.8628
148.1399,229.3056
141.4765,176.7919
247.4924,242.252
195.005,238.6229
293.8704,233.4767
122.067,226.4639
191.6784,244.7441
194.854,291.9003
199.4701,167.9407
179.2169,213.7665
172.1846,272.8246
220.3134,243.1723
164.8177,206.224
283.2511,237.6409
168.5032,258.6182
224.0829,244.4782
234.949,273.8307
201.3085,248.8191
219.5511,245.9592
219.7137,239.6904
232.4186,289.5819
222.0387,267.5966
169.5641,241.6355
235.5196,286.9121
204.3166,245.7297
209.5581,203.6427
159.9332,216.9056
159.4726,282.2815
101.6496,248.0407
171.4964,262.4427
224.2663,201.4599
200.902,271.5318
221.7664,214.9342
191.9499,190.8102
231.0598,292.7278
244.5494,248.5906
169.9363,222.5704
191.9626,240.025
157.4754,286.0963
139.3799,186.2017
180.0673,212.7293
139.3582,273.2856
154.7183,225.2816
170.7941,262.0353
205.8908,223.7655
242.3935,276.562
158.8633,182.4733
221.319,200.6494
137.8398,278.2895
279.6966,240.9302
228.2657,278.2147
138.3032,233.6007
150.6725,236.8958
215.0418,239.9413
243.849,196.1761
226.4181,237.8723
181.4535,239.8174
278.0319,216.8112
275.6831,257.5582
156.4942,239.1212
193.2233,275.9442
206.1513,177.0823
245.6367,218.6528
199.4621,251.7806
145.6871,198.3952
269.4725,239.547
271.4833,191.6343
182.5108,205.2208
172.0225,243.37
209.5684,258.77
248.3613,267.4162
198.7417,280.8452
171.438,258.5437
210.6651,196.9156
231.4025,274.5119
244.6884,196.9562
185.2417,200.0426
270.6248,212.959
163.9973,225.7885
247.5507,220.4371
135.2817,250.1691
218.4408,266.4325
168.8231,229.2539
234.9968,307.2415
231.8242,213.5652
172.6334,174.7499
170.0368,214.0429
237.2423,269.7566
231.9223,271.8134
190.4185,169.042
245.9875,234.1231
248.3949,241.3581
140.2295,169.6496
205.2316,175.1585
210.5998,194.909
113.12,245.2058
211.1119,250.3832
137.3232,223.0083
260.7024,288.2988
199.1023,238.6005
167.4454,210.5487
225.5719,238.7335
247.3944,241.2573
244.4578,206.5685
242.7512,241.0442
311.8144,281.2485
244.9471,229.5071
203.016,256.5205
163.8744,234.6602
241.6477,285.8758
238.4436,247.7963
145.8167,227.7063
177.0622,269.5316
221.8612,269.1925
208.973,212.537
158.5253,283.5686
243.9054,260.5932
178.5228,282.168
231.3481,214.7299
136.4157,211.644
200.2388,222.8675
240.19,312.4361
157.0062,246.4373
241.4663,245.4681
202.6127,204.037
168.4026,257.8648
233.652,239.3708
175.779,260.959
250.7787,219.0993
224.4606,238.4553
191.1878,203.723
168.8141,172.3819
157.1898,290.5264
244.0465,250.3768
268.6714,294.1472
260.837,252.1511
222.7566,215.3003
223.564,273.3083
187.2099,193.8852
202.2858,247.2922
279.3887,248.3596
226.2928,291.1839
128.4294,244.6497
258.7122,216.928
181.4961,192.3246
178.0842,194.8713
200.7985,284.499
188.8512,115.0911
202.7739,251.4949
234.1885,258.5655
169.6255,275.0878
136.9854,258.2431
174.7152,290.4936
211.1402,216.8964
112.003,241.7181
249.4752,229.649
196.7885,195.7534
190.9264,237.3105
192.5653,238.4544
226.2033,213.4199
178.9089,273.8789
151.0165,226.7839
199.4174,247.8385
265.2942,242.7458
241.8465,261.9969
233.5293,267.0982
263.395,239.247
234.4829,239.7349
175.9705,263.4954
192.3523,198.1964
146.9461,290.2618
235.6716,267.6699
208.0347,265.3308
248.4351,244.3398
192.079,212.7911
234.3497,219.4674
149.1199,259.9658
184.8683,184.278
156.4883,283.2563
206.2174,280.0233
191.8803,205.0912
283.7407,283.8
264.0546,238.8486
162.3398,198.9105
154.8186,261.7822
242.2713,267.5287
209.098,246.6121
151.6139,241.872
235.3525,259.6622
209.3494,206.9806
181.3506,263.3417
276.7861,272.1193
222.7566,238.9034
256.0194,243.4312
181.3265,207.3561
222.2462,214.3675
231.1886,176.5329
248.621,221.8307
200.4883,269.3954
180.6173,277.3378
219.9487,281.3983
254.1033,279.7499
141.0262,233.4799
191.9529,274.8455
243.9341,215.4839
239.128,247.4243
201.3193,254.0897
167.1325,282.0811
110.7021,213.5771
198.816,222.6273
200.7326,178.5343
259.6855,267.4465
200.9497,278.1668
132.793,211.2333
268.2246,318.7733
186.7659,151.942
572.5355,399.9875
540.5303,334.3527
585.2749,384.3981
595.083,341.1979
595.0968,365.4994
555.3029,422.8661
585.4537,370.3995
561.3293,333.5513
587.2664,372.2549
584.2416,386.306
602.2932,442.7815
542.228,438.909
549.1119,442.5852
584.6323,426.3697
566.782,448.7655
615.6559,334.1201
563.2327,437.9455
560.7827,436.886
542.0396,414.1772
602.5977,429.2317
575.2104,429.8217
581.5238,391.0651
548.7988,409.4957
567.3017,336.1755
574.9625,388.7644
606.3901,445.4688
631.8081,432.9041
568.1791,339.4156
556.2067,432.4943
590.0209,386.3953
588.0944,430.9448
565.0876,321.5253
531.9798,333.1724
590.9361,327.6578
615.7622,348.9578
576.8771,446.8839
576.4055,319.7736
545.1986,337.6179
570.0458,402.619
628.4452,444.5462
611.9233,362.8191
630.4715,449.0545
544.5848,329.5362
548.8977,431.8861
613.3976,359.0894
562.7243,336.6468
567.6744,448.338
536.8828,337.4799
626.2943,319.6457
565.7251,405.193
543.7732,320.3261
592.6907,446.716
536.8371,434.1141
623.5454,430.9127
568.8491,391.193
564.6017,409.0492
589.8088,431.96
573.4036,382.3387
579.5549,342.8002
597.9894,448.8413
605.1323,355.791
595.5976,362.4429
530.1825,425.8652
634.6737,343.9357
602.2697,430.4149
613.9593,435.6737
577.0774,444.9488
635.015,328.0005
552.8608,428.8623
597.0329,361.7701
584.5284,440.4438
579.242,392.2443
606.9544,341.3996
556.9569,325.61
556.2646,328.2053
613.0546,321.4877
591.3004,388.8492
612.6221,425.1391
619.6755,344.8716
597.6199,363.0125
595.5515,327.2292
614.9382,349.7434
594.5541,427.4706
600.5899,344.7297
574.9821,444.2818
600.3975,445.1834
630.7418,344.9848
595.2995,320.9444
574.2062,338.8201
548.2576,408.8549
592.314,382.0773
566.5741,328.519
579.9264,424.9116
585.1305,342.9624
619.3531,426.996
569.3851,428.6125
567.426,340.7496
556.6973,338.2279
602.8021,333.8364
548.8309,325.6808
588.5551,377.6013
561.7754,325.5441
612.0467,438.3975
588.3699,319.7933
567.3279,326.8055
627.0895,324.2346
550.9204,332.9108
559.7632,445.7973
548.4273,409.474
554.1888,414.1505
536.4087,326.9844
543.3242,343.2893
590.1253,383.4768
627.6547,328.829
610.6976,322.4413
565.8433,338.8189
606.0727,355.4253
564.7756,335.3818
530.657,445.0548
550.3078,450.1605
609.8996,321.122
593.437,440.8781
585.9847,330.9301
550.2435,333.9892
559.5928,331.9523
633.1725,343.5502
574.3703,444.6726
631.9286,450.7574
572.6875,390.6838
599.2288,445.301
556.4821,450.4427
604.327,443.3099
603.4764,361.2625
628.0521,349.2274
590.4968,429.2199
540.8228,423.0959
618.7466,328.8368
575.9729,443.7534
549.8191,410.4777
603.9605,432.6073
549.7586,420.6993
558.7727,426.5543
591.0819,363.9547
550.21,339.9794
603.7464,434.669
543.9824,419.6945
552.5317,403.5859
563.5311,321.5572
578.0704,334.6122
624.9382,426.513
583.6399,389.0362
583.7106,388.349
611.538,448.3079
594.8494,321.6791
577.2485,391.3998
600.8733,319.4358
616.158,362.3162
541.7539,436.4066
598.515,446.1498
579.2474,327.9175
604.2977,372.9621
540.0555,421.0992
579.5904,376.6568
623.9677,352.933
581.5464,342.6703
619.4508,449.4334
626.4433,322.9862
569.446,428.2647
565.5435,342.4824
609.6793,348.8962
598.9771,371.5873
572.0602,319.2539
603.3184,328.0902
601.194,450.5207
584.8133,341.0676
607.6768,341.7641
566.1863,437.2666
586.2442,386.5079
538.232,330.2854
622.2952,338.4198
546.3131,333.9262
570.9924,434.7158
561.6273,435.3144
589.6702,369.7148
617.3639,324.4454
592.6759,387.2252
583.803,388.7667
549.8439,443.4469
576.1248,331.7332
571.9204,436.2963
593.0731,363.4881
577.7814,427.2745
532.6688,323.3487
539.0071,444.8354
604.6351,442.2242
622.7623,333.3927
567.4165,331.9897
580.8101,324.2322
573.79,345.0759
566.2092,397.4763
626.9515,449.7286
581.7293,427.6213
580.0594,323.3881
531.4877,443.0339
628.3145,434.3685
556.9925,403.8438
606.2148,344.092
566.7957,427.6989
547.7375,406.9114
546.6463,433.3093
551.6233,409.719
571.3438,390.6901
574.1512,403.6403
544.615,428.5201
601.0322,378.4846
560.8861,406.6354
600.8323,325.1785
558.5538,404.1686
543.1421,432.9739
620.3051,442.2603
592.1278,432.042
558.8942,327.9216
588.5631,389.5049
617.5704,348.9537
546.6016,424.396
568.8503,403.351
607.6343,338.9956
555.4042,424.7257
623.3154,336.7581
575.158,436.8342
591.061,445.5336
582.6364,343.096
581.9085,384.2305
615.3417,340.8444
599.8329,374.0858
566.5352,441.9607
550.894,428.5518
607.2417,351.496
531.6478,334.024
605.7062,361.7428
557.7087,328.2265
581.8945,321.9291
556.5725,406.8712
547.9887,438.9584
570.1021,425.3543
581.0984,321.8153
582.3493,431.7875
583.3541,383.8595
580.1902,398.4859
566.3087,440.1529
606.0602,332.1953
632.3651,428.6601
602.1514,435.9234
551.984,411.7052
582.7183,328.6333
533.1414,424.1823
582.6412,378.4706
537.5242,340.503
560.0051,447.8282
555.9021,342.4148
627.9731,346.4304
536.8733,321.3767
635.1119,342.6074
564.9744,336.7195
545.752,408.9882
540.7226,426.4444
540.0489,415.6693
617.6999,325.5459
555.3844,437.7486
600.0694,378.8373
615.9307,348.4103
593.4535,365.1022
549.4972,343.2566
571.8128,339.937
599.404,373.9167
579.8723,387.9515
540.1401,324.0197
560.269,449.061
607.7057,372.7571
591.0807,319.762
611.642,333.5177
556.2173,427.9665
600.7973,354.378
627.5272,350.4322
566.4198,319.9026
532.0125,426.4782
627.1031,353.1448
631.3754,446.214
608.7501,439.8604
630.2816,340.0749
568.8481,436.7611
598.6505,357.1899
548.9813,433.7423
626.0742,444.5541
567.7684,396.4067
539.022,421.3824
568.0596,336.3545
538.3852,428.4012
533.1455,421.5332
538.0325,446.7233
537.7233,337.3434
588.1215,337.21
590.8406,431.2099
591.396,439.0714
570.132,338.4357
571.8274,439.3343
599.9285,443.4424
569.6385,389.6778
612.303,435.1262
624.5542,346.6395
571.9378,333.0045
608.8468,432.9026
580.6523,444.1417
563.5006,434.3264
533.4155,332.103
572.2659,403.316
707.3649,378.1185
748.8722,304.0822
660.2848,405.0731
733.9215,321.0966
656.0061,298.0152
704.1447,296.692
713.5822,366.2167
681.8171,347.0883
666.6663,358.4855
742.1446,290.5766
656.1975,324.5609
740.178,346.0257
725.799,382.2661
655.4718,321.0249
670.224,386.4915
729.8099,361.4594
637.8272,296.8715
665.8602,414.0866
643.8304,292.3649
733.6872,319.8749
711.3114,342.4165
748.0162,323.2749
665.3211,392.827
713.5922,411.2155
660.3584,342.6242
750.3042,292.0569
708.5007,341.2067
667.6027,407.2909
680.9246,316.9866
670.0832,354.8571
722.7129,330.4048
704.9156,333.4186
668.6367,412.9764
669.537,385.7478
713.8322,390.0282
731.2313,292.8017
682.8052,350.1869
685.5204,325.3014
652.3035,353.4496
654.5743,296.4648
726.9965,363.545
682.4599,361.9415
695.6572,290.5126
735.994,305.0296
732.6207,284.8387
638.4554,315.3464
705.4697,348.5851
696.6755,290.078
646.4894,309.9429
707.4255,376.0336
640.9885,302.0414
655.6558,307.7851
666.4599,345.1707
698.6335,303.865
718.3804,369.851
738.6915,306.1907
740.7417,312.0533
733.3922,379.1543
730.6336,310.2554
633.3548,299.4222
717.0546,381.8424
718.2336,378.699
677.7113,343.5831
683.39,298.8545
742.0051,309.2955
660.2854,368.8867
696.4629,286.7954
671.1086,361.7569
718.3822,346.4651
742.5839,315.3969
709.9455,305.4763
659.6208,388.1956
680.7945,330.1933
635.7127,303.5576
685.225,365.9963
655.569,368.6743
645.7104,351.0779
671.5524,330.0008
681.3263,343.5864
675.4388,343.1499
726.3542,328.6154
727.711,379.1903
631.3951,295.2089
695.3956,314.5354
714.0545,388.5219
724.3125,378.9279
747.1033,302.1274
687.2643,310.0508
704.8681,300.8598
733.5003,321.9219
708.8552,299.6011
702.262,294.4548
650.4589,330.0537
738.2776,308.5926
724.5046,320.344
747.418,291.347
706.9859,343.0282
656.6242,313.0041
728.0372,314.6428
669.9149,364.1528
660.7728,326.2343
654.9718,364.1354
709.6399,395.4002
700.1621,349.2224
676.6721,320.9336
662.7472,406.7155
674.0108,334.7679
729.5748,305.026
731.4055,330.1669
693.3683,328.7869
670.8367,341.5093
715.4514,363.1547
738.5419,315.3411
711.4272,381.8485
727.3509,359.8954
746.4716,320.7108
690.3628,302.8075
689.0302,317.3574
704.9424,352.7748
675.8193,390.5917
741.2233,287.2539
642.1273,332.4252
654.675,389.273
673.6976,363.7473
733.1432,383.902
708.7124,340.5843
740.4635,330.1029
677.7466,364.2577
645.3685,349.7097
675.9647,353.2279
651.0473,307.5057
701.3215,354.0869
749.9173,303.3307
676.0548,311.6936
667.5673,360.0219
655.34,341.4329
668.7759,364.4402
663.828,409.1985
695.5764,330.0045
655.4949,372.6373
738.6105,342.4735
732.5041,325.7972
670.7262,370.2851
670.1953,364.0727
638.7075,300.1416
743.3577,333.9255
694.2596,284.5388
710.8191,352.8383
697.1662,302.3226
682.2478,367.3523
718.2951,371.0722
653.7309,361.2471
674.4911,393.6339
680.3667,332.0352
738.4924,338.3306
647.7061,330.3555
709.933,354.8187
741.1269,311.2827
728.5772,330.3125
673.3785,395.8847
720.4783,347.6228
637.4368,309.0076
646.884,347.0912
671.7892,387.2862
699.3216,286.2683
655.5559,393.2988
724.8876,326.0579
702.7579,302.753
645.8666,309.3047
648.4317,299.4613
710.1359,319.8574
675.4596,387.9807
723.034,363.3087
668.1451,360.9686
689.8962,290.6843
704.6515,327.9495
688.8916,316.2766
670.6922,395.4849
727.0915,367.7333
734.2566,344.7569
703.8398,324.205
688.1547,352.2044
694.4529,312.705
655.6095,295.0765
722.3314,387.4626
709.75,363.9468
722.5047,362.0506
718.7925,374.6603
642.6495,314.4466
658.3599,354.3744
710.5319,352.8443
728.0994,387.656
698.8594,294.1416
707.5455,384.6222
726.124,360.1676
650.4868,346.2812
678.2368,326.6761
698.4357,348.6818
646.7381,340.1813
723.506,351.2871
741.0493,335.4771
656.7184,373.7119
654.8661,312.9953
721.865,345.6256
703.4382,302.6391
674.03,403.8147
720.5961,410.3381
745.4888,295.8959
664.8925,407.4406
694.4768,335.5497
655.5874,304.026
743.2603,299.9483
680.799,300.8289
645.5382,287.7123
751.6563,291.977
633.3444,300.256
721.4812,339.8759
677.0481,368.4936
657.0319,393.8214
645.9127,358.0152
756.2321,288.9087
675.6518,372.5821
641.5909,332.0067
713.6488,409.145
700.3644,316.6773
652.5177,365.0604
657.0503,315.3532
659.5527,355.8236
677.7085,365.6687
744.601,313.8147
647.4324,352.5973
743.816,286.5185
638.4815,289.519
739.193,350.0018
635.2142,292.3114
675.6126,401.945
681.5935,362.6438
736.1326,302.4605
676.8904,319.4404
669.1976,394.609
691.4007,288.1064
733.959,327.3397
723.9291,341.7706
667.7106,399.3266
696.0227,330.3186
664.816,342.8582
651.6003,300.104
724.4239,348.5963
691.549,307.0189
712.901,343.45
702.949,339.0211
750.4141,298.3329
645.1481,290.6875
661.1778,357.3185
673.2324,360.7282
646.6711,331.4911
711.5071,357.8942
706.0985,287.306
727.9269,348.9465
741.9202,288.5808
714.4143,410.1904
755.6181,294.3315
728.8082,344.7618
680.0356,349.3209
637.2664,317.1297
644.4322,301.5815
694.2592,283.3107
704.7763,382.3172
647.7644,339.3615
665.4092,347.547
723.8247,349.5584
690.6333,297.8465
725.236,402.0224
649.0066,283.7148
685.1632,355.4047
707.9012,297.8451
731.8772,286.7503
702.7921,328.5568
672.9122,382.8378
655.8455,386.3788
716.5187,412.1689
721.8913,402.7535
715.6785,384.3087
656.2025,325.569
737.7421,337.6625
656.6169,316.6553
726.6992,362.6715
750.6296,305.029
674.5662,400.261
695.7963,320.8415
744.1138,327.193
657.4715,357.6336
678.6372,328.2708
730.9538,313.0332
734.2771,302.6958
662.4864,362.3252
661.3243,356.3502
659.8704,328.8248
665.6074,345.9415
681.5072,341.8488
705.1995,341.9818
681.9231,329.976
735.8422,289.1842
636.7191,290.4633
653.085,294.2072
715.6898,339.7001
714.9654,338.0751
707.756,392.4284
719.5446,394.237
666.6314,359.7699
673.4916,411.7873
738.2051,361.473
740.2639,314.4731
737.4995,351.4156
685.0287,294.1467
638.7358,318.64
362.2745,569.5304
360.9584,582.2122
359.5443,510.2432
405.1327,579.8792
339.3628,470.0396
335.3401,467.9822
379.5302,529.0126
329.9725,564.7198
405.1274,570.543
347.9814,478.7678
389.8298,476.6664
350.2075,587.4312
367.6075,585.4711
340.0757,482.373
331.155,578.654
343.0186,477.1352
333.8031,474.9049
364.6681,510.115
400.8187,586.1811
367.4972,520.1703
366.91,479.8792
343.3211,573.1935
399.9246,457.8969
396.3717,474.1677
332.125,583.0873
375.6964,482.9455
378.5881,483.7925
403.6629,458.1076
363.5497,541.7982
391.4688,472.4947
386.6177,577.3459
396.3046,568.247
374.99,509.4755
368.2596,475.4654
375.6505,486.4739
363.085,480.3528
406.4763,586.7765
380.9783,471.9889
377.6848,467.5798
367.1665,478.1155
377.2398,476.8035
361.2447,562.6402
379.9736,563.7712
384.9697,472.0217
359.3043,503.5268
378.2727,498.8627
384.4232,588.6013
375.1697,512.683
328.2246,587.4967
359.2137,578.3315
332.0727,458.4512
371.2963,542.7704
362.8054,482.2466
330.0705,478.0292
375.6876,545.9275
370.5502,544.1638
365.6219,551.1975
342.4348,466.5408
363.9967,551.3323
362.8135,495.0732
342.0551,573.705
354.9956,580.3978
368.1828,469.5181
368.1178,559.8039
358.0789,550.0831
367.8605,490.7655
389.9549,482.3295
379.3648,513.0658
342.005,567.1968
345.8569,457.6197
374.6935,493.5653
366.2321,534.2708
348.2555,458.4978
363.2509,520.7406
400.1523,568.9748
346.3916,585.0679
388.0481,578.4491
343.1882,580.3439
369.0216,571.3097
351.5752,570.0264
391.0161,588.8214
403.2936,465.5393
337.5102,570.2586
396.6451,568.1551
366.7385,470.6703
359.2937,540.1311
374.6786,558.5323
397.5622,578.8457
345.8009,572.7083
394.8462,566.8769
353.8237,474.7498
365.9019,564.1648
331.9428,458.4656
371.4079,535.8403
404.7154,481.8792
375.6162,564.0329
399.6152,467.8414
349.9234,587.6407
364.4422,500.5991
347.9662,457.4247
374.6417,570.1834
335.6307,475.0568
362.8214,517.5078
403.5275,567.6546
343.7354,583.2261
391.5334,585.0036
347.7591,476.5638
352.4038,477.7786
378.6265,461.2036
371.8876,551.9072
380.1192,481.8549
367.6883,553.4555
337.1144,580.1544
374.1547,477.6247
397.2671,577.7294
364.1814,493.5119
375.9932,503.4099
374.0636,512.2947
382.7568,477.3403
363.8936,510.7784
355.6895,587.9497
348.4264,481.4412
353.8949,548.5597
389.74,573.6318
339.6839,471.1532
372.9673,461.69
345.7991,563.7881
355.7267,495.7737
399.3475,577.1653
363.8338,498.8104
390.5001,480.4159
362.2914,583.1777
377.7201,574.9925
375.6124,551.2308
358.715,458.4604
375.824,578.4327
370.961,459.605
342.5118,472.2927
404.61,580.8094
369.6423,523.55
385.0118,568.731
388.2727,475.4338
361.6485,477.4844
361.9665,505.5907
357.7139,457.2923
367.2072,561.6675
402.6607,580.6288
390.479,567.6902
344.5108,579.7828
346.2767,464.8526
364.2891,482.063
354.3054,528.252
333.1179,465.5713
349.4876,573.0093
392.6196,576.9125
344.6134,582.259
369.7069,476.4116
398.0669,571.0317
345.6829,472.7658
348.7498,578.779
401.3267,466.5559
340.4936,470.7632
389.1015,578.1273
377.9251,466.3293
376.7289,505.8601
377.7075,459.8542
391.2327,584.3474
374.0525,579.4264
348.3308,570.022
362.1495,457.0517
387.9976,572.1612
352.1783,472.2413
381.3275,585.6161
376.1047,543.8474
378.27,556.1334
376.7727,499.7709
347.1158,581.9724
337.2586,585.689
375.7494,577.5736
361.7903,524.3785
358.3438,553.9195
388.1023,581.5826
363.8938,477.6158
372.9328,537.0126
375.9279,490.4204
369.8635,479.3307
364.1456,550.9903
387.9218,584.9691
397.4113,584.5087
377.7917,524.0532
404.0561,469.1804
377.1054,562.5735
354.1405,509.5303
369.8664,479.8742
334.0122,478.277
394.4457,564.4694
361.8813,501.398
342.7053,474.2978
330.2295,573.998
375.7832,567.1261
380.0102,514.3572
343.7158,567.2702
405.2747,573.672
364.3395,499.3788
372.857,470.8594
375.4401,480.0087
395.2325,577.0751
397.5421,578.8909
374.9081,493.72
348.3041,573.8569
365.1636,544.1318
350.3275,464.0848
352.0946,582.7665
335.2584,585.9082
374.3361,567.4348
350.2014,458.92
352.1573,587.9119
337.6428,583.5432
330.8963,482.9108
367.5132,508.6098
400.0124,482.898
360.2394,577.0686
405.1054,569.0254
331.2086,571.8455
343.8307,461.8463
332.3499,463.0826
342.9849,574.7032
367.1771,588.1865
337.9235,464.271
385.7243,588.5073
365.7192,486.1468
342.488,459.1606
392.486,580.6608
354.879,498.8245
394.7018,457.0946
339.8335,570.2466
354.9283,533.8368
352.0454,477.7063
376.0075,562.4921
403.1816,476.0774
378.1087,485.4689
353.9227,466.6353
373.3338,575.7372
369.388,536.1275
360.1668,500.8147
338.7642,575.0738
357.8286,487.421
358.8206,582.6913
374.1422,533.6583
389.6961,569.9748
354.1615,584.6498
355.8137,546.4918
363.9367,559.6031
331.4268,478.0205
357.7898,534.9049
366.2257,526.6411
363.1004,507.7498
378.0944,563.7129
360.2004,505.532
374.4032,526.6577
380.0796,519.9139
352.7005,483.354
402.3377,577.5564
353.5619,475.5121
382.1928,579.6154
341.4884,569.695
378.5391,542.1375
360.9991,513.7263
356.7285,563.625
385.166,467.6701
358.3114,509.9802
353.8186,459.4534
350.9456,465.6527
337.1049,482.2722
376.9917,466.3651
359.8938,497.7485
366.2628,567.9317
355.3798,467.8895
370.9252,463.5098
360.1115,524.6624
365.4977,513.3798
371.5137,578.3676
364.7848,493.7528
328.5041,583.3013
375.3577,507.7809
348.8393,471.7692
389.0455,568.2552
400.8758,471.387
329.8173,577.924
366.0331,486.032
378.9765,540.5298
334.8012,568.2498
359.7467,509.2136
346.3396,481.2954
375.5322,559.7507
373.9455,519.1221
345.0717,581.7136
365.1377,479.8939
338.0915,583.0665
360.9665,510.8212
370.829,466.7893
375.7564,480.0963
356.9171,492.4161
347.8079,463.8252
378.0785,568.3286
367.902,542.2565
373.5051,544.9316
363.9525,515.6713
328.0162,572.3942
346.5107,473.4856
387.5779,571.6499
364.9377,461.2425
398.2323,580.5838
352.3318,584.5125
335.6471,581.6886
405.4988,569.0987
478.5801,347.3676
449.2856,309.6944
454.0893,312.7
380.2325,394.5519
412.3741,404.5906
379.1691,385.7251
447.7634,396.0421
387.0266,330.3184
398.0126,368.6771
470.0016,351.6109
403.6307,329.8608
379.7013,347.7005
462.4118,307.9895
392.8719,399.9536
407.8216,396.844
396.3635,363.758
427.7152,388.0001
396.3213,344.2376
403.0138,401.5575
380.2877,310.5049
407.51,404.8826
386.4462,386.1123
456.5466,384.3657
379.6147,294.7572
415.318,381.0089
387.2216,393.2408
388.1399,361.78
481.7167,326.1244
379.0575,336.6609
440.5979,298.8549
384.1727,312.8278
427.0161,282.9887
419.2885,395.4467
426.8155,283.5045
470.131,376.5353
391.1701,377.0926
428.5113,287.6827
394.5511,289.2784
462.5064,300.0107
477.7995,314.58
424.5036,381.723
439.6836,295.8449
379.437,391.887
379.2793,296.3069
482.1736,337.2827
445.4762,300.8877
431.4595,394.2717
425.6157,299.8599
457.6274,323.9974
383.8608,397.8074
427.6938,388.0519
404.2908,371.3355
447.7805,291.0353
471.1081,303.0637
379.7253,328.4827
406.3312,293.9397
398.5244,300.7704
390.7175,290.1773
409.1403,395.7374
413.2571,393.1579
394.3606,336.7194
444.8314,384.7969
397.8834,402.4143
385.2542,332.1241
468.3114,384.3127
468.2533,311.3378
380.8413,346.0582
425.7974,381.8244
466.2945,346.5413
472.913,348.8388
406.5585,296.538
419.5791,383.846
457.2323,300.4171
380.8559,390.1423
445.378,311.6464
393.4741,363.7914
436.0637,296.7053
407.417,288.5716
383.6686,380.9482
384.1553,312.2554
479.298,321.7784
385.4692,332.842
392.8362,276.0834
392.2634,404.8836
449.3363,368.77
424.0783,392.9918
380.5273,337.9411
442.9537,389.0945
425.3511,299.8225
426.5556,291.6073
452.3467,382.4725
393.6005,332.1441
435.5936,393.835
450.0146,293.3808
472.4895,309.9452
387.8763,341.0009
442.2317,384.4286
420.6906,291.162
466.1711,335.723
401.3394,312.0078
455.015,364.3772
418.0426,399.9065
413.5512,297.4144
432.6395,301.5932
393.9313,281.2652
410.2358,293.6792
465.9216,303.5764
461.5835,326.1675
437.542,297.9352
415.5458,385.4449
393.9995,353.008
462.1965,367.0867
480.4268,329.2495
456.8526,305.4295
474.0658,364.6834
399.4695,397.4386
471.4234,354.28
430.1055,402.6666
403.6031,281.8275
434.185,286.3884
455.5769,300.2139
438.0693,379.8171
467.5233,362.0767
393.8507,388.3246
399.0848,300.5766
380.5242,373.2981
387.7962,344.9025
460.0633,323.7622
412.8711,293.1034
417.5858,301.2511
464.8707,344.0127
391.0278,313.1429
391.7096,390.3226
398.9683,399.1681
401.2962,363.0161
385.968,337.1254
396.2885,404.0487
475.2415,351.0152
455.5492,367.0184
457.3569,318.9774
463.2585,367.8159
380.6266,295.6975
419.1416,405.58
397.7642,309.2655
457.6644,352.5206
445.704,282.2607
441.9013,303.2614
399.8225,369.6747
394.6014,293.6514
461.6277,342.3593
468.524,309.0756
443.4551,395.9995
451.1794,308.4419
393.9125,294.3701
393.4535,402.5726
464.905,357.0349
404.9067,303.942
386.0949,399.6443
483.4962,339.8329
414.9971,384.8663
404.6408,310.1905
397.288,380.3803
385.7161,346.4835
412.0202,400.6178
458.7873,374.1469
425.4393,381.1246
463.2293,300.7673
383.8548,353.4837
418.3164,387.8485
405.5025,303.1038
447.1262,379.5328
385.4287,317.7579
444.2766,377.4843
387.878,308.9566
461.7157,357.6443
454.3218,362.457
380.1803,397.4578
406.1489,385.0857
442.5106,308.1267
414.2162,285.0862
383.5806,275.9965
462.857,386.4814
382.2024,362.9377
435.0353,385.3521
388.8218,316.8186
477.6037,365.3745
437.8895,391.4174
410.892,290.0584
393.6623,306.758
423.4217,288.1176
381.0617,385.6887
464.4015,314.291
457.9777,361.956
381.2267,361.7779
382.1285,358.2457
412.6173,291.3584
397.4343,350.696
407.4502,278.264
379.4018,366.5065
433.1743,299.8803
451.0357,394.6612
476.8191,371.2699
464.1745,362.3801
459.2419,358.9854
400.0527,406.8333
388.6756,382.9337
379.651,353.7312
387.1538,325.7882
393.1903,283.4357
419.7441,406.8957
394.8237,357.6949
383.6127,334.5526
387.8756,300.4663
468.3202,349.2254
403.8638,343.1109
381.2962,308.732
408.8508,398.6679
417.7965,398.4551
404.4667,278.1454
445.7346,372.0581
427.6196,295.8114
468.6469,323.4289
393.5602,361.7253
418.9133,390.4112
380.4239,285.4316
470.5836,321.8025
479.3496,323.5385
402.3921,341.6103
441.7658,386.5418
416.2912,290.4459
388.315,277.7643
385.2697,371.1593
470.9553,348.7541
435.5358,303.9106
382.6967,344.1931
422.5802,391.597
415.0511,280.1289
392.0079,355.9646
452.6767,387.4462
398.8219,322.75
461.7734,352.39
424.4475,392.5498
410.6644,399.2337
456.1307,372.0578
403.8005,372.3283
381.9118,290.21
469.3269,348.9066
386.1704,375.5352
430.5854,402.4704
384.8492,388.4994
380.7027,369.8783
395.4949,338.4966
446.285,284.1565
444.6364,282.8978
446.4734,376.2764
401.1039,330.1268
445.1569,295.5861
438.5332,293.0295
399.2622,306.7838
379.8178,307.6476
437.2629,297.8966
391.1658,296.6365
437.5599,304.9584
388.6517,401.8949
381.7039,402.656
456.9609,305.0749
482.0043,355.1742
466.9797,317.6876
399.5153,295.337
449.4506,303.0596
464.2244,312.4746
401.9359,362.9458
389.6952,317.631
461.0209,294.9598
460.8848,379.5918
460.3843,302.7019
398.0559,401.3831
383.1723,301.715
458.5968,309.9676
379.2814,293.8333
440.8187,388.5752
382.0438,358.5074
379.9245,377.3804
391.2945,388.1147
404.9969,302.9686
383.1485,319.461
460.1938,389.3492
441.7279,298.5345
415.5288,285.4469
407.9058,380.4932
477.4044,315.8949
379.201,309.713
452.3494,289.8798
391.2171,301.4767
391.6379,385.013
445.0163,382.2036
473.2137,363.3785
405.4018,391.3407
415.5214,290.4791
380.4036,399.3339
435.3489,282.1843
463.1897,311.5044
381.9548,295.4459
452.3719,287.8395
457.5925,305.4797
469.3972,324.6513
449.1203,299.6302
379.1375,401.2217
441.9499,290.0216
390.9639,369.856
467.926,347.6843
451.2766,313.6378
471.3443,353.9373
413.238,290.9704
388.6508,289.0053
412.5773,293.8067
424.3497,168.2149
365.171,223.0918
417.6713,290.4814
309.7674,176.5496
396.0601,271.9991
331.235,198.003
384.3142,248.8979
409.7089,290.5364
406.4443,266.0821
345.4383,242.7186
355.943,211.7484
333.3536,272.396
341.4825,206.3938
335.2535,246.391
316.7127,165.2672
325.6638,258.7849
407.1712,274.2662
399.515,172.8046
347.7585,256.9748
356.8513,214.3238
349.3955,223.571
324.793,181.8876
389.8836,255.0877
422.3563,164.3966
307.5845,282.8256
368.9279,202.3639
314.4631,276.5943
319.9615,184.2103
329.5888,193.3494
391.6263,281.7012
334.5766,183.7818
405.9149,281.5547
399.862,290.6205
304.6399,172.9003
380.279,264.0292
398.3786,281.6376
359.681,218.0972
335.1486,276.8779
410.2223,184.528
332.5535,198.3751
400.8227,180.4488
342.8939,182.9695
382.2809,211.4324
403.2271,271.2082
335.5346,199.6695
321.8854,283.5127
328.8836,164.8417
401.7755,269.6391
395.7768,197.5186
338.1369,206.1142
330.831,177.4735
359.66,212.2726
349.1301,195.909
391.8708,174.935
346.5976,215.0941
412.4962,287.879
419.62,281.1792
395.5339,206.4242
376.0024,201.0939
349.5913,239.38
340.4837,254.5546
340.0336,237.9504
376.5292,260.3645
373.3818,241.8309
417.2961,167.5994
336.9062,277.6322
412.954,181.6706
334.3622,246.1279
345.8177,190.8087
350.7678,204.6429
365.6862,245.9774
342.9274,238.9675
402.8768,167.906
360.2793,221.9907
374.6575,220.9866
372.3444,210.323
308.9959,172.565
313.345,170.1283
336.837,248.9908
324.9548,256.9834
387.2148,241.2038
325.1938,273.8147
401.0994,267.9246
339.9641,247.7845
375.033,205.2195
382.5896,192.9264
404.6216,259.619
416.3416,277.6117
376.1062,241.4778
341.4898,218.0616
371.7359,208.3683
319.9666,274.6
416.6858,169.0782
389.545,178.6156
311.0832,281.4819
313.7504,180.1487
385.2352,191.6623
408.6224,172.3804
318.712,270.653
376.1326,261.1998
393.3489,179.4029
398.6644,257.9912
352.2773,258.5037
401.7079,261.6441
323.3683,290.2097
389.334,274.954
306.3252,288.4003
400.6479,260.8044
349.8472,224.1819
406.2931,291.3513
376.7239,226.0025
339.6932,270.6828
402.5245,187.2675
379.0442,245.1641
329.4139,182.1944
376.2718,200.3088
382.9752,266.9776
335.4435,196.0944
337.908,278.0513
337.5348,175.793
370.2962,249.8144
329.8958,265.0674
333.5271,282.3292
360.5051,213.6254
373.8814,205.5109
305.5091,170.7501
384.8037,244.6459
350.9745,195.0525
398.6833,183.899
328.6306,171.4427
322.8664,178.88
407.4029,273.2835
348.1237,217.4458
367.7973,224.2135
383.6777,215.36
386.2145,197.0452
415.2393,283.7242
358.7074,251.9956
363.0391,236.4966
331.5045,205.1616
364.6329,237.0891
386.0651,272.7868
345.3106,263.7521
403.6728,284.7985
356.132,208.7079
330.6318,255.3418
412.3574,285.6914
398.3376,277.0994
320.7212,269.2483
404.4022,192.9674
397.6293,288.4193
371.2633,225.8481
311.8122,288.62
384.18,254.682
360.6861,249.5907
328.7504,191.7083
407.5032,176.8731
335.1002,181.4495
338.836,249.6287
416.6354,164.5654
352.6584,212.4984
416.8272,292.7676
367.7394,204.3492
382.5366,258.3269
381.3838,200.896
336.1565,281.9985
392.8484,257.9129
410.6582,178.6835
343.0927,221.8129
342.716,190.9111
397.4348,259.1575
344.3729,251.4186
334.2056,256.7802
311.7152,176.3109
355.3939,249.9007
390.6115,245.6548
325.2774,197.8031
379.1487,256.1149
312.3136,284.794
349.7492,203.4538
368.422,248.6699
351.2843,256.4999
336.5871,269.4419
388.4512,247.2868
370.0123,255.2293
344.2795,267.927
412.2692,271.3092
347.7349,255.2487
325.9364,169.2911
325.748,185.5909
382.6044,255.9225
361.0783,214.2614
343.5671,204.6767
379.5849,220.551
335.1886,192.5387
324.7717,286.0156
329.4964,255.2381
355.6435,209.5809
306.5812,290.6604
376.8555,258.2588
378.342,198.5956
409.3338,275.9443
402.0493,185.827
310.487,279.9466
362.5226,249.0049
334.3882,258.2631
338.2961,246.4212
350.6577,252.2391
320.8616,171.7288
372.208,244.0229
338.3652,252.5791
412.8316,288.2225
327.9589,285.1353
358.4615,204.1847
390.4231,259.6483
310.3887,286.8946
327.342,288.5575
316.4459,285.2617
327.3961,255.3846
323.2425,173.5287
406.2897,268.0559
347.2388,199.3134
374.6013,210.4119
373.9751,259.3568
385.4915,260.39
350.3095,221.1833
391.5587,188.2685
385.6803,272.7382
351.1404,210.0409
321.1101,271.0667
331.3072,174.7117
351.6588,219.0594
341.5576,185.5312
318.935,293.0358
333.0575,251.7776
397.1235,200.1233
336.4975,198.6711
337.1893,263.9015
311.5443,279.8972
310.1258,171.7303
341.8134,193.1283
419.3269,282.9599
404.2706,171.358
353.8146,200.8932
396.5754,173.0925
412.4249,287.6095
348.3985,221.3067
378.5001,205.9948
318.5518,187.5646
340.7127,264.0416
404.6694,181.372
327.2303,289.6224
346.0431,197.2345
328.8901,270.7651
354.0497,220.7965
380.6274,199.5783
329.6893,172.6835
397.6145,179.7656
370.5,241.8672
392.199,273.2652
333.308,185.6472
392.3256,254.7799
397.793,190.6957
359.5827,222.7741
356.5406,199.5299
342.5248,247.4611
370.7649,255.0207
303.642,288.7191
408.6219,189.6057
314.2879,183.4633
420.5946,168.2395
370.0894,206.615
332.9451,196.4948
421.4373,173.3235
340.267,195.5968
302.5689,291.2115
329.2286,203.2701
399.7265,284.1006
324.43,165.6379
337.3962,204.8805
419.6746,169.165
313.335,277.7035
354.9988,248.4892
370.7911,228.062
319.9923,271.7877
384.9101,240.867
324.3612,276.7362
349.6632,258.1564
333.7791,281.2797
366.4533,219.863
367.3512,207.7239
354.3108,220.6731
330.0635,277.8293
392.9846,193.6885
315.4235,169.3017
377.2483,256.2029
383.529,240.9479
322.2655,184.6887
390.5042,187.4737
361.4166,247.3638
335.392,244.5945
370.6794,218.1813
324.4757,176.7561
394.4412,274.0347
371.8543,212.8411
400.727,194.8457
341.5722,258.7654
324.4568,170.6755
416.8782,275.9298
326.5477,177.6514
306.9999,163.203
409.7985,173.4227
364.7782,211.1277
305.0546,285.3145
392.6064,254.4003
302.8553,286.1171
373.2046,245.1361
324.4441,188.7542
379.7632,240.953
394.5605,172.5563
381.7716,252.5815
407.3435,288.3588
429.7886,311.4948
493.9673,579.9465
298.1753,447.4737
151.7039,140.9523
217.5169,232.6544
439.5689,240.4009
347.3405,357.9612
181.1806,409.8009
133.5186,572.9165
288.2284,496.3188
118.2158,553.1681
203.8229,466.9709
754.0589,348.1896
468.987,490.2562
214.2149,537.6633
172.4391,575.3828
476.9965,223.6158
644.7963,449.911
271.7178,355.163
719.748,538.4098
350.2883,137.8486
126.0727,411.4876
424.8804,467.0342
547.0957,174.3372
620.8787,217.369
752.0036,370.5228
693.0164,401.084
269.2906,170.0702
763.5451,168.8982
313.4601,535.2006
507.0556,307.5531
187.5986,569.6422
477.6601,361.0832
528.3211,480.6157
763.5328,301.7913
268.5387,201.2756
687.3536,524.1082
104.4552,569.4552
649.6803,496.2086
461.2417,470.1767
313.5639,512.7336
684.0038,240.8474
225.4318,303.9553
345.8692,280.8498
577.5495,295.7415
674.8356,235.8261
662.0181,163.7928
716.4801,574.8869
568.0511,408.0431
292.1912,151.9131
398.8744,565.6281
244.638,557.5808
302.3006,275.2906
725.9555,123.3205
96.0891,291.8492
487.8713,396.3406
171.4806,337.6888
466.8167,241.0655
544.45,356.5985
352.979,117.0769
276.744,198.6795
249.9715,337.8673
564.1147,499.3427
500.0724,347.5246
582.6966,453.2498
735.451,417.4802
719.2997,392.7785
516.8194,311.5694
236.0366,174.6737
600.8927,156.6241
278.0422,567.9824
751.423,451.6034
759.0929,429.9527
143.3784,474.6819
466.2085,158.0675
231.1583,392.5353
117.4446,124.8682
527.5602,415.1594
413.1206,534.5707
147.7391,365.078
597.7589,226.8091
681.645,480.6252
557.4455,335.1707
553.5028,504.9167
644.2124,444.5006
204.8537,480.9587
254.6133,584.7021
93.5772,467.4793
123.622,216.0906
314.9939,321.1063
571.5727,223.8958
517.6836,440.2743
516.1626,181.1125
539.0398,428.4564
729.6196,500.9479
692.4591,314.6183
270.7859,435.2748
713.9652,124.5591
212.7912,268.4021
84.3475,320.5031
179.9593,383.8786
154.5204,269.0439
160.9757,393.5826
216.7786,133.2928
98.6549,195.7887
460.1511,333.9121
589.9867,559.3899
342.9825,496.594
142.7383,527.2111
722.7028,432.7612
469.6302,492.0652
254.6497,173.2817
415.7731,270.336
204.4626,191.1792
297.0609,495.3997
621.5817,415.5765
363.092,598.7622
343.2324,292.4241
96.7907,244.1412
370.6674,138.4124
399.5068,499.7181
176.4358,312.6837
394.2145,343.8149
413.5131,158.6196
375.5176,211.5441
81.8662,408.088
125.6991,425.5424
506.9753,424.7594
623.4425,471.9699
705.3003,220.9034
751.5721,504.8625
275.3935,453.5827
492.2204,418.0659
624.0738,345.2949
562.1207,113.7336
463.9191,475.5344
456.2042,558.2919
594.3937,460.6798
479.2396,206.6653
664.2832,421.4218
299.4371,573.6658
392.8752,213.6569
185.4222,128.3705
243.1221,424.2974
492.4106,590.2637
570.7047,165.7791
724.3203,321.7871
433.6738,215.5405
294.4812,370.5123
289.3302,247.8752
