2,SI,5000
622.7581,169.8818,0
648.0845,116.2369,0
626.096,151.7114,0
654.2301,106.6434,0
621.3749,199.8322,0
635.3153,168.5666,0
639.6731,240.2035,0
643.3507,137.9441,0
717.346,248.0909,0
622.1129,173.9675,0
648.1406,146.478,0
671.6872,251.1818,0
721.3348,232.0756,0
725.0539,202.2625,0
696.9953,267.7495,0
649.4707,253.4061,0
621.1346,190.8984,0
658.4786,135.8244,0
708.8074,232.4385,0
638.7992,156.9259,0
692.7386,267.7113,0
666.6124,261.8607,0
671.8637,105.2174,0
649.0457,116.3215,0
709.9147,236.5964,0
627.9752,224.1491,0
722.1523,143.6728,0
720.0269,157.7197,0
647.9426,112.1588,0
689.3883,138.3087,0
670.2972,116.4295,0
630.0022,239.6755,0
711.4356,244.8178,0
630.8589,219.8187,0
637.7802,137.7666,0
684.9641,129.5132,0
621.0791,215.8312,0
702.5216,120.8976,0
691.8294,112.6654,0
632.156,208.949,0
626.5928,208.5789,0
696.305,115.1453,0
666.6426,274.7078,0
620.8098,180.6783,0
664.5693,247.2187,0
651.9222,270.4589,0
679.7678,279.7395,0
630.3493,243.3197,0
709.2657,160.8029,0
670.4557,249.6829,0
675.8142,106.3198,0
713.7156,195.1028,0
687.7382,249.1634,0
661.8328,253.3495,0
701.3508,128.1065,0
670.188,254.7424,0
709.6963,136.5082,0
713.0006,246.314,0
640.5872,116.1427,0
713.4326,239.4794,0
667.0282,266.5107,0
691.9262,250.9451,0
705.904,130.1787,0
670.0737,256.9172,0
721.6607,192.3028,0
615.894,204.9689,0
715.6751,177.6297,0
626.8819,247.6341,0
615.5433,212.0363,0
720.0753,229.5078,0
674.8064,279.2357,0
635.4638,244.8523,0
690.7302,145.2135,0
695.9198,260.0508,0
720.9234,145.5137,0
642.4742,229.0477,0
621.2091,224.247,0
678.9695,114.935,0
727.2321,174.2031,0
672.8577,126.0853,0
659.7641,128.0411,0
635.2077,218.1318,0
691.1864,110.7714,0
661.9356,129.9523,0
676.3768,271.2224,0
686.2875,268.8419,0
673.1724,278.34,0
707.4777,168.5799,0
709.6522,170.7731,0
729.3249,169.9033,0
667.113,116.2606,0
612.8587,183.6723,0
615.0686,209.4595,0
695.3558,130.0225,0
677.5445,134.9242,0
623.444,236.9541,0
646.211,230.6269,0
683.3086,245.9908,0
710.2738,168.7927,0
665.7706,135.2353,0
668.1091,249.9225,0
628.5371,249.9489,0
628.8455,180.4623,0
695.8957,122.1818,0
718.3773,169.2616,0
724.6703,236.4216,0
709.3042,180.2089,0
710.8848,230.6411,0
718.8562,136.4725,0
661.0959,277.639,0
716.2301,143.4602,0
617.2176,166.1697,0
710.8867,181.0529,0
719.7625,150.4594,0
684.938,117.0894,0
695.8059,236.3349,0
620.407,212.3188,0
633.5041,242.5818,0
653.6501,276.0321,0
726.1575,164.6646,0
729.8851,209.0206,0
673.3523,270.6078,0
693.5401,260.598,0
690.6451,119.256,0
636.5931,230.3371,0
625.4445,184.4535,0
669.1721,252.1639,0
635.9537,222.0355,0
705.9777,169.4777,0
628.5672,159.8547,0
636.7525,158.0755,0
656.0867,132.6883,0
722.4107,175.6587,0
679.7874,127.6783,0
638.7258,251.9475,0
729.6844,167.3127,0
714.6696,177.9628,0
705.0637,134.5865,0
635.3959,169.9615,0
637.5281,148.1288,0
716.2342,198.7144,0
634.1187,205.4806,0
634.2949,200.0669,0
683.5179,132.9679,0
716.608,172.9124,0
687.2643,116.1743,0
649.3163,233.925,0
707.2791,146.0686,0
632.6675,203.5688,0
635.1821,189.0389,0
663.6018,275.6575,0
690.138,143.7029,0
627.3548,187.0921,0
711.6542,259.7037,0
676.703,115.5928,0
702.02,147.5726,0
663.5851,115.1228,0
690.1251,123.2426,0
726.9916,186.8337,0
723.5607,217.846,0
698.727,259.8319,0
634.6186,124.8941,0
721.5003,220.9097,0
713.2714,216.7956,0
620.7277,206.3175,0
665.277,107.4286,0
616.358,192.0531,0
632.499,226.8677,0
714.1029,144.4199,0
694.2026,111.4145,0
676.4126,117.782,0
614.8148,210.0962,0
717.7622,205.2656,0
654.5762,250.1599,0
626.6031,230.0513,0
698.1138,148.1555,0
676.1024,255.4645,0
642.7148,268.4356,0
631.527,182.1792,0
727.0076,181.3317,0
641.279,222.3716,0
642.6533,258.8269,0
629.7758,234.0643,0
660.9539,135.182,0
715.4221,192.3953,0
723.6334,230.7512,0
688.8386,247.4245,0
634.639,186.4819,0
719.85,179.9172,0
723.695,166.3738,0
624.2041,183.9647,0
708.5177,168.0472,0
719.3334,229.3025,0
632.6935,230.3323,0
701.8095,129.7541,0
678.8666,108.2526,0
631.8133,187.4346,0
644.0842,115.743,0
618.9958,216.8572,0
623.0163,233.3116,0
636.6297,236.84,0
705.9059,125.9237,0
636.4381,244.2676,0
724.1507,190.5754,0
708.1185,156.0624,0
710.4618,159.1867,0
707.4889,227.6911,0
657.6133,105.8268,0
637.7276,235.8495,0
674.0475,260.6937,0
709.911,122.9012,0
721.8611,172.1195,0
654.5998,238.6335,0
638.0564,231.7482,0
684.2915,111.6436,0
662.3444,252.7234,0
708.2509,255.7543,0
660.7935,271.4918,0
712.8319,218.0434,0
654.4326,114.0574,0
660.2712,116.1292,0
663.4184,104.938,0
639.7861,150.1511,0
620.6774,231.1996,0
628.4711,234.8701,0
639.2493,246.2161,0
680.9464,127.7873,0
624.0256,206.8514,0
640.9961,251.588,0
626.3426,190.4698,0
700.9867,265.4285,0
687.7264,137.8681,0
614.7494,184.8148,0
623.6382,168.4256,0
692.9813,237.2087,0
701.7531,131.7904,0
697.9156,263.2868,0
702.4086,263.2621,0
633.4904,180.909,0
657.4736,140.0247,0
705.4729,168.5879,0
688.0864,135.5778,0
628.4397,175.6776,0
617.2545,175.4154,0
640.8394,250.0101,0
698.339,120.6874,0
661.6229,126.4095,0
639.9918,266.1958,0
687.7835,274.9975,0
633.0005,231.88,0
693.9061,273.5545,0
662.1934,266.2732,0
646.7836,122.8172,0
660.3394,113.7575,0
633.471,185.1439,0
672.9005,125.7689,0
635.0858,243.4405,0
639.6189,124.4598,0
649.5232,140.3207,0
719.1773,236.5664,0
667.1501,124.5185,0
711.9681,211.3075,0
727.4929,214.3768,0
722.7774,188.4872,0
666.7454,248.2633,0
640.5084,221.8566,0
662.4382,257.3261,0
655.6581,263.8159,0
680.8926,121.6069,0
646.3654,233.6658,0
640.7668,156.3662,0
626.9831,227.4422,0
704.8872,243.3468,0
624.1656,198.5247,0
724.2734,222.442,0
630.1304,181.9526,0
695.7654,150.654,0
673.3548,276.6697,0
644.642,269.6047,0
727.5142,163.0539,0
717.2828,207.4531,0
626.4322,150.5203,0
633.5386,186.1249,0
628.2237,203.6129,0
654.4258,138.8663,0
704.205,238.0842,0
702.9332,115.6251,0
636.9606,204.4515,0
724.8955,235.6113,0
678.3011,108.2639,0
703.7258,141.1729,0
725.5456,155.4965,0
622.263,237.5807,0
665.2466,134.4941,0
730.2078,177.9412,0
685.2953,141.019,0
690.7355,251.5102,0
617.2624,185.6829,0
704.9695,220.3135,0
713.2574,192.0641,0
684.2271,106.0162,0
712.1831,242.7408,0
618.5034,206.7473,0
653.2045,256.8353,0
709.2167,136.6813,0
720.6683,223.9091,0
623.4615,234.8345,0
681.3779,114.49,0
727.5801,216.8441,0
670.0748,266.5705,0
644.3094,260.3541,0
632.1146,234.4481,0
696.5274,262.0652,0
686.4731,268.2105,0
689.5045,116.1785,0
632.9074,244.3068,0
663.8937,108.2666,0
684.2666,261.1666,0
725.3865,167.4886,0
717.5661,190.776,0
709.5573,159.5291,0
629.382,195.6045,0
623.0185,225.5338,0
683.0696,109.7308,0
702.6149,154.5478,0
663.1291,275.9221,0
697.2926,128.7395,0
667.922,135.043,0
641.7237,267.7945,0
725.1961,195.6853,0
695.7012,111.8454,0
696.5869,111.1419,0
692.0104,239.0256,0
720.4686,197.7772,0
687.8623,273.8996,0
721.0017,239.527,0
680.9131,275.1475,0
626.2205,154.4879,0
671.8573,266.6941,0
716.5331,196.5986,0
640.93,232.8126,0
715.7402,144.9731,0
696.8835,146.6793,0
703.5367,122.7606,0
660.9898,259.6718,0
698.7653,124.7311,0
673.7236,103.5035,0
704.4902,231.8961,0
642.9226,235.4313,0
685.6917,109.5375,0
665.5224,245.7797,0
626.212,140.3805,0
664.5419,244.0378,0
676.0674,125.8847,0
663.1615,250.2617,0
673.097,122.72,0
661.8801,254.366,0
641.9385,140.5762,0
718.8883,159.4006,0
637.4379,258.2697,0
658.4396,134.731,0
651.1536,147.1626,0
641.3026,257.1091,0
675.0938,112.8496,0
642.5525,155.9408,0
618.6446,188.4122,0
641.2965,251.3234,0
672.2842,131.4835,0
644.0675,265.6231,0
711.7645,258.4854,0
659.4349,114.5747,0
631.6231,179.7263,0
632.4164,241.7769,0
695.9744,260.4937,0
717.1996,249.4734,0
680.8413,268.4147,0
683.8388,268.4944,0
715.5282,180.0177,0
720.0405,189.9403,0
707.4996,119.6844,0
708.6024,199.8473,0
694.5315,116.4731,0
671.9324,252.9564,0
681.7376,114.7591,0
678.539,114.6616,0
666.4597,103.4382,0
704.9792,248.4433,0
722.0537,164.0212,0
713.1543,175.6894,0
635.5762,134.8319,0
720.7937,211.8406,0
708.3426,209.8498,0
702.9896,240.2407,0
628.9414,158.7336,0
649.5068,236.7599,0
650.7461,145.227,0
667.3788,271.0364,0
678.1609,129.818,0
643.9975,260.006,0
689.283,258.7991,0
700.2624,125.5884,0
725.0264,222.871,0
668.6979,112.3889,0
679.7134,262.4892,0
665.2949,107.3521,0
694.1227,262.089,0
726.4996,159.6611,0
714.3576,250.4091,0
628.2491,206.382,0
633.2683,246.42,0
622.3944,144.1799,0
727.3852,196.4955,0
668.1872,253.0099,0
706.698,121.1585,0
650.3878,114.2599,0
711.7919,143.0013,0
615.6986,166.6214,0
681.5214,111.5911,0
702.465,119.7543,0
716.5461,152.7629,0
689.9323,135.2954,0
667.2385,130.3395,0
703.6596,222.4803,0
625.3416,182.7121,0
647.7657,116.833,0
636.7381,153.6799,0
661.6153,247.0,0
702.5632,246.1734,0
724.2996,161.5167,0
629.9734,205.1843,0
687.1083,136.7601,0
639.8468,227.0292,0
617.253,161.483,0
697.7355,267.7326,0
663.1032,134.1957,0
644.0583,256.3752,0
700.1309,232.1655,0
693.7353,137.224,0
714.5201,147.7607,0
704.6007,158.994,0
694.9089,122.0907,0
628.4501,230.22,0
662.1083,278.0306,0
633.8684,195.214,0
678.58,246.5625,0
638.3449,171.4789,0
728.5542,171.7678,0
652.6974,118.4324,0
692.1461,247.4827,0
662.1167,113.7125,0
633.047,125.4308,0
696.9615,257.513,0
681.1909,275.3692,0
667.9983,273.3173,0
703.9952,135.4471,0
641.3324,142.4474,0
657.2795,124.1061,0
630.2832,147.5287,0
711.7239,211.1555,0
729.7746,185.4621,0
730.2214,184.4692,0
656.8349,267.1047,0
685.1482,260.0697,0
712.2937,231.752,0
665.5115,115.1537,0
661.9219,136.4326,0
710.1168,139.4899,0
634.2101,218.1355,0
616.2524,198.8895,0
709.0594,151.6527,0
651.6484,260.7201,0
691.769,252.3597,0
635.6862,187.3823,0
616.1318,166.8096,0
672.6228,258.5517,0
634.5912,170.7643,0
673.9113,123.2069,0
656.2594,243.845,0
691.7111,136.998,0
711.7516,259.6077,0
689.9214,106.9071,0
642.8677,255.649,0
635.199,202.5787,0
629.486,157.1069,0
623.7627,191.2748,0
699.9465,117.2855,0
693.4164,264.6338,0
674.4754,252.5401,0
629.529,189.8402,0
721.1193,174.5559,0
705.7783,258.9064,0
703.134,226.0668,0
669.3051,133.8335,0
680.9517,263.3198,0
727.5068,180.8825,0
665.6786,278.6581,0
671.3772,124.5866,0
621.4615,226.6383,0
715.1277,209.7487,0
713.7369,238.9112,0
716.2363,248.4493,0
656.3613,245.1723,0
705.4894,233.4775,0
650.4746,257.7599,0
726.7749,174.2822,0
719.5138,219.6867,0
691.845,243.8609,0
638.6839,223.247,0
683.7435,130.4776,0
694.0635,134.9069,0
685.2659,270.4507,0
643.1209,120.6302,0
706.3563,252.5654,0
630.8026,222.7302,0
680.3902,138.2932,0
630.0516,177.7788,0
622.2868,182.9894,0
649.568,145.8472,0
660.3353,254.7029,0
677.213,108.6654,0
655.0278,125.4189,0
672.8677,136.2106,0
627.8247,247.709,0
650.0989,119.8625,0
628.2829,187.967,0
727.2996,205.4605,0
617.3428,225.0566,0
707.2227,166.7211,0
715.4078,232.367,0
703.6041,251.8747,0
636.179,145.5555,0
616.7073,198.7845,0
654.7068,252.9228,0
634.7205,256.2927,0
661.8214,252.3298,0
615.8701,178.2308,0
618.7516,167.2558,0
657.2042,267.9807,0
645.8191,136.1924,0
681.7189,272.578,0
623.8363,194.3196,0
645.9006,123.5267,0
653.885,123.3952,0
708.5853,147.8916,0
703.1493,117.5781,0
616.8377,158.1322,0
619.4773,166.0525,0
619.0053,178.2783,0
689.1474,125.9708,0
688.2028,262.3436,0
637.4262,127.9501,0
627.0823,149.1486,0
651.3169,118.0589,0
704.2281,237.5822,0
693.4774,251.177,0
693.6261,243.8865,0
649.6836,235.7031,0
635.1118,144.9821,0
624.9552,185.4964,0
711.0628,215.8291,0
645.008,237.8574,0
672.616,273.7621,0
622.7226,152.0968,0
628.8509,223.3869,0
676.1771,267.4878,0
706.5599,224.2193,0
720.1589,198.3046,0
719.9212,201.2522,0
708.4994,245.379,0
629.677,153.1507,0
648.4326,130.8189,0
677.9847,118.7818,0
647.3672,248.0284,0
691.241,139.8171,0
661.4595,110.6532,0
699.5252,112.5148,0
686.9724,114.7837,0
620.4383,211.4818,0
729.958,215.7746,0
622.5314,150.0754,0
661.189,131.3976,0
710.7048,186.183,0
689.5529,262.6115,0
687.9227,271.547,0
631.4835,174.0597,0
688.6137,263.4833,0
631.0146,222.0098,0
634.4517,133.3025,0
703.2726,130.1113,0
698.9673,152.3951,0
663.8194,267.0897,0
641.1402,147.7127,0
620.0888,180.8207,0
638.7687,155.5556,0
715.2689,234.2254,0
663.4761,266.8434,0
622.3109,201.5697,0
703.8925,238.3527,0
640.8555,259.359,0
654.7439,243.6303,0
657.6499,269.395,0
681.9178,246.5979,0
705.2889,240.8634,0
692.8015,268.7632,0
722.3639,225.4674,0
717.9548,210.9555,0
676.9956,113.3659,0
648.1843,134.5274,0
706.2081,166.7556,0
633.9013,161.6274,0
663.2392,130.3169,0
684.8071,127.8221,0
706.7704,241.1851,0
708.3099,229.0672,0
663.927,120.1903,0
688.5982,268.6678,0
617.6567,198.8985,0
709.9311,219.2158,0
704.8933,122.7141,0
687.5053,126.4261,0
652.1689,258.959,0
695.8128,250.6966,0
720.6138,141.6748,0
695.8748,144.1761,0
637.1531,173.8843,0
718.7674,155.6923,0
727.7093,175.9423,0
618.812,171.8818,0
621.2055,193.4678,0
624.1599,164.3784,0
643.6426,126.5983,0
712.5448,226.2768,0
656.2719,267.2229,0
653.3951,115.1086,0
644.1588,234.5136,0
632.8404,197.2312,0
722.3292,146.9322,0
615.0808,196.1958,0
691.237,135.3709,0
709.0023,133.613,0
624.1244,235.6616,0
691.488,123.7042,0
653.1193,251.476,0
634.3759,160.8006,0
663.6108,113.5459,0
712.0341,134.9402,0
684.7765,252.3965,0
629.6341,194.1242,0
650.3887,266.6187,0
728.7402,186.2239,0
613.603,192.8038,0
629.5025,252.5671,0
695.4063,119.3975,0
631.2447,193.4164,0
667.0179,126.5793,0
725.7609,227.8719,0
635.2622,217.9166,0
635.8637,184.9724,0
714.3306,184.8823,0
721.631,149.4705,0
680.0082,271.0173,0
695.2777,144.8254,0
637.1017,248.0798,0
672.0891,280.194,0
697.3318,241.1128,0
684.3065,245.6902,0
709.5752,197.3958,0
635.283,228.9906,0
660.6772,264.0715,0
679.6031,257.8376,0
646.3443,270.8348,0
649.7099,125.8718,0
680.3487,108.0372,0
703.2955,230.2563,0
695.6627,113.5665,0
668.4235,274.9187,0
635.607,171.8554,0
648.844,239.3637,0
701.3293,270.3395,0
676.0504,123.5185,0
627.4328,132.3577,0
707.3794,154.8361,0
664.2617,270.7486,0
635.0499,162.8895,0
659.9833,138.9457,0
646.8633,251.5089,0
633.2529,201.7361,0
657.939,241.2497,0
639.0956,227.5905,0
619.1353,177.0709,0
700.0298,145.4998,0
701.1522,262.0139,0
663.5892,127.5972,0
732.1204,193.6877,0
674.6261,106.7237,0
672.4952,254.2794,0
642.4746,137.6083,0
704.804,244.7345,0
708.0987,239.0082,0
615.8345,161.1128,0
622.235,238.7376,0
684.4569,138.1716,0
674.428,255.8773,0
691.1871,134.1131,0
699.7009,136.756,0
634.6891,229.0579,0
723.7805,217.82,0
616.3248,197.4701,0
624.4577,222.4631,0
711.0182,246.208,0
663.4253,272.5464,0
658.1631,117.4137,0
633.3531,138.4008,0
630.9745,128.8643,0
701.4509,148.3392,0
717.2632,221.7726,0
635.4942,153.6765,0
719.3367,246.6467,0
714.3534,188.2711,0
704.49,161.8288,0
636.2703,218.1788,0
700.8747,270.5952,0
671.1185,249.6062,0
627.7296,181.7851,0
712.6315,250.5657,0
696.6091,145.9499,0
681.9258,267.9921,0
709.6233,176.7254,0
636.7534,135.1558,0
652.6379,275.2445,0
626.6947,216.5849,0
628.3616,222.0319,0
700.3201,145.1899,0
675.3813,121.3,0
641.7363,127.155,0
714.9684,179.2969,0
635.0064,124.656,0
634.3849,192.527,0
685.7517,271.8243,0
731.0457,182.3254,0
703.7535,231.5186,0
617.8148,186.8055,0
698.336,261.84,0
666.2551,269.1473,0
690.0815,120.9905,0
689.5338,244.2001,0
724.1142,231.9312,0
708.3763,170.3371,0
630.7051,214.5675,0
629.9249,136.3149,0
710.3047,249.7035,0
651.2016,129.5606,0
677.5501,278.0391,0
684.3914,111.6601,0
623.7493,224.0691,0
658.8004,115.6211,0
615.711,200.6729,0
675.7362,119.5928,0
714.9729,139.2629,0
636.4168,196.6898,0
714.461,255.6001,0
636.0425,256.8682,0
695.4499,250.4628,0
667.8689,118.8338,0
653.5552,128.3772,0
656.7003,121.0374,0
705.9549,128.3433,0
711.3379,193.3255,0
622.3285,148.0892,0
680.3086,270.8959,0
638.7917,117.2413,0
695.2146,248.8012,0
670.036,245.4737,0
679.224,277.864,0
659.8272,253.7124,0
680.4577,130.9628,0
650.3428,253.6863,0
657.0414,240.8501,0
713.6048,190.7345,0
627.3982,237.2961,0
635.5471,218.391,0
658.0908,116.9106,0
698.4451,273.0068,0
726.8013,191.3564,0
680.3213,265.2126,0
637.9345,228.3558,0
682.2483,275.0545,0
662.2049,119.8114,0
702.7992,119.5791,0
657.744,117.9123,0
654.4803,108.8339,0
634.8952,140.8974,0
692.9533,108.7171,0
645.5992,229.6929,0
629.3404,241.413,0
633.735,150.4674,0
648.8817,260.0659,0
715.6598,158.1828,0
615.5463,174.3094,0
632.7937,231.8402,0
622.4224,160.4569,0
636.927,145.1516,0
691.8643,142.1862,0
711.7087,158.0749,0
668.2286,271.4652,0
646.289,111.7723,0
679.039,133.2548,0
706.0564,216.629,0
722.206,180.2305,0
655.8716,131.8839,0
719.2863,154.708,0
626.5627,182.6932,0
717.9981,199.0852,0
618.9965,161.9593,0
689.5677,106.1778,0
634.6878,243.406,0
717.7751,247.7619,0
700.785,250.5114,0
680.4181,106.1175,0
725.5321,231.918,0
724.0994,180.762,0
634.0745,191.681,0
727.157,206.0946,0
629.5931,192.79,0
702.1526,258.8758,0
695.7361,239.7393,0
672.933,110.6616,0
727.4557,194.3659,0
703.9522,243.1476,0
633.9065,248.9203,0
672.9577,275.6157,0
714.0066,139.9104,0
649.3586,269.5468,0
654.1096,259.0994,0
618.3564,228.1274,0
719.3162,234.4094,0
621.7103,206.9668,0
724.455,155.3853,0
714.2307,233.8936,0
648.2719,240.7337,0
638.2211,230.0265,0
617.1807,199.339,0
652.8671,251.8823,0
708.2947,237.2227,0
620.1159,215.7906,0
636.2992,234.1291,0
706.01,129.4504,0
637.2981,253.5404,0
668.4278,116.102,0
663.1674,133.5402,0
693.3563,238.0816,0
724.6129,236.0195,0
653.7112,118.6112,0
727.2216,157.3074,0
680.3372,119.7836,0
636.288,214.7322,0
622.6768,193.9395,0
683.6229,249.1101,0
688.6582,143.1085,0
641.6979,228.0441,0
722.6216,229.9713,0
660.4508,250.7976,0
649.5139,111.7638,0
707.8526,229.7813,0
636.1966,187.4773,0
703.8846,250.5977,0
698.7058,260.859,0
636.0927,193.0469,0
677.1999,267.9885,0
629.7321,172.3685,0
662.4066,125.7199,0
667.7506,263.4037,0
707.683,178.9161,0
627.8677,137.2775,0
682.531,276.8185,0
624.5731,224.4722,0
719.7768,178.7292,0
699.2656,248.9351,0
715.0454,215.6995,0
641.282,265.8546,0
691.6244,106.6156,0
623.105,141.3032,0
631.558,186.9638,0
645.2612,144.7221,0
634.3346,165.2949,0
673.9742,131.1939,0
721.5792,222.4334,0
636.2733,218.9281,0
670.0922,127.562,0
635.5874,161.9861,0
659.5753,128.6772,0
669.566,261.5296,0
638.7089,135.0533,0
638.6266,170.2348,0
641.029,222.1135,0
626.3134,228.7973,0
690.6151,249.5603,0
666.8251,114.3881,0
705.0394,136.1065,0
673.7777,276.9957,0
641.6539,234.8129,0
701.0761,249.1227,0
731.6038,184.6053,0
613.1822,197.6482,0
708.1468,214.2422,0
628.7739,145.154,0
617.5074,206.8725,0
659.8153,250.3445,0
718.5698,207.1663,0
659.5998,263.142,0
728.5674,201.6534,0
650.5061,236.269,0
641.8154,124.6301,0
622.0051,223.324,0
691.3471,261.4024,0
706.4671,145.9265,0
713.5919,181.5857,0
673.8217,269.45,0
628.2592,177.4571,0
719.4443,145.0272,0
687.343,127.4683,0
628.7888,179.3477,0
690.4068,143.6141,0
719.423,237.0762,0
665.0934,272.4348,0
614.0491,182.9953,0
694.0303,128.031,0
678.2954,136.6515,0
721.192,240.7114,0
634.1212,129.5339,0
659.4955,265.1498,0
692.6909,270.8965,0
710.8278,226.8737,0
653.3166,258.92,0
705.3187,135.9844,0
619.8491,197.3325,0
636.8268,199.9546,0
644.0359,243.4099,0
700.7012,264.1607,0
682.1318,126.1207,0
636.0449,188.5111,0
722.9345,207.4971,0
713.3807,156.2431,0
662.9396,133.4241,0
628.8649,248.0822,0
642.2745,235.3836,0
722.6963,208.7345,0
667.4394,127.102,0
721.6356,210.4402,0
652.3851,131.3806,0
637.1312,172.2546,0
720.6044,216.2862,0
624.0598,145.0641,0
648.8001,234.409,0
627.6021,177.8705,0
707.4856,165.305,0
720.3058,153.9733,0
662.2876,110.6973,0
634.2553,258.5794,0
728.7374,191.2744,0
626.5005,163.9545,0
676.5309,110.2451,0
723.3891,204.9598,0
709.7079,124.7117,0
701.2337,240.5136,0
716.4257,148.2453,0
699.1816,143.9546,0
710.7543,256.2774,0
725.6354,232.06,0
677.9014,271.0248,0
633.897,258.2666,0
633.807,159.8013,0
635.0607,168.6527,0
702.7872,244.0658,0
659.5711,252.0235,0
687.2968,110.2173,0
682.3231,112.7532,0
720.3652,161.843,0
718.8523,139.8659,0
627.4262,232.5027,0
618.3944,196.9643,0
648.2007,233.757,0
668.8863,110.5347,0
658.658,275.847,0
649.0821,127.4509,0
680.9456,259.8432,0
722.8625,192.6281,0
712.5891,224.6234,0
641.8915,244.6784,0
633.4022,150.1781,0
727.787,179.7644,0
685.6889,110.7762,0
643.8546,247.1959,0
696.1926,113.6516,0
636.7372,164.5201,0
674.4466,123.0955,0
720.5437,246.305,0
727.2473,183.8832,0
702.8916,131.0941,0
635.0234,171.7614,0
621.547,165.902,0
670.3644,246.4471,0
705.46,124.5612,0
633.1928,186.9757,0
623.944,165.607,0
628.4813,206.1546,0
716.9764,132.5619,0
724.0585,177.0832,0
715.0019,251.8971,0
667.4908,254.4499,0
652.8083,253.5503,0
638.0358,127.3654,0
665.7838,259.3091,0
691.3614,246.1483,0
690.8945,241.6861,0
623.5381,140.2441,0
700.2485,259.1273,0
647.6459,122.7623,0
650.3846,258.3833,0
626.8845,135.7645,0
690.1772,108.4779,0
627.4926,222.4663,0
633.5379,164.6394,0
680.1576,258.5076,0
724.917,227.3244,0
623.5163,215.2178,0
660.4486,252.0895,0
702.5436,247.8758,0
647.7521,271.4938,0
699.5576,144.64,0
669.0909,276.3908,0
701.0245,137.4951,0
698.4528,247.9554,0
697.8762,237.5311,0
693.4455,237.333,0
640.9478,122.8849,0
644.6381,263.9968,0
721.3627,235.7834,0
728.0895,188.2093,0
625.5594,228.9266,0
684.9975,116.8869,0
669.1575,104.9273,0
640.9611,121.0091,0
639.6765,238.8793,0
725.4656,212.3265,0
670.2589,111.8873,0
627.2242,231.9357,0
649.0778,135.0159,0
719.1407,158.9214,0
716.6223,162.0449,0
728.4969,206.854,0
628.2853,236.7607,0
648.6951,261.7416,0
656.4008,127.4875,0
622.1004,167.0892,0
688.9552,127.2272,0
678.0352,114.3009,0
684.8009,115.2614,0
634.7777,259.0493,0
650.8824,129.7804,0
700.8689,125.8638,0
704.8752,230.4812,0
723.4349,202.7604,0
720.6094,216.4153,0
694.7175,143.5986,0
677.9147,261.043,0
706.9107,264.2554,0
677.1906,125.367,0
623.1167,221.8225,0
693.7436,142.4793,0
720.7816,242.5651,0
649.0006,132.2762,0
654.2218,121.3359,0
712.6135,170.8719,0
705.6591,230.453,0
630.5045,203.7299,0
697.6972,128.4171,0
687.6043,269.2509,0
622.0776,193.77,0
631.3482,157.593,0
630.6204,209.4917,0
658.8781,269.3254,0
708.6695,248.4832,0
701.997,248.6844,0
630.6089,186.8508,0
636.2698,212.1476,0
709.5151,148.4259,0
688.8752,115.8341,0
699.4004,119.2646,0
666.1959,105.0314,0
721.437,230.4575,0
686.9145,242.666,0
700.1988,229.106,0
637.8944,210.3603,0
646.5342,141.77,0
666.5445,132.321,0
726.9776,194.7236,0
627.7046,148.9837,0
669.629,274.8264,0
652.0798,140.631,0
730.5242,202.439,0
723.5475,217.4428,0
633.1805,123.497,0
681.423,263.164,0
721.9129,194.8762,0
693.4169,266.0387,0
696.7888,273.9128,0
653.0479,250.6068,0
713.0156,159.4906,0
726.8475,207.8193,0
671.3155,271.55,0
621.5178,203.9459,0
624.1534,192.3185,0
723.9183,238.3176,0
616.5717,169.6379,0
673.8881,108.8246,0
665.6341,134.5486,0
712.2114,140.6199,0
626.5508,158.987,0
704.5739,260.0607,0
631.2512,255.6652,0
644.8069,134.8317,0
704.0218,253.2955,0
689.4989,144.0791,0
718.1587,172.5887,0
711.4212,214.7494,0
631.1867,131.8621,0
660.3097,132.2307,0
645.1395,228.1029,0
635.3233,138.336,0
639.9116,141.6303,0
650.1232,255.8373,0
616.299,192.9577,0
655.2002,127.2864,0
729.3461,197.3005,0
723.9683,224.9591,0
629.8919,184.2453,0
636.9102,126.8129,0
699.0095,266.5971,0
654.1816,127.2668,0
641.9775,121.9689,0
704.0436,248.8525,0
715.1211,139.8906,0
658.67,265.2939,0
712.9083,157.4495,0
675.3058,251.5105,0
724.2663,216.6624,0
708.0761,261.8002,0
636.712,218.4443,0
648.1678,254.2126,0
633.3666,197.2383,0
634.8695,129.4482,0
715.7704,169.4811,0
693.9788,257.815,0
709.3015,162.9583,0
684.284,137.6493,0
684.1297,119.5814,0
716.5406,139.9104,0
626.0841,217.4352,0
705.5492,136.7753,0
668.1141,249.714,0
677.9684,263.4871,0
669.3033,131.6579,0
713.5307,137.1282,0
709.594,229.905,0
654.5707,142.6004,0
655.3803,133.6932,0
689.1814,241.1787,0
640.6204,219.1458,0
655.5074,117.1426,0
656.5809,124.66,0
652.979,270.5332,0
729.0939,193.673,0
678.8065,108.5346,0
687.6987,111.8349,0
652.3072,254.2499,0
621.4221,174.5076,0
712.0447,237.8199,0
690.4088,259.4382,0
720.6038,152.8054,0
658.9454,129.8837,0
708.7946,221.6485,0
723.8343,216.5113,0
728.0309,173.1975,0
707.5784,134.0549,0
708.0506,147.8134,0
634.6978,239.6822,0
725.7572,162.7355,0
646.6665,256.0631,0
711.0054,125.5258,0
702.6534,154.7435,0
620.9681,215.2447,0
712.416,206.6993,0
652.2772,132.6598,0
637.8455,207.2445,0
671.5163,118.9929,0
669.5202,264.1621,0
706.6725,240.8462,0
629.483,185.7293,0
638.1424,220.8517,0
701.3072,224.6329,0
640.5128,216.8542,0
730.8756,207.8722,0
624.8872,148.9738,0
698.5207,248.931,0
619.402,205.3593,0
710.2834,259.9217,0
660.9616,123.9827,0
686.8467,248.6842,0
702.0563,114.8236,0
698.9943,242.3428,0
615.4064,182.393,0
705.664,252.3228,0
635.941,122.3329,0
631.876,250.5053,0
677.5804,246.6778,0
703.045,129.269,0
691.2882,118.0708,0
664.7966,112.0059,0
635.1439,175.211,0
654.9981,254.046,0
664.7497,135.6361,0
698.8584,117.5643,0
705.9697,221.099,0
725.4627,172.6824,0
718.7438,218.8852,0
666.8602,131.2691,0
706.7246,243.1835,0
684.2451,127.0336,0
645.1571,136.9658,0
728.7646,177.6365,0
704.8127,266.2958,0
721.0055,172.5262,0
652.8764,141.2328,0
695.5938,132.8519,0
630.4942,144.0709,0
687.9846,111.9327,0
652.5384,262.3144,0
636.4457,214.6925,0
626.7405,235.6148,0
692.7252,133.9892,0
708.2654,254.8765,0
682.39,243.8869,0
614.7765,204.369,0
694.7911,133.7258,0
673.704,265.037,0
660.3556,270.9195,0
663.1949,256.2512,0
702.1502,246.1984,0
683.7792,275.3304,0
404.2074,349.8218,1
458.4225,350.4094,1
377.8894,349.9625,1
446.1501,339.1283,1
481.3317,412.3242,1
479.0273,415.0281,1
461.2271,357.8443,1
478.3913,405.095,1
389.7932,380.0741,1
454.7139,321.3226,1
462.5829,408.6738,1
450.3445,315.2277,1
416.7703,338.6721,1
449.4021,454.0271,1
401.0071,443.4105,1
388.1338,444.5404,1
399.2844,458.3114,1
453.8073,360.5692,1
458.9743,324.9936,1
440.3467,324.5164,1
442.8616,454.6364,1
435.1375,449.0461,1
467.5722,397.3709,1
426.2433,323.6254,1
475.1182,405.9058,1
382.9198,352.119,1
473.5853,352.3764,1
384.9103,434.5733,1
477.6266,426.9618,1
460.966,350.1283,1
470.2552,439.7874,1
475.6393,380.9694,1
472.6849,361.475,1
452.3148,329.0702,1
460.4406,402.2787,1
369.8973,371.101,1
420.9333,336.1723,1
451.8072,467.591,1
463.7331,401.4119,1
407.76,344.1752,1
474.5312,434.5635,1
469.3136,372.0887,1
415.6021,337.97,1
382.9037,371.374,1
416.6312,325.1763,1
440.5718,453.9558,1
418.3657,310.392,1
394.7083,453.365,1
427.7404,453.1479,1
469.0664,430.349,1
476.2488,360.1103,1
440.8424,332.6783,1
469.0201,408.9848,1
424.0073,451.3702,1
423.3524,452.0426,1
400.0283,327.3097,1
472.8691,427.9963,1
434.9163,335.0493,1
468.6915,386.2156,1
428.2902,443.8468,1
458.0345,462.7389,1
439.3373,473.8757,1
373.3381,432.141,1
463.6872,453.6564,1
387.1017,416.4191,1
437.0316,341.309,1
410.9572,325.3242,1
462.811,379.3054,1
443.6892,328.3878,1
372.2715,380.879,1
392.4627,327.3313,1
414.7747,462.3021,1
477.3119,367.4965,1
371.6375,366.0746,1
461.8691,434.3037,1
379.4913,388.8398,1
440.5051,331.802,1
416.7769,329.2998,1
405.9902,436.0599,1
467.6406,425.287,1
378.6232,382.6822,1
395.6638,349.5345,1
393.7915,431.684,1
419.6144,474.0968,1
451.0084,442.0455,1
464.8244,451.7621,1
430.3054,447.0027,1
435.956,332.8726,1
395.1364,359.3894,1
465.7521,382.6982,1
368.0295,370.2113,1
463.5201,445.4972,1
392.6614,354.6047,1
469.4589,367.0444,1
381.4587,362.5598,1
435.096,463.8289,1
479.9425,380.2574,1
399.6593,445.9595,1
432.1405,317.7967,1
418.7941,322.6669,1
483.1393,409.4476,1
400.599,325.7631,1
478.698,420.352,1
421.6892,462.2989,1
436.8768,339.8804,1
375.6691,355.3445,1
388.2845,392.0915,1
441.0279,341.1138,1
462.9498,372.3581,1
382.6832,356.0583,1
467.2439,340.4133,1
405.0419,469.4875,1
480.671,365.0836,1
452.517,332.4196,1
387.5725,333.0996,1
373.8766,407.0356,1
481.246,396.6898,1
399.9919,354.9814,1
432.7632,309.8796,1
480.3803,404.8119,1
379.193,381.4181,1
438.868,310.3552,1
448.8412,340.743,1
465.7315,386.6924,1
459.9921,370.8733,1
414.1092,328.3759,1
433.6088,458.4364,1
476.3652,371.1399,1
417.8788,324.5271,1
381.0803,399.246,1
426.2906,476.1695,1
429.0877,310.5597,1
476.5443,383.7955,1
390.9863,436.6596,1
429.119,329.2864,1
456.8915,418.3591,1
407.0164,318.0479,1
465.3842,360.6895,1
450.7366,324.2138,1
373.4071,415.1435,1
452.6338,467.0122,1
475.8797,404.688,1
452.0928,464.7734,1
376.6433,361.354,1
423.7375,340.0547,1
408.2374,437.5698,1
467.3316,381.3488,1
418.3487,443.965,1
417.8763,459.8894,1
378.4389,340.9094,1
388.2888,404.3002,1
420.7343,460.4931,1
369.3818,393.769,1
402.415,335.5555,1
383.9804,366.597,1
388.0695,415.649,1
448.0925,349.2383,1
462.8664,384.7226,1
451.9162,447.0688,1
471.0747,383.3593,1
431.0133,452.2187,1
425.9869,452.3534,1
469.5399,447.9781,1
443.7561,334.1555,1
454.0321,335.7206,1
446.0047,345.4599,1
467.9184,395.6393,1
466.8389,413.1125,1
465.7975,371.1252,1
455.9077,350.8613,1
462.7923,330.3556,1
456.4283,344.9119,1
375.3396,432.5605,1
381.7769,346.1552,1
479.4258,423.7949,1
381.6306,338.5388,1
421.5011,455.0459,1
371.1488,401.331,1
393.1675,364.0724,1
388.389,372.7536,1
475.4895,397.1093,1
414.0643,317.1447,1
426.0642,307.1742,1
392.332,328.0043,1
391.85,427.8988,1
475.9011,429.3423,1
458.1043,431.9121,1
467.642,430.2457,1
374.4516,407.6374,1
385.4769,414.5654,1
457.0645,347.0523,1
466.2499,355.2398,1
386.1734,439.8708,1
475.3326,403.292,1
385.403,410.8192,1
392.074,444.1227,1
457.7257,432.9965,1
424.647,314.5232,1
417.9088,475.4403,1
386.966,364.0513,1
465.1656,389.0421,1
394.8047,359.2651,1
422.9216,313.9673,1
471.5609,383.75,1
444.525,461.7945,1
389.8567,448.3603,1
415.8685,464.7969,1
443.5092,321.5347,1
434.6315,320.9099,1
461.4468,370.21,1
409.9444,330.4909,1
447.1149,350.5959,1
468.2498,421.3365,1
463.7502,379.8314,1
463.5389,413.6199,1
452.4488,465.4246,1
471.9653,396.5504,1
469.6767,371.8758,1
445.7984,436.8642,1
374.2949,348.4737,1
461.8316,421.5925,1
381.8736,421.9452,1
476.2544,387.0553,1
477.1836,425.4255,1
477.8544,422.3512,1
404.1461,464.0849,1
382.2139,375.062,1
449.9865,353.3999,1
393.7161,341.7437,1
385.6791,367.4784,1
388.2131,411.5929,1
465.533,433.9612,1
463.4036,374.4527,1
394.5331,319.102,1
392.6768,430.3174,1
383.8951,437.4024,1
367.4974,406.841,1
365.0157,392.7538,1
378.9503,374.0494,1
466.6514,351.1253,1
412.3709,460.5461,1
458.6261,423.7675,1
403.8816,444.8237,1
464.992,405.0916,1
448.9937,328.0258,1
460.3942,456.6871,1
472.5487,418.8446,1
380.0201,385.1855,1
449.4043,334.2208,1
444.0086,327.197,1
415.7548,315.444,1
469.2261,409.6269,1
419.8758,468.8981,1
406.786,455.896,1
404.842,442.6661,1
469.7398,401.2512,1
370.5964,359.5739,1
423.1377,326.4661,1
393.1497,425.6063,1
368.9667,397.7885,1
471.5057,392.0204,1
405.5797,451.4847,1
386.4326,352.7847,1
375.2993,395.1371,1
380.9171,409.2491,1
427.1154,452.607,1
479.636,361.1024,1
418.5367,317.2308,1
451.0614,460.3816,1
382.763,417.9456,1
422.9089,338.0947,1
409.3752,331.2062,1
382.4098,361.3759,1
443.7784,325.0049,1
388.3848,398.6666,1
474.619,391.8793,1
455.209,434.2403,1
403.0672,449.9173,1
460.6294,402.9007,1
457.2742,430.9149,1
385.9756,367.5553,1
372.9298,412.9004,1
430.2657,340.2465,1
395.4122,451.2679,1
406.6119,462.0671,1
393.8226,348.7963,1
480.2023,365.8426,1
483.7943,393.0027,1
447.5394,318.5187,1
375.1983,413.5156,1
428.9569,462.677,1
376.0167,419.2082,1
462.1582,453.4745,1
470.089,392.674,1
367.571,411.9096,1
415.584,445.7806,1
375.2036,413.7324,1
463.0453,445.7648,1
459.1223,340.0657,1
473.9587,365.8894,1
365.5826,403.6475,1
460.8597,426.0484,1
374.0753,391.7212,1
398.6545,347.297,1
457.7559,448.0838,1
426.3528,455.5287,1
467.7919,396.461,1
413.8745,340.9708,1
464.2549,359.8104,1
384.2018,444.3432,1
437.1067,459.4826,1
467.9941,377.3933,1
372.5024,423.5456,1
397.8812,440.8402,1
429.526,326.2943,1
442.9418,347.3781,1
382.0985,364.7599,1
372.1129,418.0509,1
391.6428,365.5515,1
382.5476,424.27,1
387.2684,379.7344,1
385.4188,339.8104,1
471.5956,374.8924,1
397.012,355.3051,1
440.1544,340.1174,1
418.5141,460.6981,1
434.9903,461.6884,1
421.3207,339.9526,1
449.0378,340.2759,1
459.642,332.0511,1
399.7462,446.468,1
469.3557,416.2556,1
421.1299,321.2062,1
455.9191,440.5174,1
376.9166,386.1244,1
468.3351,428.293,1
406.2554,345.4659,1
377.1903,396.68,1
405.8839,334.3471,1
396.9816,427.1302,1
475.6643,424.3652,1
385.6098,340.0081,1
425.7303,469.3233,1
388.9292,336.0925,1
436.1492,463.8187,1
399.7915,315.0241,1
452.7755,452.564,1
383.5692,376.6259,1
464.7744,421.9931,1
453.8244,454.8577,1
445.0112,340.333,1
396.1842,433.3482,1
459.4795,366.9925,1
395.1732,431.2062,1
417.21,328.0759,1
453.0619,320.2311,1
395.1235,363.0792,1
437.0014,326.2992,1
401.7154,455.3856,1
412.5927,322.0938,1
479.917,359.073,1
421.0112,323.8971,1
433.2608,457.8243,1
444.7737,322.0509,1
457.0782,431.3635,1
468.3318,447.6948,1
402.2057,446.0256,1
416.0195,470.32,1
435.9524,323.277,1
378.5838,420.4104,1
465.895,448.9601,1
388.8413,398.3472,1
371.3396,410.07,1
431.7309,311.9586,1
455.5106,335.3839,1
430.3175,472.2038,1
445.0814,444.5526,1
479.3895,376.5178,1
380.6122,342.1875,1
448.2158,319.2586,1
463.0697,449.5708,1
415.2623,310.2431,1
383.9351,381.4219,1
469.3935,376.8912,1
451.5012,457.9793,1
398.8208,317.2797,1
417.9886,327.2457,1
479.8654,360.8098,1
382.5345,334.3697,1
367.7057,415.9506,1
417.1508,441.9054,1
459.9577,335.1455,1
449.6208,452.7195,1
376.3912,409.2255,1
402.8088,325.3225,1
441.6257,442.941,1
393.9138,432.7924,1
483.2738,389.4464,1
436.6706,323.0835,1
437.4565,464.6727,1
457.7455,445.4115,1
463.738,422.8104,1
462.152,400.0902,1
388.5051,434.7224,1
466.0397,426.0411,1
452.0684,323.4823,1
404.1945,340.7639,1
443.2528,317.5791,1
375.0868,350.8447,1
411.8417,330.3368,1
383.7479,422.753,1
470.1286,391.9939,1
402.1317,342.704,1
429.3468,452.3973,1
397.5744,427.3425,1
401.6427,317.7486,1
436.7497,332.8887,1
452.3978,356.3916,1
415.2982,321.2971,1
455.5075,342.295,1
455.1314,437.0622,1
479.611,389.7405,1
381.1178,366.8641,1
435.8879,342.6349,1
483.0955,381.849,1
387.0747,441.1142,1
471.649,363.274,1
436.024,470.1067,1
390.0793,357.6105,1
453.8177,358.0159,1
470.8668,378.9609,1
407.8844,473.2686,1
442.5014,439.5773,1
371.2975,405.0783,1
479.4231,357.2091,1
474.3755,349.0725,1
405.2608,466.3959,1
408.4229,441.2661,1
447.0047,453.0696,1
474.7143,395.5933,1
381.7647,381.861,1
372.2711,357.1731,1
381.775,341.7955,1
462.9881,430.9386,1
474.6579,374.3081,1
458.1502,343.4575,1
371.6788,405.3733,1
377.0347,393.6916,1
379.9369,361.5582,1
377.5181,354.8892,1
369.9038,418.8065,1
389.3937,366.5293,1
473.1152,377.9405,1
404.6236,321.0676,1
406.8407,451.3559,1
428.3492,310.1028,1
389.0088,457.0234,1
465.2586,394.589,1
429.7723,319.0458,1
431.3672,327.3435,1
465.642,446.4397,1
464.8096,415.3203,1
405.2087,461.6702,1
383.3018,340.6138,1
476.09,351.9385,1
464.8914,372.1777,1
411.673,467.9904,1
387.5187,452.0707,1
393.1704,457.3967,1
419.6343,447.9953,1
370.3342,425.8414,1
388.4427,330.5992,1
412.0613,452.4334,1
404.1357,442.4523,1
406.6668,440.9255,1
387.8072,377.0757,1
385.1713,342.0437,1
430.1727,320.417,1
469.05,349.9719,1
464.0622,390.0468,1
443.6249,458.9363,1
377.5844,366.966,1
407.1225,437.2747,1
402.3918,326.1788,1
384.2697,380.2876,1
452.445,433.4735,1
457.9474,332.5234,1
424.6341,311.334,1
380.636,370.1865,1
430.9354,333.4509,1
442.239,465.5071,1
385.4365,383.3472,1
407.4584,338.811,1
417.6764,444.8982,1
422.702,461.8944,1
432.4861,458.1326,1
464.34,377.7421,1
397.7305,439.7541,1
376.7039,380.0578,1
390.6724,325.9794,1
456.9284,420.0328,1
377.2207,437.151,1
382.3255,353.2924,1
453.0424,350.0459,1
410.0068,332.209,1
398.9995,329.3417,1
375.6187,419.4112,1
465.1811,438.5693,1
366.4097,373.7701,1
434.9548,463.7751,1
469.33,424.5591,1
441.7483,450.4746,1
462.7399,364.8362,1
457.9869,332.5024,1
404.4245,323.1773,1
368.2498,367.2919,1
440.9745,344.4689,1
482.4925,370.7494,1
385.2725,386.5784,1
441.3269,321.4101,1
444.8579,449.7027,1
378.6964,366.9031,1
380.2109,370.1677,1
370.8899,381.3912,1
449.5384,464.1778,1
410.3108,325.0998,1
386.2868,415.2705,1
459.7303,407.3735,1
390.0753,444.1733,1
387.4659,326.3657,1
379.5567,350.3927,1
451.6937,438.6304,1
454.8419,434.1044,1
401.5387,321.0166,1
443.1981,450.9175,1
414.1153,475.1443,1
462.3277,428.8678,1
381.4924,339.5429,1
445.8618,319.9844,1
425.4857,468.339,1
480.7393,365.3999,1
458.6786,460.6314,1
471.7232,350.2136,1
409.9805,316.8407,1
389.6811,324.9824,1
391.9475,457.7407,1
451.0518,349.515,1
381.7758,428.2727,1
460.1878,413.2355,1
446.646,439.8033,1
456.7356,327.35,1
383.8873,356.192,1
413.3764,460.3764,1
389.1983,406.4758,1
394.8129,328.5902,1
440.2207,342.6145,1
429.7679,454.3744,1
417.4368,320.7498,1
434.4576,472.5798,1
379.0087,406.6212,1
446.9066,450.1384,1
445.7379,460.4417,1
450.6114,338.0453,1
423.7343,445.4552,1
476.7689,372.2547,1
382.5586,355.3393,1
455.4983,430.1025,1
390.6878,415.7336,1
469.3156,380.6651,1
454.8567,319.9615,1
465.8607,446.6571,1
435.9698,474.4154,1
443.6147,467.4424,1
379.8976,366.4663,1
374.908,351.4491,1
393.2886,346.754,1
378.2964,417.6324,1
473.4159,400.0447,1
388.488,337.1545,1
373.3316,425.7714,1
393.0183,420.7905,1
397.3741,319.3573,1
436.5378,342.0267,1
436.4271,317.1667,1
454.3522,432.932,1
390.9126,455.8781,1
470.2738,413.2864,1
397.6658,458.7381,1
377.7342,357.3996,1
383.528,407.0319,1
467.3385,355.2713,1
450.9193,356.4112,1
472.7857,416.1991,1
388.4573,444.854,1
396.2902,428.9408,1
398.2015,451.655,1
445.0932,466.002,1
479.5252,368.7101,1
478.5183,359.3207,1
475.4227,394.4773,1
412.0045,315.585,1
382.9989,390.007,1
429.5953,319.3748,1
398.6068,319.8423,1
399.8972,327.0205,1
454.7901,464.0671,1
381.0,435.6484,1
484.4169,380.3907,1
455.2442,433.2372,1
464.7763,365.1099,1
412.5222,459.7555,1
390.537,444.6546,1
381.2226,361.1085,1
378.5144,342.7854,1
386.3382,411.6369,1
401.0599,347.1495,1
463.031,333.3058,1
402.2372,468.5629,1
467.8724,366.9002,1
384.4821,439.8304,1
468.7566,386.4581,1
466.2972,398.599,1
395.3978,333.3306,1
388.8279,395.6371,1
456.7045,427.656,1
409.3274,345.282,1
388.1506,410.6792,1
462.6536,408.0403,1
416.1385,332.9261,1
383.2294,401.6749,1
407.3266,340.1053,1
481.4048,365.3408,1
412.1725,317.8101,1
404.9113,334.2169,1
411.1522,471.1452,1
394.3443,426.825,1
448.6195,324.9854,1
429.6795,454.0308,1
460.8098,341.4468,1
439.3288,447.585,1
440.1212,461.9078,1
382.536,388.8491,1
478.6896,403.9469,1
401.6587,318.8715,1
444.0356,443.9662,1
400.6745,451.0998,1
469.1673,337.4738,1
457.4844,459.5587,1
419.6272,318.5902,1
439.517,454.4682,1
398.9121,453.8787,1
469.0189,439.3892,1
376.684,410.3481,1
401.2383,336.4928,1
384.2158,371.9692,1
390.1747,361.7547,1
444.3028,336.6648,1
429.493,313.1706,1
452.5917,322.4801,1
450.1537,330.844,1
400.4682,351.1393,1
408.1288,445.3755,1
395.4149,453.4381,1
417.2999,443.6555,1
378.3714,347.4707,1
385.8805,338.0657,1
377.2584,391.8503,1
414.0025,467.2155,1
386.9891,384.0142,1
382.1264,377.1312,1
438.8724,310.3902,1
372.2961,367.7655,1
464.6538,355.8444,1
437.2157,443.326,1
441.1803,312.8121,1
469.9429,412.9125,1
392.6526,359.1217,1
387.8411,425.2665,1
448.6999,446.9664,1
446.2881,443.6725,1
480.4947,372.719,1
470.4719,413.1862,1
365.9085,399.7363,1
410.2503,318.891,1
415.2926,470.3821,1
416.5563,340.3722,1
379.5674,396.2819,1
446.9128,463.5596,1
434.8687,467.0598,1
437.8961,445.7326,1
438.5042,324.8349,1
383.7072,362.8487,1
468.3345,423.0704,1
458.5438,428.0882,1
390.2008,449.4534,1
370.0276,405.7192,1
386.8868,430.5295,1
382.2616,419.1726,1
438.4582,328.8439,1
456.9214,358.6195,1
391.0542,425.1447,1
406.2396,314.9149,1
389.5881,344.4438,1
385.1548,434.4819,1
456.2452,441.4029,1
480.3053,417.181,1
385.1351,359.2866,1
388.8914,355.7695,1
448.2593,315.9906,1
429.3721,447.8769,1
455.3773,339.4184,1
442.8172,436.7102,1
397.6962,333.6389,1
367.0155,375.8041,1
425.9024,464.1661,1
379.2019,340.2958,1
406.5734,312.6039,1
390.7608,323.0231,1
371.6097,355.5474,1
424.1878,340.1304,1
398.3245,340.3259,1
471.8193,339.1426,1
374.0563,403.3588,1
415.8416,329.9782,1
435.6536,310.5137,1
388.6882,330.894,1
381.8758,341.6869,1
370.3985,370.8491,1
398.1615,355.6778,1
465.0989,420.1052,1
393.81,340.0656,1
380.4663,362.2417,1
389.7664,442.6375,1
395.7015,461.2497,1
461.8924,448.3267,1
411.1512,311.2286,1
376.7978,359.6986,1
469.2439,394.1994,1
472.8379,414.3982,1
437.1566,340.7777,1
463.4727,332.1493,1
462.7148,426.2157,1
467.9027,339.1904,1
437.2939,471.4659,1
469.6892,359.6125,1
461.3191,379.6202,1
457.4794,361.0518,1
427.8378,314.9518,1
394.732,442.6313,1
408.4124,317.0152,1
445.5512,322.8294,1
405.0777,331.4882,1
475.4655,363.9348,1
376.9398,347.468,1
399.9768,429.2471,1
395.1198,424.3726,1
388.2441,454.6063,1
462.136,388.0057,1
452.8799,341.8401,1
444.1692,345.8041,1
482.2152,403.1354,1
385.4073,355.2903,1
429.25,445.7904,1
482.9702,395.2882,1
383.9842,431.9253,1
388.5381,351.5715,1
368.5204,414.7026,1
478.8775,362.3557,1
481.4903,369.0047,1
391.6561,352.6387,1
370.9567,412.2707,1
380.5093,405.4457,1
413.0342,441.1236,1
366.3269,398.8827,1
481.542,402.076,1
395.7067,321.703,1
365.1822,394.0953,1
395.6154,447.0485,1
448.0099,462.0017,1
375.6434,424.6383,1
369.5001,387.9375,1
383.5268,392.2823,1
441.6082,445.2235,1
424.4792,309.6618,1
385.3444,333.0275,1
425.3098,340.3013,1
404.3605,445.346,1
436.0037,313.9493,1
458.8692,456.7266,1
383.9075,439.3595,1
482.235,402.8381,1
391.2064,341.3322,1
397.9064,332.2251,1
388.4136,346.3933,1
430.5568,316.5307,1
467.5261,441.4315,1
479.9146,359.3856,1
372.3888,415.6532,1
463.8496,372.1942,1
469.6455,439.673,1
416.8581,457.1505,1
410.6517,460.6721,1
470.729,348.9452,1
478.1043,377.4705,1
470.9659,343.498,1
469.4231,339.7496,1
446.3561,461.0364,1
442.3419,335.532,1
446.9138,344.0733,1
482.7445,400.2426,1
442.6306,462.8562,1
439.3978,468.3284,1
406.9363,330.6142,1
453.3112,438.1132,1
464.8718,396.6266,1
463.1357,404.1082,1
465.3903,397.5452,1
452.23,330.5966,1
473.7945,378.8232,1
382.3876,413.6651,1
456.8217,425.4558,1
395.1829,329.4829,1
436.9032,320.354,1
416.0158,444.6497,1
448.7974,432.8893,1
370.8484,401.4257,1
402.8223,338.9408,1
393.4451,334.4041,1
414.6164,474.7512,1
471.0363,339.5113,1
446.071,436.567,1
474.6541,398.6872,1
376.6121,372.2786,1
386.1905,376.2619,1
375.095,359.5289,1
466.4548,387.4043,1
468.7028,373.5472,1
390.0251,431.9154,1
400.7456,332.9666,1
396.2746,464.5224,1
385.3282,393.221,1
399.5329,334.6509,1
480.542,401.6932,1
394.4598,447.0527,1
404.0254,438.4079,1
407.5104,472.5299,1
458.0241,430.7509,1
411.614,471.0135,1
401.7746,452.6668,1
424.9677,318.6375,1
385.3569,338.2477,1
369.9256,408.1586,1
469.1579,393.2869,1
394.2884,340.4262,1
401.9499,318.7437,1
415.454,474.1795,1
367.2049,374.8396,1
479.2544,401.874,1
371.5827,355.1976,1
371.9927,394.4312,1
391.5664,416.7407,1
401.9338,326.0377,1
404.193,447.9987,1
378.9558,363.2493,1
383.658,393.3265,1
383.5015,421.8035,1
387.3449,358.557,1
427.2219,465.1691,1
380.2541,417.4284,1
462.0897,336.0846,1
450.7807,355.6494,1
402.7175,466.4017,1
470.677,425.5602,1
458.443,348.3858,1
475.2587,374.0623,1
459.2443,351.8098,1
465.6444,380.5357,1
391.1287,360.323,1
381.0517,348.3569,1
408.0406,317.3585,1
477.2376,382.4477,1
407.4024,438.0841,1
375.8653,421.3623,1
452.3724,428.7263,1
427.5467,460.2803,1
406.7845,442.7698,1
393.2212,336.5826,1
395.9119,444.919,1
397.5928,458.3933,1
471.9712,425.0301,1
441.107,336.1612,1
459.7048,331.4508,1
477.3522,362.18,1
449.4229,454.6327,1
457.8049,413.7564,1
444.6213,324.6062,1
399.9693,340.361,1
479.7326,365.5179,1
469.981,388.8293,1
411.6297,338.5201,1
448.7046,339.5234,1
396.2833,321.5083,1
382.033,384.8749,1
404.2952,347.8177,1
411.5373,450.3179,1
424.7026,445.7641,1
465.7874,365.7085,1
376.8156,354.7062,1
374.3976,387.5026,1
427.4049,316.8665,1
449.9676,351.185,1
469.6751,416.4697,1
475.2036,351.3933,1
409.8373,455.7783,1
450.2037,338.947,1
452.3597,446.885,1
408.2229,320.8865,1
398.7904,468.4368,1
466.5462,337.6906,1
463.2478,345.6028,1
369.1423,417.406,1
426.7078,325.0695,1
399.9059,464.9268,1
470.1475,370.2315,1
375.4013,394.1706,1
433.941,328.8886,1
463.2453,333.6314,1
411.8375,441.7929,1
469.7425,418.1317,1
409.8551,315.6616,1
398.1464,450.4019,1
448.0921,325.7484,1
428.2967,340.5958,1
429.8028,329.8404,1
466.05,391.5215,1
378.0484,379.5749,1
387.3942,387.0908,1
380.8286,440.5607,1
462.0116,395.6977,1
386.0141,421.704,1
399.8763,322.2015,1
391.0514,440.0002,1
443.825,333.7739,1
379.0781,442.7585,1
383.6142,439.2608,1
400.8329,467.4216,1
456.6339,455.6269,1
410.2348,445.9089,1
435.4017,462.2022,1
397.0688,436.031,1
460.9101,337.0647,1
367.7731,366.8384,1
468.6888,369.9319,1
384.5673,418.0952,1
460.2424,336.4572,1
466.5036,407.3551,1
412.9377,463.5201,1
366.2603,402.896,1
384.8649,400.956,1
446.3381,337.2881,1
393.141,340.6475,1
448.2989,351.4518,1
370.9778,428.4228,1
419.0387,458.1323,1
370.8995,373.5398,1
466.1873,376.0751,1
468.3983,426.1446,1
477.1687,409.8459,1
398.2488,322.5815,1
366.5652,392.5832,1
456.1378,431.7933,1
377.7526,376.8607,1
426.4758,451.7421,1
372.7339,356.8606,1
464.7785,443.6305,1
464.1232,410.4277,1
463.5155,355.4892,1
450.6819,445.5018,1
461.1363,386.7054,1
462.5298,429.8553,1
373.1283,362.0898,1
380.1422,366.2624,1
374.0951,380.5177,1
478.8022,411.4496,1
473.3386,420.3879,1
373.0015,373.3676,1
400.4458,465.2671,1
425.8418,474.5529,1
468.5332,420.3282,1
462.7226,452.1012,1
384.1976,387.6653,1
480.197,385.8309,1
380.3141,391.3675,1
391.8637,370.9193,1
415.8911,456.5923,1
460.4844,443.6571,1
382.6458,437.4432,1
391.5294,412.3232,1
439.0881,319.0185,1
367.2627,409.4122,1
389.0841,384.6727,1
402.1451,322.2324,1
377.805,420.0747,1
459.6003,459.6163,1
438.0654,473.9079,1
476.4827,394.5608,1
461.3585,442.6117,1
411.6068,331.7204,1
409.8483,450.5975,1
410.4261,443.4978,1
423.65,467.3748,1
465.9755,347.6447,1
469.3208,362.045,1
478.8434,419.1184,1
412.6649,340.454,1
467.3898,388.2707,1
370.2791,370.5035,1
405.2889,325.0075,1
377.2738,434.9491,1
465.6118,449.5069,1
396.272,320.869,1
411.6541,333.5241,1
388.1112,437.84,1
410.626,467.6649,1
457.0931,421.5758,1
432.4005,448.5659,1
384.015,435.5894,1
462.0635,447.5091,1
470.3119,339.1545,1
454.6898,322.0464,1
430.5033,329.1691,1
453.6519,330.9047,1
474.6507,363.4033,1
423.2476,328.4475,1
458.9872,442.5382,1
405.4701,313.8584,1
405.0225,340.7827,1
466.6642,366.5653,1
403.4457,317.2552,1
384.3491,451.9413,1
427.5805,462.4189,1
389.7749,440.3972,1
447.58,332.5035,1
461.9174,394.6139,1
381.7618,378.0264,1
460.2532,326.8012,1
407.0409,442.866,1
379.4311,361.1751,1
459.3619,459.3111,1
390.5356,365.567,1
385.0619,388.4958,1
439.3098,452.3125,1
469.6517,413.1991,1
371.4192,360.8511,1
467.9759,450.3586,1
455.2622,422.1133,1
459.1699,456.9417,1
415.4737,474.8398,1
371.453,372.7558,1
366.2116,405.4068,1
417.499,335.0253,1
468.2702,442.7838,1
367.2345,414.7071,1
461.7671,420.5678,1
432.0646,460.3989,1
464.3591,358.0605,1
432.6572,464.0486,1
450.7363,347.0055,1
439.1469,458.0672,1
419.6926,330.5019,1
391.1589,429.9571,1
372.4608,381.6979,1
446.0574,468.2395,1
453.7723,451.2812,1
415.1233,465.2327,1
454.484,330.3966,1
473.2592,363.3268,1
383.0072,343.9141,1
460.3873,403.9737,1
379.179,430.5721,1
466.7698,438.8191,1
465.8465,397.5953,1
403.388,325.163,1
464.2895,345.7702,1
380.4205,374.1348,1
453.9577,348.4591,1
383.0054,424.1413,1
468.7188,361.5486,1
393.9934,437.204,1
420.9678,443.463,1
462.6035,455.8877,1
394.6077,447.5631,1
464.7416,408.4265,1
410.4192,318.9387,1
436.1226,445.6037,1
409.3169,337.3778,1
472.7155,400.1547,1
385.4644,452.9787,1
401.7844,441.2936,1
400.9546,341.9234,1
416.0463,459.97,1
403.0212,442.4484,1
448.908,340.2189,1
461.3202,344.0278,1
445.2036,331.0026,1
451.7313,428.2525,1
407.0037,321.9444,1
449.0885,351.0387,1
459.8126,347.8957,1
411.1422,344.7631,1
429.7046,315.8659,1
368.6417,404.4347,1
453.4165,348.6704,1
372.1437,381.7322,1
407.325,462.4257,1
476.4026,361.4531,1
441.4624,467.0788,1
380.8977,377.8373,1
381.27,414.1216,1
457.0481,433.1314,1
480.3601,422.1312,1
471.3136,366.95,1
445.7355,330.828,1
379.4615,386.9264,1
425.7399,322.1649,1
433.7455,450.7442,1
449.1824,451.5384,1
475.6865,405.9462,1
375.8814,374.5336,1
441.8588,464.4319,1
402.9348,339.6813,1
426.6821,329.0752,1
376.5601,421.5201,1
403.0052,343.6237,1
392.1279,454.1891,1
386.2814,444.2791,1
405.3298,457.3506,1
412.4167,314.9232,1
473.1728,436.4931,1
426.4282,337.9467,1
394.1465,362.1092,1
394.0007,343.0865,1
402.2472,321.1775,1
484.7463,390.4542,1
460.647,445.3353,1
441.956,317.1591,1
368.9372,413.2664,1
371.947,386.6246,1
463.1532,444.0247,1
366.0091,406.4115,1
480.1543,373.4038,1
470.4792,386.0649,1
383.4922,401.2678,1
464.6479,415.0386,1
425.9261,473.4055,1
384.5209,438.6558,1
378.4159,381.9209,1
468.711,388.2827,1
366.9496,371.7719,1
403.0985,459.2381,1
466.8212,452.4867,1
408.9639,462.1951,1
454.2335,457.3265,1
411.6845,440.6064,1
411.2749,343.5807,1
451.2896,319.2789,1
478.5513,398.1675,1
420.0742,334.2695,1
388.8477,404.9477,1
401.5079,317.9349,1
388.6628,345.7049,1
365.8377,394.2599,1
387.9337,435.6472,1
448.2155,465.5208,1
439.1282,333.8092,1
387.1809,376.5327,1
412.6823,444.3016,1
448.6427,446.3955,1
440.2189,463.3682,1
447.9785,338.5123,1
369.8609,418.3955,1
454.8995,433.0722,1
390.7696,358.5585,1
391.0535,427.0638,1
459.1933,448.6718,1
472.9351,427.3134,1
393.3259,429.2936,1
467.786,396.1299,1
466.68,410.2981,1
418.3709,311.0004,1
444.6938,346.0746,1
467.9944,409.4996,1
470.1267,373.5528,1
421.0766,309.8183,1
461.0347,457.6825,1
464.9646,438.7945,1
382.6326,431.4157,1
452.1217,443.2614,1
443.2595,340.068,1
461.9301,434.9806,1
379.6697,415.1872,1
403.7096,456.9669,1
449.7521,467.3422,1
415.9417,470.7888,1
374.517,352.0196,1
469.1507,444.9151,1
473.7906,386.2738,1
472.0381,436.2542,1
421.1603,451.6314,1
381.635,365.8113,1
406.7754,460.1931,1
390.3753,412.8348,1
478.969,358.3891,1
423.5054,324.1907,1
447.4767,446.0498,1
430.9598,453.3825,1
444.6971,324.6836,1
388.5554,397.4167,1
473.4465,372.6388,1
459.6674,441.3424,1
475.2092,410.8257,1
380.8844,427.5601,1
410.3676,438.9162,1
436.5036,463.5216,1
470.0198,403.8986,1
445.7818,467.5526,1
433.9721,459.7233,1
428.6651,468.5674,1
424.5853,463.8501,1
381.668,380.1533,1
369.8585,382.9324,1
453.0709,317.225,1
400.3629,345.1435,1
470.3945,394.2646,1
469.0772,440.46,1
389.3707,400.3019,1
451.8031,316.2664,1
387.6314,344.5392,1
391.8673,337.4322,1
476.2858,412.3054,1
461.4669,431.641,1
367.1914,388.1893,1
403.5922,335.0392,1
435.1479,308.3867,1
416.7692,328.6315,1
441.9649,338.4356,1
469.3376,343.2734,1
388.6292,414.3373,1
429.5209,338.4553,1
472.1568,388.0652,1
375.434,590.8063,2
428.6135,584.7571,2
332.9952,685.8633,2
337.4438,666.8222,2
369.9059,699.6273,2
425.097,692.1234,2
443.5749,703.8069,2
404.8327,711.7608,2
420.6384,706.7317,2
434.7807,599.0894,2
334.1394,591.8949,2
376.3688,708.8166,2
404.027,687.062,2
330.8782,631.9038,2
415.4159,597.5783,2
326.1988,711.8053,2
374.4792,588.798,2
341.282,670.7885,2
422.7062,708.3013,2
397.3402,687.6927,2
344.5869,592.3306,2
327.903,667.1142,2
379.9843,600.5738,2
400.3345,582.8872,2
367.7673,712.2854,2
347.9829,587.8373,2
422.5738,604.4254,2
332.8044,628.88,2
347.5843,699.5051,2
337.4584,662.9102,2
331.0814,645.8689,2
355.7003,584.3524,2
406.0488,597.8062,2
416.1689,700.3039,2
412.4649,595.2677,2
327.6064,601.909,2
342.2973,644.1598,2
324.3093,601.3483,2
358.2252,695.8443,2
395.3924,591.7923,2
449.4062,595.0406,2
339.3524,608.0812,2
418.7634,599.6821,2
336.0309,606.804,2
327.9378,704.1154,2
322.8963,659.412,2
374.5146,712.4137,2
324.7069,653.425,2
447.5812,597.452,2
396.5412,711.1751,2
367.5878,597.0439,2
334.5138,648.0451,2
342.4471,690.4007,2
334.0794,621.636,2
411.1716,598.1787,2
324.7656,687.6366,2
389.007,696.8187,2
405.7214,595.0206,2
417.3569,595.2887,2
330.3345,671.7181,2
326.3697,677.9128,2
332.9916,657.9367,2
408.0207,699.0111,2
330.4128,700.984,2
356.6831,694.0808,2
389.9678,686.6489,2
443.2594,694.8318,2
373.1407,586.2149,2
374.6316,590.8755,2
420.2151,690.7957,2
416.1244,601.765,2
320.3986,655.1534,2
417.6544,689.8707,2
410.9198,604.9226,2
367.5738,701.3739,2
337.7333,654.1191,2
372.9828,702.7638,2
334.4743,621.2597,2
434.6894,592.0939,2
425.429,704.4634,2
376.751,692.6356,2
321.2952,608.043,2
388.3929,598.6703,2
345.6274,608.1891,2
410.7591,693.6857,2
426.2025,702.2652,2
372.8851,606.7236,2
321.8197,645.8917,2
380.1474,695.2807,2
344.6074,629.0876,2
408.5381,599.8164,2
385.0104,690.93,2
329.473,664.8974,2
424.8804,584.3711,2
363.8433,599.7027,2
341.2273,683.1066,2
325.956,686.8986,2
341.327,670.5154,2
340.0884,594.9966,2
385.9596,702.8195,2
366.3762,605.0098,2
341.899,638.2903,2
382.821,586.497,2
340.8784,650.06,2
365.0222,593.1705,2
335.0199,624.9202,2
326.0377,603.7668,2
378.9848,700.4374,2
339.8583,685.6977,2
359.3861,604.7956,2
440.6642,707.2595,2
327.4148,669.7169,2
417.2957,699.7412,2
415.8103,596.7827,2
336.4581,586.701,2
344.6177,706.309,2
333.2649,672.7156,2
331.1029,594.6736,2
341.7004,665.4569,2
338.6428,709.745,2
373.0906,692.6793,2
431.0365,692.8036,2
449.8825,702.8274,2
340.0874,618.7342,2
355.3325,710.8705,2
448.3998,700.3182,2
325.5795,641.8273,2
427.3348,601.108,2
336.6205,625.4439,2
333.5844,689.7416,2
436.6449,688.7904,2
331.2368,609.2117,2
425.8246,694.1039,2
419.5787,597.6159,2
323.4255,676.296,2
391.394,590.8634,2
323.4039,707.1336,2
345.1328,643.6441,2
338.0454,582.0535,2
404.004,696.9548,2
395.9888,691.5303,2
326.7132,614.5715,2
363.8202,597.0201,2
341.7651,630.2111,2
377.8288,599.8852,2
338.8135,594.8989,2
411.2582,607.2942,2
380.9073,593.7043,2
439.7944,597.6303,2
410.3833,712.9779,2
345.0624,628.4335,2
424.6505,607.0324,2
328.4674,594.3306,2
342.1518,653.0391,2
432.498,700.5731,2
371.1783,597.0569,2
399.7111,712.6882,2
363.3653,588.3999,2
439.8764,706.4491,2
387.6274,596.1851,2
357.8295,604.5419,2
342.7921,599.1011,2
337.9785,695.9261,2
336.1536,680.4943,2
330.9028,678.6374,2
341.4205,646.038,2
411.8085,708.0275,2
438.8558,696.7865,2
421.0228,709.801,2
399.7908,699.1306,2
364.5567,697.6394,2
335.0763,653.5619,2
330.0569,605.96,2
437.866,590.1339,2
328.5531,683.3346,2
396.3811,697.2777,2
352.2006,592.1692,2
341.7772,656.7462,2
345.1438,705.6868,2
418.6232,712.7304,2
366.6186,699.3782,2
362.9561,700.7122,2
403.4941,583.869,2
328.9756,711.0873,2
394.791,600.8598,2
327.3983,670.0047,2
384.3577,592.5266,2
334.9117,601.2923,2
444.4488,594.7068,2
365.0339,706.3209,2
407.4291,589.3185,2
355.599,585.0385,2
359.2571,596.8129,2
371.6915,585.8383,2
331.9568,585.3683,2
356.2685,594.6193,2
322.5435,671.6059,2
444.8984,598.9599,2
399.0825,712.6972,2
343.9597,626.3269,2
328.5674,624.2645,2
369.6955,598.514,2
323.3577,674.605,2
386.2798,599.3137,2
324.5436,675.5668,2
425.3314,584.2041,2
336.505,605.7988,2
424.0497,709.2168,2
339.335,706.5622,2
323.845,641.2838,2
375.5474,697.3299,2
393.894,704.9128,2
329.6767,684.6033,2
411.9582,694.2993,2
333.1841,702.6019,2
345.6688,703.8927,2
346.8681,600.7149,2
376.6673,706.636,2
402.4638,709.0714,2
359.7392,587.2186,2
325.3849,681.5815,2
352.8913,585.8499,2
442.9984,693.1352,2
367.2119,707.739,2
449.8732,602.2643,2
417.7768,584.4526,2
349.3605,708.9861,2
348.3033,586.033,2
358.5261,700.7994,2
375.4189,698.757,2
333.3682,593.403,2
343.1009,584.6535,2
373.7154,697.6661,2
341.6502,672.9907,2
321.0724,654.6044,2
435.1672,699.4649,2
436.9255,694.0749,2
425.4268,604.8203,2
322.4153,592.02,2
369.3749,700.0341,2
325.6337,628.1826,2
402.6262,586.3856,2
385.1967,589.8496,2
338.7127,665.1444,2
381.4505,692.1929,2
379.4755,596.9309,2
368.0651,704.4282,2
365.5077,583.2718,2
407.1381,705.3612,2
388.2126,709.2768,2
424.3124,695.0244,2
346.5276,604.4261,2
335.974,676.5714,2
445.7178,707.5002,2
342.1685,613.8318,2
369.2456,712.1747,2
336.6062,583.0365,2
343.1607,622.9795,2
366.9275,600.2468,2
434.8866,588.5216,2
430.3316,605.0714,2
342.3183,683.6502,2
344.2842,604.8522,2
444.9389,587.8987,2
356.646,592.6183,2
339.0349,650.1793,2
338.5204,669.1461,2
344.1426,608.5442,2
342.431,693.0598,2
358.7238,709.5538,2
375.2727,707.8964,2
421.9987,693.9322,2
365.379,592.057,2
320.1681,710.8561,2
330.0994,678.9048,2
408.5945,690.6489,2
400.5935,594.9974,2
423.3667,705.7559,2
392.7704,692.9487,2
323.0011,635.3104,2
430.2788,597.67,2
447.841,693.4833,2
434.5706,698.8619,2
336.6169,606.6296,2
346.4187,687.8931,2
387.5872,590.175,2
423.6448,694.7864,2
356.9796,593.6946,2
340.8169,656.7901,2
424.7259,594.8238,2
339.3236,700.5863,2
392.2729,582.1098,2
343.2969,598.3922,2
402.0155,588.2276,2
330.0353,587.2135,2
419.5187,712.49,2
325.9435,581.4453,2
333.1802,684.1649,2
449.7928,697.4183,2
344.7476,639.524,2
445.7192,584.944,2
327.3476,631.6853,2
395.846,584.7706,2
428.7082,587.2947,2
426.4706,600.7647,2
446.8963,598.4974,2
421.1931,604.5125,2
375.8607,700.9668,2
419.6221,604.8736,2
444.3355,591.9793,2
338.347,593.0347,2
333.2871,682.4284,2
430.3506,694.6762,2
418.5083,583.4145,2
402.0241,711.4975,2
387.7983,605.68,2
355.7018,581.0918,2
322.8922,644.2443,2
342.0877,710.2917,2
334.6434,625.5822,2
365.6781,583.6414,2
343.1133,618.3485,2
338.9703,592.6602,2
340.8586,702.1083,2
385.7313,696.3036,2
330.5843,659.6379,2
446.0661,709.597,2
414.1171,686.6602,2
432.3371,687.8794,2
419.2401,589.0221,2
441.6102,601.8719,2
332.4606,698.4106,2
387.4507,698.111,2
365.7744,604.7696,2
422.2151,602.8798,2
344.6911,632.7805,2
329.0959,663.6907,2
341.0614,594.8918,2
324.3151,643.2388,2
407.5833,690.0046,2
391.7559,702.4656,2
332.2764,693.7764,2
341.5179,584.5875,2
450.2195,599.5048,2
393.8838,694.1629,2
396.3939,604.9019,2
330.9143,640.3517,2
415.9453,704.9463,2
428.1517,586.7499,2
378.8102,693.6107,2
331.3623,590.9469,2
345.5136,698.1375,2
340.5195,696.1005,2
365.0564,702.8029,2
329.4219,655.8177,2
437.2108,695.1481,2
357.5525,695.4374,2
416.5658,701.9346,2
331.8812,687.5883,2
404.8449,603.8062,2
427.4261,701.005,2
362.9149,598.1683,2
338.5229,654.0709,2
429.9621,706.9651,2
365.8487,697.3901,2
391.1414,584.6479,2
325.3128,691.8976,2
328.914,594.7276,2
344.7359,661.134,2
436.5657,600.1946,2
348.6104,696.6696,2
404.0157,606.3218,2
368.0296,587.5479,2
363.8098,690.9512,2
393.3777,602.7688,2
320.9329,692.1453,2
330.4224,690.6998,2
390.8651,592.5312,2
340.8681,668.5349,2
390.2389,699.4304,2
348.662,698.9198,2
436.0238,697.3832,2
444.6367,692.4617,2
371.3149,707.6976,2
433.9029,590.8666,2
386.4839,694.3609,2
321.6936,638.709,2
448.5536,599.4808,2
325.1599,598.4663,2
339.0086,652.1141,2
392.2082,591.8016,2
371.2186,599.0363,2
328.616,599.3706,2
387.2749,708.7259,2
448.343,708.3832,2
353.5,606.8661,2
324.8638,596.8595,2
329.6434,710.8903,2
427.3528,588.7987,2
405.859,710.3373,2
330.6783,618.1801,2
333.1711,710.7702,2
347.3494,702.5713,2
328.8512,668.4811,2
322.0833,669.1332,2
431.5402,601.3021,2
323.1116,644.3461,2
332.0395,708.399,2
440.4515,697.8947,2
379.3799,694.6059,2
322.6056,679.2746,2
325.2087,614.1956,2
324.9981,599.2263,2
409.2151,595.2088,2
332.1284,663.5103,2
436.7301,605.4341,2
345.1528,710.6485,2
340.4104,670.2045,2
333.7429,692.6979,2
374.3878,592.5894,2
339.9963,681.1134,2
413.0034,687.9299,2
334.5147,631.39,2
409.7412,688.5421,2
419.8019,603.358,2
327.862,589.2476,2
385.8273,702.4043,2
380.1651,603.466,2
433.0738,606.3736,2
442.1005,582.106,2
436.4872,600.7742,2
425.9794,605.7575,2
397.1443,704.2294,2
373.8066,701.9994,2
324.2568,610.9576,2
344.9047,694.7253,2
372.8714,698.7562,2
331.6413,581.2211,2
328.988,631.3399,2
379.4669,705.734,2
342.9043,683.0558,2
337.5008,593.7022,2
430.7106,593.7264,2
338.7648,674.673,2
427.9352,604.3895,2
414.2252,703.8071,2
322.5469,657.7087,2
338.3172,648.4709,2
359.4604,689.2436,2
340.7723,640.3707,2
400.8979,693.807,2
345.1909,645.498,2
417.1659,596.6698,2
325.5285,644.2488,2
335.1412,707.5489,2
338.2666,594.9711,2
393.4717,584.2772,2
329.12,637.9085,2
432.1996,582.8202,2
344.6277,641.7083,2
337.7317,641.8712,2
388.0632,702.7693,2
342.5405,687.9149,2
414.7639,587.0292,2
370.2152,689.1115,2
413.2861,706.2826,2
326.6097,614.2339,2
413.3581,707.0385,2
339.4253,606.8,2
404.2754,588.3726,2
402.079,586.2232,2
360.5382,583.2213,2
367.3127,604.1297,2
388.0776,702.922,2
322.1699,699.5012,2
436.9349,600.0964,2
326.3369,706.5822,2
362.7966,701.8618,2
407.9435,708.4323,2
370.0581,712.2458,2
346.2861,698.4621,2
400.9502,708.8785,2
372.4313,692.3126,2
425.4097,711.2523,2
339.6384,712.0538,2
375.6664,595.8671,2
378.6605,585.2495,2
320.6119,677.1051,2
423.2311,703.9603,2
363.6583,587.9892,2
440.3205,694.6045,2
444.0538,704.3705,2
337.7031,660.5287,2
348.1927,603.946,2
415.347,704.963,2
425.6443,692.4238,2
329.7475,587.3457,2
435.3468,596.7733,2
396.9439,584.6161,2
410.693,587.3643,2
358.8558,707.7009,2
447.1746,705.1577,2
369.8501,686.6224,2
345.9594,586.1796,2
403.2179,705.8895,2
333.0698,678.8529,2
418.5489,601.9485,2
332.0394,633.1242,2
340.4139,585.288,2
413.3903,694.2557,2
383.8307,700.2168,2
399.3178,693.6688,2
352.0782,595.5953,2
391.5458,709.685,2
341.9119,609.5211,2
329.0842,674.7918,2
402.1669,602.1123,2
323.1102,645.2874,2
449.8215,712.471,2
324.8522,602.084,2
391.1347,703.6086,2
337.2866,701.7349,2
343.1102,632.233,2
352.8517,710.0148,2
394.2692,692.5883,2
419.9765,690.6191,2
322.1136,581.6861,2
419.3143,702.7197,2
423.1672,589.9485,2
337.9906,703.8372,2
335.6484,592.7455,2
334.7835,698.5185,2
422.5098,691.3573,2
393.1599,604.3741,2
344.2421,647.8317,2
444.1083,703.6095,2
451.596,689.5874,2
346.0308,595.9128,2
371.67,586.9805,2
323.6573,703.7983,2
321.5677,612.5018,2
365.6668,703.4273,2
394.6935,689.799,2
381.0473,700.3085,2
336.5779,679.038,2
449.8984,597.8691,2
342.7027,617.653,2
404.6011,591.9266,2
357.3254,701.8285,2
352.3357,707.2487,2
399.4495,694.9251,2
323.3158,674.2191,2
430.4409,690.7747,2
357.0192,591.742,2
377.2744,702.981,2
377.7773,712.7497,2
408.7322,593.0754,2
394.3963,698.8466,2
394.5404,695.7787,2
321.831,599.8667,2
356.3203,599.5746,2
383.1831,707.3314,2
403.9011,601.8597,2
442.615,696.6648,2
332.5628,627.5837,2
336.8156,689.8549,2
448.367,709.726,2
444.9412,712.2219,2
376.2383,697.8031,2
401.4617,695.9458,2
367.3831,597.7123,2
344.8378,692.1908,2
387.2601,711.0921,2
320.7567,591.9692,2
432.2591,705.5285,2
330.5181,639.452,2
438.5417,596.3506,2
403.4142,690.863,2
325.0291,653.7418,2
406.964,601.5643,2
331.6131,647.6151,2
349.7085,712.113,2
434.849,591.1627,2
337.9366,596.2118,2
342.9103,643.3055,2
374.573,603.6899,2
340.3512,624.9511,2
361.9947,708.8689,2
328.125,596.3937,2
415.9386,606.0111,2
440.9996,591.67,2
407.9064,582.595,2
436.0824,585.3781,2
355.8899,707.2798,2
379.3991,582.4826,2
433.4368,688.9797,2
431.3694,594.5386,2
347.091,602.6586,2
417.0618,602.6252,2
370.1096,597.4289,2
322.1371,706.4228,2
435.9597,705.8336,2
332.0284,634.7926,2
365.4781,695.7379,2
378.8647,589.6971,2
339.8877,677.9211,2
427.2505,691.972,2
374.4736,592.6187,2
357.6269,702.2221,2
430.3505,593.9424,2
436.7272,704.9169,2
335.6278,679.6773,2
320.49,699.2511,2
393.2222,703.818,2
333.6491,684.6423,2
339.2603,617.8401,2
365.0462,607.2682,2
404.0028,597.5824,2
323.8783,664.4282,2
330.7803,694.4255,2
382.6622,596.1697,2
328.9529,687.8553,2
336.3688,609.3597,2
337.918,613.6766,2
422.1136,709.1377,2
374.8831,592.8724,2
439.4081,695.0302,2
347.5096,702.7332,2
346.2858,703.8497,2
348.0321,597.6502,2
326.7215,621.4322,2
397.9674,701.0874,2
334.5414,635.9583,2
330.4926,595.2006,2
326.6375,604.7453,2
415.2573,709.9838,2
451.8538,582.4011,2
442.6861,698.8905,2
433.6695,591.6747,2
419.1992,699.901,2
385.8672,696.5156,2
371.8676,599.4596,2
408.8772,695.6823,2
445.4567,689.5254,2
345.8662,586.0668,2
331.3178,650.8696,2
340.3509,604.0864,2
322.3489,668.6597,2
327.2596,600.4139,2
338.8818,665.4674,2
437.5893,586.6161,2
341.929,597.9908,2
330.7022,599.6322,2
352.2227,606.042,2
443.275,700.3012,2
368.6511,587.392,2
395.1699,705.0283,2
370.3372,690.3142,2
337.9069,642.5626,2
320.4755,685.516,2
379.9592,703.5904,2
441.5033,703.8556,2
323.6909,674.5018,2
448.0786,586.7896,2
346.3823,639.5232,2
328.5777,586.3291,2
430.3398,604.4164,2
393.1998,695.9843,2
442.392,710.1633,2
324.403,622.3998,2
367.9815,607.2601,2
394.4388,706.3042,2
354.3031,598.2111,2
330.745,582.1502,2
332.3823,664.4252,2
345.948,666.8535,2
434.902,588.6862,2
444.0935,605.6191,2
375.3084,590.7118,2
359.4478,600.8152,2
348.6305,704.5231,2
352.0027,709.9877,2
364.0788,695.5646,2
320.4244,703.5219,2
343.9182,699.4397,2
356.4136,702.6698,2
386.7405,596.2036,2
440.0277,691.7422,2
387.8584,711.3917,2
417.9005,700.9059,2
442.4675,711.4997,2
321.9642,676.7456,2
340.8114,657.9911,2
343.1074,667.6519,2
345.1281,663.399,2
327.6968,607.6347,2
415.912,598.1452,2
396.7139,600.4718,2
320.4521,693.9272,2
356.6925,594.1878,2
324.6514,695.3935,2
325.7073,631.1965,2
324.4287,666.415,2
355.2518,593.9972,2
332.3398,668.4156,2
339.3935,604.1311,2
354.9227,711.8022,2
441.8064,706.5423,2
447.4315,605.1411,2
329.6134,591.1934,2
332.4487,610.6828,2
334.7575,688.6396,2
332.3009,601.6958,2
431.113,687.6474,2
429.5004,702.1616,2
337.739,599.5601,2
424.2871,605.4654,2
393.6292,593.6928,2
410.2185,690.7455,2
324.218,616.1761,2
395.9371,599.6563,2
345.8656,581.3672,2
435.6573,700.7986,2
445.9056,708.6,2
322.2822,712.2852,2
421.8004,597.6811,2
435.6216,583.4969,2
395.5582,582.0371,2
351.3032,687.5348,2
411.5968,598.836,2
332.4877,587.9306,2
414.2136,593.2655,2
376.9628,690.0941,2
370.3762,691.6244,2
340.8629,650.3463,2
399.5663,604.3149,2
374.8884,707.0075,2
322.6295,711.1935,2
358.1056,601.1663,2
371.1945,600.7778,2
329.4339,594.0827,2
423.3309,688.2638,2
339.6228,619.7065,2
420.4798,597.7722,2
393.4646,702.5381,2
413.9843,600.0955,2
400.6301,696.8746,2
380.1301,603.3055,2
337.6856,709.409,2
422.2891,699.1811,2
338.0913,708.2687,2
359.8089,707.8388,2
410.3673,605.5011,2
416.8591,582.9844,2
339.7316,602.7514,2
336.3563,588.627,2
435.8485,594.583,2
366.5306,599.4452,2
360.638,689.4597,2
399.6324,689.5139,2
428.504,690.9431,2
411.001,603.1359,2
370.4999,584.8632,2
400.4127,706.9551,2
336.5144,646.8804,2
336.0958,633.3014,2
325.6229,692.9216,2
339.8346,597.5266,2
393.3376,581.5395,2
388.5932,585.9086,2
369.212,585.3216,2
342.6836,601.6506,2
324.0913,595.9063,2
373.9651,691.6002,2
450.8095,697.7583,2
364.7236,582.5206,2
440.9279,585.1456,2
330.687,687.04,2
374.288,602.0642,2
424.8617,711.1149,2
438.661,688.9776,2
446.1689,693.948,2
375.688,702.2841,2
351.4984,712.5368,2
395.9494,687.783,2
338.9784,707.9564,2
376.8749,696.4672,2
364.3375,696.9083,2
449.7686,589.0966,2
419.8928,686.6251,2
412.4194,589.2104,2
332.2961,700.2869,2
326.7073,603.7021,2
343.9344,605.4731,2
338.9558,667.7138,2
436.5483,599.8017,2
404.7418,596.4185,2
396.7061,708.6931,2
442.1933,690.0375,2
428.5154,701.3565,2
427.377,582.1731,2
389.933,596.3043,2
348.718,705.5568,2
341.1446,595.8674,2
343.1837,686.3207,2
321.2579,670.7939,2
428.8595,584.7103,2
338.6771,621.1181,2
355.2844,691.1735,2
355.6661,711.3515,2
320.0032,679.6506,2
422.2541,587.3168,2
388.7326,593.9262,2
361.587,697.6502,2
364.4058,601.4222,2
338.2187,689.1186,2
332.7899,605.5028,2
390.5327,591.3515,2
324.9065,648.1799,2
328.3161,596.0993,2
339.6669,587.6091,2
402.0622,700.3858,2
377.1934,606.5978,2
328.9555,647.6059,2
322.3652,643.0242,2
339.2713,600.1577,2
341.6351,601.866,2
385.0497,583.7289,2
380.5127,687.1207,2
378.3395,604.1249,2
411.0328,585.4198,2
391.8291,698.425,2
441.3627,597.3205,2
339.3094,627.1885,2
332.0856,670.7769,2
408.9235,600.9383,2
380.0993,596.3035,2
389.6127,707.8803,2
347.0495,594.0027,2
403.0939,588.1774,2
343.3855,656.7516,2
418.6333,586.4229,2
320.8055,620.5962,2
411.2971,687.3289,2
337.6955,639.2746,2
444.182,695.4419,2
333.5903,620.5839,2
375.7766,597.2541,2
344.9346,679.3202,2
345.3199,663.4678,2
325.5848,622.594,2
385.1506,691.4582,2
404.3729,706.5617,2
326.2318,626.7422,2
401.8231,604.9571,2
340.7867,607.8021,2
335.6619,672.5152,2
410.0911,694.6954,2
414.237,591.436,2
410.2941,686.7798,2
334.7915,698.9137,2
380.3085,701.7467,2
355.1281,602.6754,2
419.6848,691.6867,2
325.7583,705.5659,2
366.6906,709.6378,2
446.1831,703.2894,2
437.7518,701.5199,2
421.5748,694.3229,2
331.2588,643.0079,2
398.0872,603.9785,2
321.7103,612.2548,2
349.3033,586.1063,2
393.4814,692.9671,2
336.7776,673.9541,2
349.0754,688.2571,2
411.0143,701.2747,2
436.805,604.608,2
390.0031,712.315,2
332.2742,680.8932,2
382.4073,692.1609,2
322.7429,669.5622,2
409.7749,598.4178,2
343.2577,697.4447,2
329.2211,657.0063,2
406.7056,583.2678,2
440.0381,692.4192,2
415.5701,596.4512,2
322.7599,630.3961,2
371.5467,704.8549,2
400.2746,601.6025,2
325.1156,649.4009,2
333.8031,701.5063,2
389.4349,606.1082,2
351.8153,601.7117,2
327.9065,628.0015,2
439.3302,582.9105,2
439.4485,598.2823,2
324.6133,710.5934,2
331.0498,675.035,2
375.9976,596.2355,2
381.1774,582.9625,2
332.1159,598.7453,2
341.9751,634.4225,2
434.5287,701.318,2
435.1962,595.2477,2
360.5664,590.7059,2
450.8984,588.3672,2
367.498,712.8704,2
396.9174,590.8687,2
403.7786,688.0357,2
438.431,712.5451,2
384.39,688.0469,2
374.8329,600.4344,2
335.1472,612.5459,2
330.829,607.0584,2
413.4286,702.1789,2
389.3219,704.4171,2
406.3593,708.5149,2
348.2951,600.4167,2
435.8601,693.8493,2
450.6897,711.6965,2
347.266,705.6381,2
419.361,698.3067,2
367.0477,585.5668,2
334.1427,588.2769,2
421.2037,707.6052,2
450.5619,701.0268,2
431.2189,605.3354,2
449.7114,687.2021,2
400.4527,699.0632,2
444.6463,702.4414,2
343.2449,698.0684,2
350.8567,603.0694,2
368.9172,703.2534,2
322.2423,687.5453,2
330.7084,672.4812,2
340.115,622.5459,2
439.9312,695.846,2
410.7204,707.5099,2
347.3132,698.6041,2
340.5454,658.2245,2
423.0156,697.6672,2
420.2004,695.453,2
344.1825,662.5383,2
406.8974,697.4011,2
404.1752,589.606,2
355.8841,709.5695,2
356.6364,586.5496,2
340.7986,656.057,2
335.8527,709.6931,2
370.6128,584.0888,2
399.7256,603.4171,2
333.156,657.2002,2
323.3087,635.8694,2
340.1758,581.9718,2
403.7244,584.4128,2
433.9341,590.571,2
345.267,619.3831,2
339.2602,599.7658,2
321.9735,585.7232,2
322.561,685.4973,2
344.0566,624.6435,2
385.9568,694.1057,2
400.3905,583.8148,2
395.8086,710.9119,2
326.1954,657.93,2
364.8531,599.4314,2
329.4419,656.1165,2
395.3808,604.0015,2
332.1645,652.1167,2
367.7215,689.9528,2
334.3083,658.2675,2
412.3879,695.4452,2
442.2083,703.9111,2
361.8982,705.6328,2
348.7349,701.1257,2
342.7291,662.0229,2
375.2753,597.234,2
395.1897,689.3965,2
322.781,653.8028,2
338.3253,675.8817,2
383.5186,606.0008,2
356.8093,710.5351,2
326.0809,666.3413,2
376.0426,586.2351,2
428.5907,605.5778,2
381.9386,596.8703,2
342.8734,675.5501,2
337.0582,623.1023,2
341.4192,666.7156,2
337.5364,646.912,2
403.585,582.5763,2
383.7511,601.6428,2
422.0415,589.3486,2
340.6149,586.7623,2
428.6271,707.9197,2
326.8657,648.9152,2
325.4917,712.8297,2
440.6073,708.419,2
327.8557,627.4758,2
421.5935,708.0046,2
386.3818,709.652,2
444.5534,592.4945,2
428.7879,696.0609,2
444.6848,703.6034,2
339.0455,704.4138,2
346.4676,588.1664,2
337.4883,680.6256,2
433.046,606.6855,2
323.536,628.9468,2
367.7928,605.1901,2
329.8393,691.3123,2
384.269,699.1642,2
430.6265,709.5314,2
334.5784,587.0966,2
367.9963,697.073,2
374.1435,601.9494,2
345.6065,693.8984,2
416.3319,582.9867,2
356.9166,603.1214,2
423.0024,598.8229,2
356.0174,586.732,2
370.7273,588.3978,2
341.5327,655.3596,2
332.3831,705.7053,2
336.8783,603.6439,2
394.0997,597.2792,2
330.3521,643.8163,2
435.0236,604.5266,2
371.9734,606.0331,2
327.1105,708.9916,2
365.1067,691.7927,2
341.4373,620.2321,2
331.0608,643.1379,2
345.1593,706.9651,2
430.5899,585.4541,2
337.1007,657.2887,2
364.3744,582.5739,2
440.2862,710.8615,2
415.3881,694.7623,2
326.0416,694.1648,2
342.5353,608.0318,2
323.6234,643.2666,2
437.2207,581.3487,2
418.5653,696.734,2
394.6446,698.7242,2
450.5104,599.2032,2
448.4416,602.2412,2
334.5716,657.091,2
372.7217,600.5472,2
354.9532,704.0006,2
407.5986,604.1158,2
434.5675,707.3444,2
341.4337,606.9808,2
355.9812,605.724,2
339.8083,609.1243,2
437.5581,709.4312,2
321.623,634.2393,2
419.8519,692.1253,2
425.2093,708.253,2
331.0325,627.5703,2
408.8632,587.4607,2
345.2999,598.0526,2
343.949,688.4574,2
441.8351,587.2446,2
324.9974,590.0265,2
451.6372,605.7495,2
332.7027,708.1618,2
422.0997,606.8947,2
382.7051,582.2813,2
397.8952,691.8596,2
326.1025,651.3751,2
419.7962,595.9797,2
336.8935,603.6511,2
339.1699,660.545,2
447.4937,709.3298,2
445.0429,711.3241,2
424.7126,692.3612,2
359.9008,594.869,2
347.7468,696.9882,2
410.1906,697.38,2
323.9987,622.7555,2
326.2074,703.477,2
324.1843,677.1332,2
337.7536,670.7787,2
330.1412,583.2999,2
405.8312,593.6101,2
358.154,604.0205,2
377.7451,702.6086,2
383.9225,709.0048,2
400.2844,689.7757,2
331.4289,705.874,2
322.0427,706.4026,2
419.3327,601.2542,2
447.8133,603.1459,2
330.6477,593.2056,2
342.8997,641.2474,2
336.5545,585.0721,2
342.7309,611.0862,2
419.8761,588.6445,2
345.5368,697.7507,2
341.9689,688.153,2
358.7012,699.6847,2
332.2759,642.2387,2
373.9197,693.7938,2
345.9261,586.7296,2
394.8013,599.056,2
360.341,604.9958,2
353.6375,689.6131,2
445.5818,701.6459,2
406.1271,701.7172,2
378.2344,584.4487,2
341.7501,666.99,2
449.2505,706.7205,2
324.6925,708.1065,2
416.1964,710.8201,2
357.8719,601.6927,2
451.8935,710.9942,2
350.1809,701.2296,2
390.1189,696.0668,2
401.8862,601.2011,2
341.4772,649.3567,2
388.449,709.9096,2
405.4638,712.1861,2
373.977,697.3883,2
451.6485,584.7373,2
353.6138,694.7279,2
445.5048,593.3294,2
326.7794,581.4845,2
345.6836,660.3601,2
398.9276,592.5559,2
327.1027,668.1226,2
348.7579,599.0132,2
330.7886,610.2508,2
358.279,710.1577,2
375.6668,591.8687,2
343.7426,684.6502,2
412.939,588.6205,2
445.6163,591.1522,2
330.1122,685.9753,2
433.2594,691.1566,2
369.2364,710.0338,2
374.2662,606.3991,2
369.9977,698.1159,2
431.091,700.0939,2
331.4239,676.1249,2
362.0788,695.9705,2
362.9867,687.0562,2
423.1336,703.3285,2
368.1726,711.2315,2
416.6021,587.6776,2
413.9072,691.3956,2
347.7409,588.5219,2
339.3303,702.4787,2
365.0705,583.7369,2
404.0561,690.6126,2
451.4454,694.719,2
321.8605,623.0596,2
359.2194,602.1797,2
340.8114,646.1981,2
373.1728,582.7035,2
428.979,712.2491,2
451.2571,587.9208,2
324.0525,590.4635,2
401.4117,707.2401,2
328.3045,633.3017,2
420.383,687.8117,2
330.3033,634.6681,2
325.1421,630.5476,2
391.7574,581.8383,2
353.039,598.7923,2
378.9162,602.9264,2
345.0429,622.781,2
321.8105,614.8428,2
403.4566,694.4361,2
322.7949,624.5677,2
380.3489,599.9775,2
391.5237,591.5509,2
426.9692,605.4497,2
375.0153,710.0073,2
419.587,703.9231,2
423.7454,687.769,2
331.7529,621.3602,2
402.6611,589.0621,2
334.5348,620.6197,2
441.6919,699.2679,2
390.6563,690.6373,2
434.8572,702.5665,2
321.4153,645.5981,2
421.4866,694.594,2
438.1897,601.8085,2
328.1918,641.4,2
321.9369,609.0877,2
333.904,618.8123,2
325.7516,635.4113,2
428.058,603.8681,2
445.6781,591.9091,2
394.7532,692.9755,2
324.0461,651.5145,2
421.8041,699.9055,2
327.9738,610.9928,2
342.2649,595.9871,2
395.0103,687.9673,2
393.3067,697.7967,2
438.543,605.5953,2
332.3035,604.8396,2
440.3592,688.3572,2
326.0509,625.7814,2
402.518,586.9539,2
414.5541,702.0165,2
355.6373,692.2628,2
335.4088,618.2038,2
404.2913,585.8913,2
341.325,616.6181,2
351.067,594.68,2
406.9624,592.1108,2
378.3138,595.0234,2
363.1544,594.222,2
395.3227,690.9509,2
345.1978,670.7817,2
395.1508,582.4697,2
405.2322,695.5997,2
412.747,700.3334,2
432.4257,602.8668,2
431.603,599.3833,2
364.7222,607.2863,2
340.3011,586.6535,2
335.4478,602.5232,2
370.3398,710.2459,2
360.0907,595.4298,2
384.5293,690.9795,2
389.3907,703.266,2
360.7588,698.4851,2
380.139,706.0363,2
360.0891,596.9613,2
357.4816,703.2715,2
423.4931,700.501,2
423.214,602.3113,2
339.9231,606.2988,2
327.6321,660.9482,2
372.0701,704.8799,2
327.553,629.869,2
350.5341,698.172,2
332.0476,591.5199,2
324.5597,589.5998,2
427.8157,711.9302,2
327.7221,640.6136,2
359.2112,593.915,2
363.4728,586.351,2
688.7899,546.5717,3
588.7316,567.5648,3
573.0807,512.7187,3
674.4673,580.086,3
571.467,524.5276,3
568.6584,604.0266,3
683.1033,598.4916,3
696.9129,589.8521,3
680.9391,599.781,3
572.2248,621.5931,3
697.1157,600.0938,3
571.7216,510.7472,3
621.2918,503.9547,3
644.4828,518.6721,3
580.8519,503.3963,3
692.9835,603.4614,3
687.9478,578.6723,3
572.5579,614.1858,3
684.6513,621.7808,3
591.7225,627.9783,3
673.3359,633.195,3
673.3149,596.4042,3
623.3716,516.1366,3
576.1169,524.7987,3
638.7561,512.4514,3
666.7459,520.5785,3
640.2791,508.0321,3
591.2467,520.2358,3
675.1321,622.429,3
648.5449,504.5465,3
585.0418,622.9721,3
640.1214,526.6806,3
649.8251,515.2471,3
567.4261,575.7859,3
649.9071,515.6285,3
632.8299,518.9557,3
679.2247,564.3064,3
640.7833,519.5397,3
695.8544,611.3396,3
586.0394,592.9697,3
696.9925,554.5718,3
668.3729,520.1524,3
578.4015,521.9503,3
676.7572,545.4063,3
693.9849,583.479,3
575.7294,597.5484,3
677.4418,599.7141,3
604.0333,514.9402,3
666.688,506.2956,3
629.2654,521.8535,3
688.8006,578.8891,3
622.3776,521.8277,3
582.0958,541.5633,3
693.7549,587.0769,3
674.688,631.3358,3
667.0525,504.0451,3
581.7775,616.1636,3
575.9157,543.6419,3
694.1998,631.7805,3
697.6095,568.0127,3
683.9148,550.2855,3
692.5661,591.0367,3
591.3791,604.5282,3
622.196,508.754,3
681.1888,546.5435,3
567.1734,561.3343,3
690.5366,560.7656,3
570.7463,557.7095,3
616.0114,507.7911,3
573.741,593.6679,3
583.1941,615.6154,3
612.9705,507.1566,3
612.4513,518.8725,3
672.1704,612.0942,3
675.2724,528.0682,3
566.6397,535.508,3
575.0921,517.1653,3
586.616,509.8874,3
697.1618,515.7956,3
613.5783,521.0947,3
573.9385,561.8527,3
581.8225,634.4517,3
671.1631,526.5009,3
674.9752,575.4367,3
697.0193,630.1247,3
675.7632,577.5164,3
635.8813,520.8163,3
577.6786,576.3439,3
672.7648,545.8088,3
675.646,599.4041,3
688.5544,576.5055,3
583.8405,541.694,3
675.9699,542.1757,3
696.834,570.0358,3
572.4417,561.0805,3
674.4279,622.5235,3
683.2724,570.1169,3
588.8039,542.3695,3
671.8482,622.0571,3
693.9848,567.2626,3
693.9293,537.8845,3
590.8374,633.3609,3
685.2056,595.9805,3
571.0472,598.6726,3
643.8794,522.9123,3
696.0121,515.3857,3
568.3048,600.5862,3
686.026,535.8262,3
568.391,529.3638,3
691.0653,517.1454,3
586.2766,617.0333,3
678.2503,576.3649,3
681.8675,507.8791,3
581.511,625.7269,3
644.3687,522.154,3
590.6315,507.8646,3
677.3516,524.633,3
679.151,554.0534,3
583.1021,566.2566,3
588.3763,519.8752,3
690.6261,523.9288,3
695.3791,522.623,3
672.3588,625.6459,3
592.1204,541.0814,3
619.66,510.5963,3
662.4129,522.0544,3
587.8268,599.6577,3
638.1744,524.0819,3
644.8852,526.0862,3
674.3617,551.7776,3
649.9039,521.4038,3
695.2011,547.9879,3
694.6547,551.9831,3
679.109,627.5619,3
696.6893,610.931,3
693.2575,598.7589,3
648.8358,523.4254,3
676.4828,600.8688,3
690.8242,605.317,3
687.5125,594.5801,3
678.6967,527.7591,3
587.8125,507.5643,3
583.8391,559.869,3
683.7806,530.2187,3
682.4312,579.488,3
615.21,514.1463,3
638.1549,506.8895,3
599.1895,512.0567,3
686.8893,513.1987,3
681.3075,633.6317,3
567.4786,599.8231,3
624.0525,522.7878,3
688.3376,503.4669,3
573.5536,530.3926,3
585.5914,572.9336,3
582.5245,509.6653,3
678.9945,590.0612,3
568.0377,574.6246,3
574.1861,599.4843,3
609.6603,513.9462,3
630.7157,505.1498,3
686.105,510.6879,3
608.5255,512.7402,3
566.0927,551.4108,3
584.1994,574.8487,3
609.0804,507.1108,3
678.4391,568.7602,3
628.5126,507.4296,3
586.7075,623.608,3
581.6354,523.4219,3
566.9122,607.4825,3
678.8677,610.1223,3
579.5736,594.8415,3
600.9048,519.972,3
678.4093,556.5759,3
574.62,562.8448,3
672.2805,615.7496,3
694.0293,599.3848,3
697.587,522.3802,3
576.5155,614.1026,3
690.5134,611.9467,3
580.034,611.9018,3
588.0115,633.7909,3
687.8199,566.7852,3
637.896,521.8537,3
672.521,555.079,3
674.1263,604.6218,3
566.6007,607.0667,3
681.0785,594.8719,3
693.1941,540.1604,3
591.9855,531.5729,3
566.8547,620.6459,3
588.0004,599.131,3
634.7839,521.3801,3
680.5499,530.7505,3
688.504,627.1728,3
583.1824,523.9346,3
696.7219,554.9113,3
575.3567,511.813,3
583.4769,607.0517,3
696.5864,569.5775,3
696.4139,596.109,3
678.2206,540.8648,3
577.1855,515.7562,3
684.4269,598.8649,3
580.413,581.8659,3
673.802,607.1839,3
663.1369,528.5683,3
683.4688,586.427,3
682.4398,617.3006,3
688.1992,518.1986,3
579.5266,610.6313,3
675.7185,523.4728,3
691.9809,537.2445,3
585.197,525.3785,3
694.0926,613.5872,3
647.3766,516.3836,3
572.1147,569.2972,3
651.8834,526.9362,3
685.2617,535.2162,3
582.7104,534.8672,3
675.0371,581.4691,3
644.7347,506.8685,3
648.2431,504.3369,3
586.3082,514.1981,3
572.5551,550.3482,3
694.2747,618.7336,3
697.3377,620.3844,3
680.8581,628.1057,3
572.9235,629.2679,3
590.5601,607.4752,3
684.2586,591.772,3
596.7818,517.2869,3
673.3269,571.1254,3
637.9036,518.5849,3
696.4083,574.1636,3
687.4311,561.8091,3
642.77,527.9281,3
584.9349,572.6624,3
690.8347,511.2912,3
672.2219,593.072,3
684.8353,626.2137,3
681.4096,583.4858,3
572.8027,551.7458,3
611.796,528.1693,3
577.3581,523.8951,3
586.2378,618.8069,3
578.6794,579.3116,3
683.442,598.6539,3
683.7248,577.8697,3
570.7916,538.8136,3
586.6419,608.6949,3
587.9399,579.6136,3
688.048,620.5189,3
582.5009,621.2363,3
578.724,576.4529,3
571.4014,532.4827,3
694.8706,569.0904,3
629.0615,508.5346,3
584.3537,603.8346,3
586.0509,549.6692,3
678.7455,542.0424,3
645.3434,524.1104,3
697.2678,565.3289,3
600.8814,504.5107,3
637.0025,510.2956,3
576.1196,521.3264,3
696.8021,558.4184,3
686.6959,614.9809,3
688.5962,516.9945,3
692.6394,539.0407,3
695.5226,629.9914,3
696.8624,545.0732,3
691.341,545.2479,3
677.6947,573.0735,3
673.8145,632.8825,3
692.7584,503.8026,3
604.0827,520.9715,3
626.4557,522.4953,3
575.996,581.6009,3
675.822,572.0242,3
678.6252,546.1949,3
579.4603,595.706,3
686.6019,581.4299,3
574.0015,572.798,3
567.7427,527.6105,3
575.4754,533.8757,3
588.2817,548.3223,3
580.4048,551.0306,3
578.0976,581.3532,3
625.9789,503.7628,3
586.7742,589.7657,3
605.6784,510.7236,3
655.614,509.0657,3
680.945,561.0205,3
675.8616,595.8568,3
586.4704,585.086,3
683.9608,552.8086,3
694.5869,617.1151,3
625.354,505.385,3
671.4365,518.559,3
639.6085,517.1641,3
690.6697,527.4448,3
585.5777,534.3699,3
578.0871,583.8946,3
566.8846,509.8029,3
691.9262,517.769,3
679.5677,520.1597,3
643.8755,528.7252,3
571.8417,600.5831,3
566.0413,619.2597,3
579.9347,522.8909,3
600.1086,514.3835,3
692.7912,525.6828,3
585.5545,609.9817,3
635.8348,524.2916,3
584.2328,588.3634,3
663.951,511.6121,3
672.3024,527.1899,3
691.6805,592.345,3
678.3011,614.7753,3
689.3197,554.7152,3
676.2843,630.1339,3
683.2726,619.0703,3
662.9335,516.0966,3
688.7846,571.7845,3
662.8764,528.7224,3
577.1103,515.53,3
589.7506,570.4356,3
566.8641,563.848,3
583.461,540.682,3
575.5609,558.1068,3
681.6957,569.2327,3
690.7404,626.5078,3
694.532,571.6453,3
680.8217,619.2125,3
684.1242,537.697,3
691.6269,561.3918,3
693.9211,600.2079,3
639.4578,518.6937,3
585.2084,593.2228,3
638.8573,528.5487,3
581.0542,575.7402,3
568.481,540.3021,3
681.5388,514.988,3
581.0295,528.5051,3
606.4012,509.6185,3
576.1557,588.3086,3
620.512,519.7648,3
590.8954,577.512,3
580.4484,625.3342,3
569.039,587.6897,3
694.7274,615.4838,3
586.1403,627.0091,3
573.0461,543.9639,3
581.5914,576.7078,3
585.7312,590.3359,3
583.8632,595.3474,3
675.615,552.793,3
691.7839,520.8194,3
686.2019,561.1734,3
580.1133,607.531,3
691.5515,503.1761,3
568.7311,554.2056,3
648.5333,508.2545,3
566.2472,606.1246,3
635.8596,505.5893,3
567.9919,506.0082,3
650.1776,505.683,3
649.3122,515.8151,3
584.8452,610.0312,3
683.0151,592.0213,3
569.3368,514.3383,3
692.3898,531.4604,3
572.9516,504.4364,3
655.4254,513.8339,3
595.534,507.8974,3
575.0543,574.2453,3
696.7307,578.1505,3
577.8539,583.0654,3
588.2692,568.9518,3
695.7893,513.3689,3
682.5462,554.1722,3
676.8766,519.3732,3
649.9512,511.2883,3
570.7534,505.3021,3
571.4135,538.6467,3
581.3542,535.7055,3
649.9627,528.1116,3
586.8452,549.7759,3
682.6996,591.6593,3
590.3838,519.8353,3
582.7349,534.5938,3
650.8845,513.3845,3
590.7642,571.1921,3
684.7243,600.1944,3
686.2722,503.6475,3
614.5585,518.5028,3
585.0966,570.0146,3
696.2578,534.0823,3
690.0923,616.681,3
634.4013,504.1173,3
577.9536,539.8446,3
672.8192,590.2135,3
578.7655,578.1499,3
694.0112,622.719,3
587.7218,557.2386,3
574.6602,548.8676,3
584.0705,573.5252,3
697.0879,549.1826,3
678.1816,516.2768,3
592.7844,520.3791,3
585.3726,536.0398,3
685.7024,533.1109,3
569.1256,611.3042,3
671.9871,522.2072,3
589.636,516.8288,3
640.1655,518.1241,3
567.6135,505.6588,3
685.2033,583.316,3
566.3441,558.7534,3
669.2404,525.9983,3
569.8571,546.5688,3
666.8624,507.0935,3
589.0577,606.5341,3
572.104,578.6276,3
586.2277,526.2176,3
697.7981,515.5169,3
685.9197,546.5536,3
580.6995,536.3998,3
619.3796,518.3695,3
690.243,561.7772,3
579.7746,561.5711,3
675.9127,584.1727,3
631.7009,503.9098,3
668.4453,522.6949,3
578.1695,611.2201,3
583.6983,568.3307,3
588.2871,503.0065,3
654.8159,518.5475,3
650.1092,507.304,3
618.5278,518.4591,3
679.3136,633.455,3
605.6962,527.2737,3
583.2918,577.5098,3
688.7053,553.2127,3
593.9543,519.7614,3
586.2799,593.9494,3
666.8034,525.0324,3
587.0854,614.6882,3
664.4605,515.2173,3
589.2145,533.4136,3
695.6081,513.8659,3
580.8713,543.9419,3
692.3794,544.0162,3
617.9932,521.1351,3
666.2282,527.2393,3
688.804,546.9608,3
620.6163,512.949,3
613.2108,516.7313,3
683.6518,621.8095,3
572.6053,533.6113,3
586.7972,607.2657,3
629.7599,525.5536,3
596.823,506.3566,3
574.117,614.0426,3
674.0977,582.0299,3
589.483,594.1619,3
582.279,594.4515,3
570.2585,619.4963,3
588.7077,536.3951,3
623.5958,519.423,3
693.9264,561.5354,3
592.0279,544.964,3
685.8,619.7889,3
697.773,611.0828,3
592.8557,508.45,3
566.2136,512.1243,3
686.2372,504.9222,3
568.6329,622.5242,3
686.9594,609.1523,3
579.7274,621.5786,3
600.871,513.3487,3
618.591,513.2157,3
587.5155,585.7046,3
566.0666,626.8088,3
585.4835,587.2967,3
566.5909,532.9125,3
683.088,544.3022,3
614.2955,520.0252,3
603.8678,523.0769,3
671.1488,523.2038,3
586.4191,526.0815,3
675.7565,503.8475,3
689.9792,534.2183,3
592.2164,546.3625,3
616.4674,503.8134,3
693.6266,594.6533,3
583.6939,613.0453,3
592.6452,503.7782,3
644.2221,520.2444,3
577.6013,511.575,3
586.3645,528.9961,3
586.8829,524.107,3
610.787,523.3612,3
658.4235,506.0846,3
676.6271,628.3187,3
590.6021,595.8224,3
682.0127,542.3922,3
674.3626,608.269,3
590.9042,551.5565,3
579.2222,634.2201,3
608.4984,526.5578,3
656.6081,506.4356,3
655.0177,520.453,3
681.0752,624.9457,3
648.3897,516.716,3
573.6091,587.2105,3
573.5419,589.8153,3
614.981,522.8878,3
569.0254,614.0707,3
680.9099,610.3385,3
579.0173,522.0236,3
588.2289,549.1168,3
575.3605,567.5597,3
594.9594,503.764,3
590.2268,603.1501,3
575.1418,532.5726,3
585.2089,634.8286,3
690.1639,593.4175,3
609.407,511.2981,3
689.0606,532.0419,3
578.4841,565.9571,3
573.117,543.8406,3
611.4444,509.7202,3
693.1045,593.8018,3
683.3036,582.923,3
583.2013,508.218,3
606.3961,520.9993,3
650.6066,520.285,3
568.7693,585.6494,3
622.7792,514.4073,3
567.3547,512.5285,3
615.3044,509.8758,3
586.9329,547.874,3
625.7288,511.7134,3
683.4362,619.1459,3
679.0164,579.0502,3
687.8582,511.9354,3
605.3704,526.4275,3
687.193,538.6082,3
570.0873,577.9732,3
576.8257,526.5996,3
595.0584,516.397,3
566.8796,615.11,3
584.675,633.4119,3
572.0865,622.7484,3
592.7562,504.9268,3
681.0793,619.5173,3
680.2182,550.6005,3
586.9109,526.7958,3
650.2482,517.9948,3
575.6811,568.7279,3
580.3175,590.92,3
590.0388,599.0394,3
667.8848,507.4846,3
682.9168,571.249,3
686.829,527.7134,3
693.4047,580.3515,3
665.9458,504.5008,3
582.4638,560.3501,3
685.0745,599.4393,3
610.9115,524.4939,3
682.9786,569.4165,3
572.9795,572.9506,3
660.6112,519.79,3
588.762,559.2165,3
580.2362,512.0605,3
692.1619,527.6439,3
695.3846,505.9525,3
690.4916,600.4563,3
577.6958,585.4789,3
653.7836,507.8351,3
692.1573,605.2588,3
685.0661,511.706,3
652.0422,524.6671,3
691.4612,545.4828,3
583.2928,633.953,3
691.3824,587.0716,3
659.9258,525.0176,3
679.144,514.5404,3
586.9544,623.5102,3
690.4883,605.6152,3
576.2386,591.9212,3
685.4176,570.8426,3
677.751,572.702,3
692.8273,608.6211,3
574.8444,632.3716,3
629.5215,515.4118,3
633.971,518.472,3
583.3385,533.619,3
578.6315,556.1756,3
569.2252,631.6017,3
672.9452,571.988,3
579.3597,613.8955,3
578.988,586.3799,3
643.565,517.3929,3
697.2099,558.6842,3
692.1295,527.1219,3
696.2557,595.5931,3
578.5178,572.5651,3
672.5007,614.1096,3
576.4062,570.321,3
581.6844,575.4382,3
579.897,525.2276,3
585.9585,552.5206,3
579.265,578.3749,3
652.1869,512.5701,3
569.2121,596.0448,3
587.7655,519.8363,3
577.8549,543.3851,3
679.1547,584.7969,3
569.8493,578.5384,3
625.6692,516.5874,3
599.5436,527.7209,3
627.9646,515.8482,3
576.6985,566.6716,3
569.4585,520.0524,3
687.6734,560.8706,3
692.5106,528.3176,3
685.2471,527.4554,3
679.0451,567.7838,3
677.965,546.4812,3
696.1761,511.7793,3
615.4159,524.8581,3
592.1664,528.1843,3
691.0309,592.0865,3
673.9366,537.2197,3
679.1652,616.0828,3
577.4363,523.7071,3
616.9555,504.0831,3
648.0929,523.4965,3
581.4939,517.0734,3
695.401,533.3854,3
690.369,587.3792,3
581.6388,588.257,3
675.61,624.9366,3
576.6577,550.034,3
588.7737,568.2667,3
593.3734,521.5915,3
605.1486,517.5228,3
676.7346,604.5464,3
617.0573,506.4332,3
580.7051,529.9687,3
679.4407,625.9292,3
589.8895,627.8826,3
608.4488,520.9168,3
685.6665,615.8697,3
672.3818,553.1661,3
686.3972,567.5788,3
568.1898,618.5266,3
588.2623,613.0016,3
619.4354,526.668,3
676.5312,546.0892,3
568.8878,592.3535,3
589.2799,539.8634,3
684.3926,577.9444,3
575.4437,561.2536,3
590.2081,511.5776,3
570.0436,566.3718,3
592.3056,519.5888,3
577.0573,633.6706,3
680.0893,605.9067,3
687.0099,518.623,3
589.4795,574.589,3
584.9606,634.3033,3
582.0732,504.7392,3
607.5676,524.393,3
685.4313,628.0934,3
673.068,559.5632,3
583.974,557.7153,3
582.4833,570.6727,3
615.1345,507.0308,3
629.0039,516.8026,3
688.3418,609.2078,3
687.892,601.1577,3
566.8354,584.3099,3
571.1152,611.7137,3
676.3097,539.178,3
695.0037,600.975,3
591.0271,594.32,3
582.5059,611.818,3
602.8773,508.4306,3
667.5809,513.827,3
566.5674,523.9502,3
690.5263,592.3538,3
581.1816,543.5129,3
681.9659,610.3343,3
676.3167,611.7021,3
688.4136,532.2307,3
567.1567,611.0856,3
684.8184,605.241,3
575.5645,508.2065,3
569.7296,583.3089,3
639.182,526.2017,3
681.3137,602.88,3
590.1802,525.5893,3
567.9307,562.9198,3
688.749,559.6131,3
570.0072,509.0588,3
662.3158,503.0256,3
591.5811,591.2991,3
690.177,596.0626,3
675.4562,614.4831,3
684.4128,573.8871,3
577.5843,627.1393,3
583.4364,515.0507,3
572.7123,544.0049,3
569.4197,521.8812,3
577.4117,518.8976,3
573.1155,627.5425,3
566.4684,561.9149,3
576.1168,596.8208,3
568.7502,589.953,3
571.6342,618.3437,3
682.6041,522.2107,3
576.4515,552.027,3
672.9502,553.3514,3
598.0523,509.7441,3
598.3232,526.3446,3
673.5113,586.6019,3
674.1647,538.0495,3
591.4357,557.0538,3
657.7361,515.1231,3
586.1912,579.6898,3
593.1039,527.3689,3
568.1806,510.0051,3
692.5083,593.0751,3
680.9531,529.3931,3
577.3212,578.0004,3
593.1469,512.5412,3
635.7407,528.1149,3
572.7986,614.9365,3
684.3013,572.9119,3
646.8342,515.733,3
686.0707,606.4867,3
669.9923,525.6905,3
687.1537,513.2394,3
590.0432,630.1172,3
678.5131,510.6944,3
692.8866,521.8995,3
620.1671,517.3943,3
590.0663,568.0734,3
584.1712,503.482,3
688.4762,602.5798,3
592.6788,509.2903,3
581.513,620.6005,3
571.3301,552.7704,3
681.0538,596.8713,3
578.9516,587.5954,3
575.8805,526.505,3
628.5627,528.7245,3
694.9715,589.4132,3
653.7057,526.0904,3
674.4788,616.7768,3
576.9205,630.5515,3
681.0142,574.9352,3
676.888,570.6656,3
613.8638,511.9812,3
697.1375,630.4026,3
566.8504,572.0288,3
604.4532,508.7628,3
678.5003,618.3828,3
576.3138,527.2097,3
679.4536,631.3669,3
652.5996,511.068,3
692.8879,631.1285,3
686.163,621.7956,3
691.4212,605.4512,3
688.8584,544.0584,3
572.8151,516.2694,3
635.0773,525.1392,3
695.6745,574.3363,3
602.1858,520.595,3
574.8314,590.181,3
676.9399,546.0854,3
584.5392,563.9291,3
665.0839,516.2093,3
581.3235,537.9264,3
674.5966,618.7041,3
577.4343,531.638,3
677.5919,528.5546,3
570.524,601.0898,3
681.6883,614.474,3
692.2131,526.3474,3
672.8947,557.5889,3
695.5642,560.2164,3
675.0622,613.2242,3
687.9418,544.8588,3
596.4496,503.5834,3
572.5316,553.3445,3
566.464,512.196,3
568.0279,604.5468,3
688.3671,521.586,3
678.6123,515.6939,3
663.895,524.2229,3
592.9707,522.51,3
573.8352,544.5104,3
632.8469,515.6752,3
613.6149,509.2318,3
678.7139,616.6924,3
653.4489,522.596,3
695.9699,599.9435,3
569.8215,514.0897,3
692.2684,514.5246,3
654.6887,509.0062,3
689.0442,539.6723,3
689.2484,619.0383,3
587.1787,630.6114,3
675.4178,604.8643,3
650.9886,526.8294,3
680.9791,620.9327,3
579.2055,560.8148,3
696.2761,518.4763,3
678.9924,563.5618,3
601.3455,503.6567,3
587.658,559.0943,3
580.0202,586.8992,3
694.0459,610.781,3
678.4485,505.7593,3
583.9563,530.2957,3
691.1548,628.0923,3
589.2123,610.1542,3
566.1494,555.9269,3
646.8349,521.3565,3
672.7399,572.5319,3
685.7783,570.6728,3
575.7588,570.3125,3
671.9634,585.9832,3
693.3663,578.8914,3
567.129,550.053,3
589.9549,628.2364,3
577.4252,530.976,3
569.0619,567.3239,3
678.2703,581.1334,3
643.5405,510.8962,3
609.3602,524.4596,3
611.9758,514.1764,3
604.5524,523.839,3
661.4107,508.2637,3
596.6998,510.2151,3
680.7889,556.5091,3
579.4217,544.4255,3
673.8795,610.8452,3
576.0381,632.1126,3
686.3982,622.4785,3
678.074,511.7368,3
694.7326,553.2026,3
574.2972,577.308,3
638.3763,520.5774,3
630.8652,515.2874,3
584.1306,528.9651,3
590.7156,563.195,3
566.3063,629.0446,3
697.8826,546.0694,3
591.9215,557.1357,3
688.6678,634.4142,3
691.6732,515.4547,3
681.899,627.7289,3
683.3495,600.7502,3
573.6841,577.2505,3
588.6898,626.8235,3
671.7264,507.5112,3
573.1919,620.0546,3
586.4638,630.4738,3
590.6135,619.5907,3
689.1797,610.4541,3
581.0574,531.3206,3
593.2638,515.7343,3
656.0577,528.5718,3
579.7063,630.3896,3
672.0483,602.9442,3
567.0604,528.7558,3
692.2515,560.1784,3
676.3564,572.3894,3
588.9862,549.5764,3
673.6164,610.5711,3
570.3478,605.4409,3
623.0368,510.2593,3
583.0962,539.7608,3
694.6281,525.2508,3
682.0479,536.0661,3
682.882,634.444,3
580.7702,518.8136,3
574.6196,514.5433,3
622.7767,514.773,3
626.9851,503.7374,3
689.6404,515.1079,3
571.1034,562.8695,3
695.0888,539.6326,3
580.6778,618.5481,3
578.3072,531.0821,3
572.7573,508.4157,3
574.8526,550.6342,3
653.2344,504.0548,3
654.9139,510.7017,3
665.133,529.0437,3
567.858,565.731,3
575.1858,617.974,3
567.3641,505.5362,3
573.1499,555.6072,3
692.5901,633.7453,3
677.6714,628.2278,3
574.584,613.89,3
580.6297,627.2496,3
644.9853,504.6038,3
607.8583,519.1108,3
677.2602,611.2986,3
569.3375,505.3421,3
580.4927,607.068,3
679.6125,578.1166,3
602.5281,524.1797,3
691.5804,602.7255,3
692.2623,570.099,3
572.5098,618.1268,3
583.5566,608.4739,3
688.2355,538.7348,3
694.7049,539.7723,3
677.0859,576.5657,3
566.3619,605.5744,3
687.4682,574.5104,3
677.4418,529.2648,3
694.0295,549.0234,3
678.0519,519.2689,3
663.3506,515.3049,3
588.4972,558.8604,3
589.0301,537.2149,3
581.0584,552.6596,3
590.8144,555.2578,3
675.4809,545.4918,3
688.1116,573.6824,3
655.4695,514.8548,3
640.9179,503.807,3
682.3081,556.701,3
696.0277,559.2319,3
571.9496,516.4729,3
683.2025,568.2899,3
597.3176,507.6305,3
694.4531,593.474,3
696.0744,574.8662,3
694.4645,631.4875,3
641.2323,506.0148,3
614.241,512.487,3
692.8002,564.1494,3
576.8832,548.4379,3
570.0946,546.2626,3
691.3138,507.2422,3
686.6921,601.02,3
697.7471,612.439,3
650.8096,515.1451,3
672.6163,507.5755,3
666.6336,514.4948,3
696.8515,595.9055,3
587.6109,581.4267,3
630.7869,509.6162,3
575.2608,515.4632,3
615.5512,508.62,3
659.4924,505.0421,3
691.1248,536.7107,3
577.0308,583.4062,3
688.8505,632.8997,3
687.1879,506.1698,3
569.3733,611.2939,3
566.1746,589.9325,3
680.9671,627.4334,3
602.1109,510.7808,3
575.5933,585.3415,3
687.5976,567.7893,3
676.3156,629.3672,3
608.3783,508.839,3
618.9541,522.5918,3
593.5217,511.9529,3
579.4068,534.4563,3
584.6589,556.8121,3
693.1996,614.0708,3
681.6203,623.1343,3
685.0366,573.4181,3
581.9083,506.561,3
589.8496,541.4482,3
667.1024,520.651,3
596.4131,512.0916,3
621.7607,515.8625,3
572.0733,624.862,3
572.2297,603.0727,3
693.7434,611.1524,3
567.2191,606.4708,3
601.139,505.7644,3
566.7383,616.8701,3
685.563,616.3861,3
589.022,577.4368,3
606.9638,514.6644,3
694.3517,520.9413,3
619.7381,519.1513,3
676.4005,540.303,3
676.4992,576.989,3
609.1966,508.4513,3
602.4126,508.8951,3
567.2175,616.2337,3
586.4923,550.5343,3
576.7855,627.7832,3
587.4182,554.4336,3
679.861,570.5933,3
672.4161,587.7912,3
566.1655,533.4034,3
626.4314,514.0683,3
694.3653,570.4311,3
591.0053,613.1628,3
619.7131,516.1284,3
686.6058,606.972,3
691.421,507.6802,3
695.4338,505.49,3
682.5966,515.4919,3
681.2109,594.0832,3
684.496,510.8726,3
572.5534,546.1433,3
678.0315,567.122,3
576.8213,517.8118,3
572.455,556.2509,3
687.7933,562.8492,3
687.5281,576.2967,3
592.3581,505.9409,3
587.2266,534.0442,3
618.403,510.1163,3
569.4792,509.7542,3
626.6513,524.6005,3
680.3406,539.7158,3
631.0563,511.7141,3
572.0467,523.6689,3
658.7099,527.1146,3
589.0072,532.4046,3
657.8328,524.648,3
682.7569,504.0703,3
573.8048,628.4762,3
681.4392,560.3739,3
656.6729,515.9763,3
577.6539,617.9011,3
608.7082,521.9621,3
683.198,622.665,3
589.2939,526.4987,3
582.4269,565.0586,3
576.316,580.5293,3
689.3987,578.8934,3
696.0908,569.6724,3
575.0731,522.2066,3
642.3387,520.4002,3
566.1849,571.3985,3
696.7567,551.9982,3
585.0526,527.1991,3
671.3219,526.5333,3
615.5003,508.024,3
580.5485,597.6266,3
604.18,516.9234,3
680.1136,557.2637,3
671.6545,582.2282,3
689.7023,593.3576,3
580.2517,542.6801,3
620.8554,516.0875,3
576.5023,610.4106,3
576.7023,633.8133,3
575.8947,629.9092,3
566.136,600.8658,3
580.2623,503.428,3
680.0002,565.3331,3
665.9912,503.5761,3
675.0791,624.9662,3
697.7682,547.0737,3
677.5212,593.3809,3
573.2503,516.6323,3
580.1197,542.2953,3
672.3708,571.9792,3
578.6291,584.7379,3
676.5709,614.4629,3
681.4694,595.0398,3
684.7167,590.5117,3
672.5119,602.1394,3
635.8253,518.5655,3
682.4603,610.2536,3
660.0237,510.0788,3
571.6704,596.3014,3
570.8258,514.3122,3
577.0175,630.7577,3
692.2722,531.1036,3
681.8708,553.068,3
695.1065,614.3484,3
601.0593,516.8277,3
688.6978,541.4153,3
584.0381,581.1952,3
579.2311,585.4784,3
615.5297,515.5276,3
574.5678,627.0857,3
672.6254,559.3571,3
577.4186,567.9109,3
641.6329,504.0719,3
628.6708,514.1332,3
608.8128,523.8061,3
653.4827,513.4721,3
694.6555,580.0604,3
566.325,626.2617,3
678.9167,545.2353,3
681.3635,608.4671,3
674.4387,607.95,3
686.6425,594.7467,3
658.5241,509.5117,3
648.817,514.0755,3
690.7505,569.8359,3
586.6566,619.0684,3
592.0075,549.7228,3
586.5783,571.2166,3
569.4264,611.8557,3
672.6694,593.68,3
687.3696,608.9538,3
671.623,536.2818,3
629.4458,508.8511,3
588.3709,607.8618,3
681.7561,629.8555,3
660.7071,529.3404,3
575.0163,560.2426,3
672.9421,618.6107,3
685.4979,548.5816,3
580.0,545.3987,3
570.8024,599.8011,3
614.4486,504.8753,3
572.962,506.5774,3
689.0537,576.6012,3
593.6802,519.724,3
586.9705,559.5402,3
675.542,576.3151,3
569.2715,588.5632,3
692.3173,525.2976,3
640.3195,508.5479,3
613.8537,514.6448,3
632.5139,522.1793,3
574.5441,533.8599,3
672.829,527.9776,3
587.3294,626.0695,3
587.3268,630.3333,3
583.1493,603.2999,3
579.4429,616.6975,3
667.1608,507.8086,3
664.0009,520.3008,3
570.9767,518.393,3
571.3071,625.7699,3
613.9283,509.7528,3
580.0293,523.3238,3
579.6185,594.1649,3
599.7411,528.8001,3
578.6685,512.198,3
693.1916,506.5476,3
578.0544,634.7114,3
634.7521,511.2549,3
605.2434,506.6411,3
582.8456,549.8282,3
577.4841,522.7578,3
569.4751,601.5777,3
671.9842,514.7969,3
632.9309,509.4367,3
567.819,611.0558,3
664.1444,509.5975,3
695.7029,522.753,3
671.9778,542.1141,3
569.7412,588.0379,3
681.4386,571.9112,3
574.63,549.2198,3
580.0999,568.7149,3
681.5003,608.0411,3
571.0503,583.1748,3
566.8119,595.6657,3
675.4284,601.0174,3
643.1181,520.1362,3
683.7248,611.098,3
636.4588,506.5851,3
592.0113,545.5938,3
681.9071,523.3658,3
571.5059,600.6115,3
593.7928,517.3791,3
573.5015,540.4961,3
573.6836,547.7109,3
579.2522,524.6416,3
625.3798,527.8889,3
682.1522,543.8731,3
676.1672,509.7127,3
627.9418,517.3062,3
608.4807,517.917,3
692.7271,597.8977,3
578.1545,596.4275,3
693.0968,580.547,3
677.0994,532.4013,3
672.8591,534.4277,3
660.3684,525.3829,3
678.8725,624.1611,3
584.9398,622.4032,3
575.5122,604.008,3
683.4141,597.6292,3
581.5231,602.285,3
680.2497,553.9912,3
680.9982,607.8678,3
673.8347,556.9012,3
592.9918,524.2647,3
571.1281,546.5958,3
677.3927,624.6285,3
687.8531,569.0375,3
697.6479,532.9943,3
593.6801,516.67,3
675.7605,619.058,3
604.6256,517.2752,3
692.6341,520.7654,3
583.0165,535.3369,3
584.9545,536.3689,3
678.7822,525.6062,3
581.9056,565.5932,3
567.3309,589.3955,3
673.712,617.5731,3
671.7675,541.4832,3
586.2158,543.8985,3
573.8556,525.8875,3
674.5867,589.3962,3
677.3537,550.5264,3
691.1662,587.5285,3
619.7419,509.1023,3
639.6105,520.0582,3
634.0682,518.4677,3
604.0373,509.3007,3
685.6981,538.6159,3
584.6764,613.4998,3
586.3928,529.5723,3
676.7205,515.4261,3
665.3831,519.4868,3
692.7002,509.072,3
601.7076,518.7475,3
572.8793,604.8387,3
628.0411,517.9908,3
612.7936,525.0685,3
693.5839,549.709,3
607.0234,510.3534,3
579.8549,585.1369,3
687.7286,604.0188,3
673.1593,612.6444,3
675.2949,576.5463,3
679.835,613.7617,3
676.1557,530.5481,3
