2,SI,5000
246.9953,545.7828,0
233.297,655.7065,0
228.8555,663.2793,0
204.4493,660.0764,0
244.2622,555.38,0
238.2825,603.9216,0
215.6546,570.6835,0
240.9279,681.9333,0
231.1698,562.203,0
233.4532,638.6547,0
212.9162,683.953,0
229.666,650.1297,0
248.5223,612.4063,0
242.1848,610.719,0
203.643,597.8244,0
229.5074,689.5569,0
249.3936,670.677,0
224.365,586.8833,0
235.3691,685.109,0
230.6514,698.6567,0
237.8129,644.0347,0
247.8365,628.0817,0
246.2871,563.7458,0
221.8183,619.2613,0
219.4008,655.3918,0
218.7533,675.2468,0
202.667,666.5409,0
227.7173,600.0007,0
235.4705,624.2068,0
249.0824,565.7523,0
231.8436,653.8088,0
238.8865,544.247,0
222.6934,550.0004,0
220.1867,678.2782,0
243.6005,544.0597,0
249.1105,552.4337,0
214.3982,597.6549,0
205.0226,650.2789,0
228.1909,565.5079,0
202.8624,601.4292,0
236.4974,663.4492,0
239.2142,673.793,0
204.3272,642.6536,0
209.8634,619.663,0
222.6223,605.7527,0
202.6315,634.2649,0
221.7662,550.9815,0
204.0613,613.4373,0
211.0153,694.2176,0
233.9762,559.8787,0
223.2123,687.9512,0
219.6374,540.09,0
202.8371,634.2014,0
214.384,669.9956,0
220.2527,545.9399,0
223.1477,667.7078,0
211.4549,631.2898,0
207.8529,644.4945,0
208.019,620.2785,0
230.8607,670.8844,0
241.9654,663.6873,0
244.5947,617.706,0
207.5506,541.066,0
230.4907,592.7798,0
217.9901,577.7977,0
236.3826,592.4939,0
219.8745,642.7082,0
209.2494,584.5908,0
244.9611,604.7866,0
213.4237,664.2395,0
203.3503,675.5476,0
236.89,619.108,0
215.1488,690.4997,0
211.6655,611.7964,0
246.1045,606.9977,0
246.2849,638.9606,0
216.9897,659.7691,0
233.2992,554.3096,0
223.8931,590.0353,0
220.9815,654.5815,0
225.1373,662.1558,0
221.6239,696.8023,0
223.9237,580.5772,0
236.3228,595.7188,0
202.5785,562.3821,0
245.2449,548.5475,0
242.1551,651.8496,0
208.5745,653.8159,0
207.7726,603.4005,0
231.8504,653.121,0
249.5947,589.9583,0
242.5033,582.2483,0
202.9768,683.5231,0
229.8768,697.8375,0
212.4793,702.3492,0
247.7878,670.9498,0
225.2069,656.7422,0
216.4403,608.9286,0
222.6232,666.3539,0
216.5845,693.722,0
221.8741,568.2979,0
229.3711,556.811,0
205.1744,564.8121,0
212.8532,584.2313,0
244.7888,571.7197,0
228.3727,588.6944,0
242.461,546.0443,0
210.371,572.1416,0
232.5606,673.2621,0
215.8043,548.1392,0
203.9254,544.4705,0
215.3498,671.26,0
237.1501,560.982,0
243.0929,598.6324,0
202.6992,562.6914,0
228.1191,600.2156,0
207.7119,634.2405,0
243.6936,543.2926,0
231.1418,633.0322,0
248.2994,584.2095,0
227.1627,684.8798,0
216.2134,634.4059,0
217.7921,582.5706,0
230.0949,703.926,0
202.912,586.9391,0
203.8979,580.3519,0
221.5044,656.9678,0
218.396,583.4435,0
212.5413,557.1726,0
232.7221,562.6225,0
223.1599,686.5681,0
233.4577,612.1751,0
208.5334,591.4081,0
233.7294,580.0799,0
249.4169,674.532,0
249.8135,703.2956,0
220.7937,598.5608,0
234.8099,697.171,0
244.7954,639.5449,0
237.0614,569.8577,0
207.7852,660.5688,0
239.4917,622.9796,0
235.0282,654.0834,0
213.2576,545.2428,0
249.1684,556.3505,0
218.2755,540.7632,0
225.2975,592.1064,0
212.0403,564.3441,0
241.0588,544.8962,0
209.0868,627.7128,0
216.129,546.846,0
221.5745,658.3089,0
224.3742,697.7601,0
228.4797,557.1712,0
239.343,658.2347,0
231.068,641.3938,0
247.8322,633.1945,0
211.7622,652.0156,0
209.7642,541.1671,0
207.4875,626.4011,0
228.8554,652.9924,0
244.6303,661.1075,0
217.5213,603.5458,0
204.7775,538.3293,0
229.4343,691.7668,0
241.7676,593.0486,0
217.3687,633.1389,0
205.6088,563.0383,0
249.3308,546.3246,0
205.538,580.6797,0
238.7149,552.6465,0
221.1503,638.1498,0
208.6875,663.3394,0
227.2208,611.8691,0
232.1866,640.5584,0
237.5772,558.0003,0
230.9901,577.0612,0
247.9538,693.1177,0
226.6521,702.7299,0
230.3386,556.798,0
246.3436,667.8092,0
206.9659,542.6098,0
219.5808,587.8222,0
222.5363,623.3571,0
244.616,546.1897,0
240.8567,573.9546,0
216.1129,596.7229,0
215.0014,615.544,0
237.0129,670.0684,0
209.3356,555.5603,0
217.4256,608.7328,0
203.2091,635.9522,0
246.1364,591.6159,0
231.9612,672.6769,0
212.9368,626.8685,0
242.2408,659.3298,0
216.346,668.2071,0
211.9618,601.0436,0
210.0097,700.9618,0
225.7851,672.3257,0
212.697,599.4816,0
229.4621,616.713,0
249.7131,605.9057,0
230.2281,619.0772,0
245.3436,641.8004,0
219.7489,572.0868,0
232.1605,615.864,0
240.9197,599.6762,0
205.6388,617.8442,0
242.6767,582.1062,0
202.7369,644.5637,0
248.6033,700.343,0
204.5228,636.9398,0
235.2284,575.109,0
224.795,634.1481,0
219.2993,557.5239,0
214.8238,642.8386,0
227.1728,610.0924,0
217.5827,657.377,0
209.4952,631.3213,0
204.2542,559.4576,0
245.8917,544.0804,0
217.8615,553.8344,0
241.4382,651.7947,0
244.8039,682.0978,0
227.2768,663.0157,0
242.9739,698.0117,0
222.8861,661.5934,0
221.5519,625.9242,0
220.3066,629.6269,0
243.7497,568.2283,0
207.9619,550.9271,0
214.3417,650.8223,0
233.3291,613.3032,0
237.592,643.227,0
235.5796,588.8761,0
203.0901,655.1028,0
212.1354,547.495,0
230.4056,670.8636,0
211.3442,640.7874,0
217.5886,660.6294,0
245.2019,655.8239,0
240.8903,580.2826,0
248.1324,660.4574,0
243.3535,581.0132,0
232.0636,579.6966,0
229.1923,613.2332,0
206.2502,683.9408,0
202.8371,585.2838,0
213.333,702.3594,0
232.4452,540.8504,0
219.4042,649.6722,0
240.8185,562.9263,0
217.919,704.0105,0
247.6256,668.3548,0
202.2471,586.8282,0
237.976,569.0221,0
216.2031,673.0157,0
246.2136,625.2349,0
225.1024,618.9528,0
236.8399,647.3204,0
233.1246,611.2898,0
235.7657,577.0852,0
236.8907,623.1888,0
214.2797,649.1708,0
237.5399,703.127,0
232.9204,558.189,0
213.7087,604.4525,0
249.5189,671.8688,0
240.7631,633.3058,0
221.9544,699.2276,0
215.257,596.9873,0
248.6155,573.4099,0
203.5493,624.3379,0
247.1817,644.3989,0
224.7851,655.3824,0
246.9572,564.5891,0
212.4709,591.2132,0
215.171,663.7398,0
216.7618,646.0142,0
217.5616,694.2919,0
230.0681,581.9065,0
227.7766,555.8965,0
235.5726,611.1191,0
226.8177,680.5849,0
239.1396,561.5703,0
226.8964,542.8281,0
202.7215,696.0522,0
204.4683,635.2294,0
231.7946,558.3408,0
242.2932,537.025,0
213.4162,538.5396,0
229.9177,543.2247,0
248.4399,568.9888,0
234.3762,544.2013,0
232.8789,547.3163,0
236.5306,610.6176,0
211.0064,609.0937,0
202.0363,541.7296,0
225.6768,559.8494,0
217.6478,621.9549,0
221.3495,689.2791,0
212.9192,542.1213,0
217.8157,698.5486,0
217.7396,617.6339,0
218.3007,622.9005,0
204.6097,585.1262,0
236.3822,588.33,0
231.6528,683.6113,0
204.0698,545.4802,0
213.1272,565.4055,0
242.8518,561.3608,0
228.1821,621.3323,0
226.1541,695.0274,0
219.7314,598.5389,0
209.3643,591.3364,0
234.1892,611.9563,0
236.6168,558.5147,0
203.1193,653.8279,0
233.2291,693.2292,0
209.8236,585.4113,0
207.488,700.7265,0
247.802,537.0429,0
219.2566,597.7051,0
240.2833,654.8821,0
222.9682,676.2567,0
210.3396,596.3194,0
247.3747,687.0351,0
235.9913,603.8896,0
227.1616,700.5897,0
214.5575,674.028,0
202.3638,596.0374,0
210.8452,667.5371,0
248.9331,558.3109,0
244.2822,634.0284,0
245.9243,545.5187,0
241.0724,568.897,0
214.1911,593.697,0
216.2305,687.6729,0
237.0942,582.4422,0
209.9951,584.7059,0
242.8352,673.4332,0
225.509,687.4059,0
227.0395,614.3786,0
227.0145,581.0364,0
219.7294,652.584,0
241.7168,642.6511,0
230.6792,607.0887,0
231.1041,624.7093,0
229.3027,703.9395,0
204.3118,555.4486,0
237.92,679.4987,0
232.0748,645.5647,0
225.1046,598.6313,0
208.848,610.0235,0
246.7075,683.6078,0
214.9599,637.9843,0
249.4107,692.3347,0
205.1404,663.2547,0
222.9972,673.3476,0
230.1987,703.1742,0
241.4974,680.1627,0
240.4911,595.5586,0
228.6676,560.4851,0
216.2325,540.6882,0
234.5436,665.4145,0
245.3702,574.0317,0
204.1155,683.1509,0
213.9164,672.5636,0
216.7761,608.4314,0
216.7176,604.1293,0
249.1598,695.4779,0
243.1771,679.8337,0
207.9311,594.1323,0
240.0094,570.0622,0
243.3212,638.3215,0
248.3228,588.0438,0
206.7908,599.7066,0
240.8528,662.9978,0
228.775,689.8635,0
244.1247,630.4333,0
240.5692,551.2633,0
236.9744,651.5342,0
231.4662,640.3554,0
220.5608,611.8456,0
244.5585,571.6238,0
226.273,663.5527,0
224.9006,550.8803,0
202.8215,610.0231,0
221.5024,548.2497,0
209.8939,616.5623,0
228.9831,602.8023,0
235.8055,586.5481,0
218.3227,571.3751,0
223.2579,703.8994,0
218.0189,625.398,0
222.5131,694.7881,0
225.5943,645.689,0
223.765,583.6914,0
226.9632,550.1495,0
211.2974,598.7598,0
217.539,626.3593,0
211.5553,678.2917,0
238.0242,596.5898,0
214.3057,626.7209,0
246.5863,676.4623,0
204.887,695.5616,0
225.2664,630.5259,0
237.5855,561.9417,0
224.9615,685.8404,0
238.3691,663.5351,0
214.3024,562.2659,0
237.167,541.4606,0
236.6053,617.9286,0
246.2071,616.6034,0
243.1566,678.9055,0
207.4221,566.4677,0
213.8374,558.0556,0
245.3257,588.3556,0
204.928,553.2335,0
223.1679,697.0375,0
211.2994,681.8875,0
203.8358,704.224,0
228.3989,574.8531,0
213.8507,645.0523,0
248.7672,616.878,0
203.9513,615.0344,0
238.4703,561.2197,0
228.3202,595.6443,0
219.5471,551.1597,0
221.5231,544.1875,0
242.3114,621.967,0
244.6592,588.0428,0
245.5986,627.3334,0
238.7928,650.2925,0
233.8016,601.459,0
241.5731,585.6897,0
203.9756,594.4594,0
244.4472,597.6657,0
218.5592,575.55,0
242.8819,588.6263,0
236.5023,612.2698,0
230.0899,673.5185,0
214.6222,656.9457,0
230.035,626.7144,0
223.6397,701.4563,0
204.7183,585.7337,0
229.1801,679.5537,0
248.3713,555.8075,0
203.0459,635.6762,0
227.7777,550.1382,0
219.623,604.0795,0
234.2786,674.3071,0
219.6834,649.6005,0
238.4024,642.4891,0
203.0808,693.9712,0
209.6974,665.5822,0
226.2522,611.4651,0
243.8308,673.154,0
225.1074,693.0208,0
229.9736,629.6427,0
204.9238,694.0333,0
217.0396,628.073,0
242.6519,557.1872,0
227.3763,615.7736,0
213.1239,618.1205,0
220.1082,683.8358,0
239.4968,633.0536,0
216.6161,636.3538,0
228.1507,598.7696,0
216.9628,555.7261,0
202.0285,632.6158,0
223.0598,553.0444,0
205.9525,698.8724,0
244.2665,680.9054,0
216.7934,546.643,0
210.3063,663.7519,0
247.5134,694.6932,0
229.314,662.8864,0
241.9671,636.8026,0
249.3493,668.5054,0
239.6143,584.1945,0
210.8644,651.4827,0
231.5303,588.5066,0
214.8391,607.0784,0
239.2964,585.8071,0
204.7186,684.6279,0
205.1135,540.0901,0
237.6919,612.2411,0
235.2082,703.5139,0
230.8315,587.9247,0
245.8931,562.0734,0
247.663,641.4023,0
242.2292,622.508,0
238.5631,537.603,0
230.7136,696.8116,0
213.5961,639.8808,0
239.4094,674.0317,0
210.9105,560.7272,0
230.4943,554.7628,0
204.6589,683.6069,0
211.3415,554.2754,0
207.8047,627.5891,0
229.9177,667.3542,0
219.7817,542.5081,0
208.9314,581.0969,0
235.0679,625.8033,0
241.1524,660.3112,0
244.3145,660.3997,0
220.622,540.7999,0
246.8204,611.2267,0
203.6818,600.9653,0
209.4497,578.8459,0
229.1201,652.4687,0
210.8884,612.8173,0
211.9787,546.6474,0
231.0268,611.4388,0
215.5952,598.3989,0
219.4706,644.662,0
249.3244,539.1426,0
215.7759,688.243,0
227.6687,672.5731,0
219.4726,570.5364,0
242.6604,561.9539,0
232.4751,567.1105,0
235.8837,689.0057,0
241.225,701.1076,0
242.318,637.7624,0
215.2334,593.0943,0
214.2255,575.5546,0
234.7867,541.441,0
230.411,681.3265,0
211.4096,659.3369,0
227.9027,557.5149,0
240.8216,596.7039,0
212.8816,586.7324,0
240.795,536.6321,0
235.349,558.5207,0
243.3486,675.9978,0
239.8788,648.2559,0
236.3568,640.8389,0
245.8954,633.2474,0
205.8402,681.4334,0
211.7015,688.0582,0
228.8455,581.4868,0
211.3016,680.3241,0
225.0769,579.5208,0
214.5884,620.456,0
221.7075,659.1954,0
244.5409,703.7938,0
240.4342,569.3934,0
232.0511,556.3794,0
232.8544,604.3071,0
225.3339,542.6667,0
215.6541,597.3139,0
245.0463,608.0159,0
248.4818,579.519,0
226.0181,600.2941,0
242.9597,676.7799,0
244.4988,574.3342,0
231.4379,665.9381,0
227.1454,572.0838,0
224.4336,687.3694,0
223.2415,624.5297,0
244.5607,697.8714,0
243.9295,655.06,0
244.8407,576.1387,0
225.8139,613.8745,0
210.4107,630.2796,0
217.3675,597.9378,0
224.426,671.3699,0
235.1793,564.6597,0
226.0615,563.8514,0
210.2469,537.2967,0
202.615,700.3182,0
243.9644,555.0498,0
207.1728,559.0868,0
223.1899,646.4659,0
246.7412,548.2233,0
207.1006,682.2807,0
216.5911,583.327,0
246.7876,657.9737,0
205.2107,671.0675,0
249.8553,635.9574,0
211.926,666.7092,0
228.7857,629.4121,0
212.6994,636.0337,0
226.992,702.9997,0
219.917,559.7963,0
239.4757,575.4001,0
235.7638,619.387,0
203.9721,572.8413,0
244.0002,545.5884,0
225.7867,681.8982,0
212.3415,625.7426,0
205.6178,665.5546,0
220.973,577.8589,0
244.1294,609.8601,0
217.9946,610.4311,0
234.1531,654.9429,0
248.2905,578.1378,0
206.638,674.2257,0
227.7756,638.1533,0
242.1202,659.2401,0
248.1388,558.6263,0
239.883,563.605,0
213.3418,566.185,0
203.4998,617.165,0
234.4329,553.582,0
215.3171,596.0001,0
242.5005,675.8543,0
225.2167,546.9228,0
210.7495,640.5192,0
245.4441,687.2959,0
220.9494,662.6119,0
219.1693,563.0866,0
221.8038,599.6346,0
224.7257,621.4336,0
211.231,630.8243,0
225.0876,615.8747,0
210.2801,634.789,0
220.7234,565.9559,0
245.3311,666.2853,0
210.4713,602.2926,0
222.7291,579.6647,0
240.3286,625.4539,0
210.3345,610.2665,0
231.3433,648.6164,0
239.9314,629.3317,0
207.0304,639.1914,0
232.1328,700.8845,0
228.1908,586.9377,0
207.9543,606.229,0
225.6472,559.1652,0
232.2795,672.6331,0
247.788,703.2412,0
242.7752,588.4491,0
237.2396,612.4411,0
239.6043,567.2395,0
223.8659,538.0828,0
234.6063,635.725,0
202.5988,648.7397,0
207.3114,558.5581,0
211.104,629.5572,0
232.0985,601.0295,0
239.954,667.5147,0
232.7532,571.807,0
218.1195,609.7942,0
218.9322,682.9197,0
246.2987,566.7554,0
204.0931,622.2375,0
202.349,632.7925,0
206.1791,651.3415,0
234.1431,569.9181,0
214.5203,624.4885,0
210.6022,651.1838,0
215.2858,629.843,0
235.8723,690.9934,0
246.883,624.2912,0
245.4871,643.1585,0
209.9152,676.0069,0
204.0928,640.5179,0
219.8796,679.8109,0
202.0687,621.4651,0
228.8845,552.8645,0
212.9494,576.9127,0
208.5936,622.8023,0
212.4183,591.2748,0
218.4976,615.9327,0
204.249,583.5848,0
216.9426,650.0519,0
216.5703,551.224,0
210.9089,580.2663,0
249.2018,700.4969,0
234.4482,550.9465,0
214.008,684.8844,0
229.6583,614.8599,0
218.8631,606.3693,0
246.1291,558.7455,0
226.6834,693.804,0
225.5648,670.1472,0
214.7952,602.2032,0
216.7122,569.9951,0
226.6494,617.7009,0
211.3019,594.2567,0
218.6639,588.6952,0
205.2571,646.6864,0
240.1773,675.0227,0
209.4364,595.6287,0
207.132,556.8949,0
243.7601,599.844,0
208.4484,619.563,0
204.9441,613.5085,0
205.5722,673.1554,0
246.1636,574.8403,0
202.5609,575.3127,0
238.314,547.5086,0
233.9214,631.0647,0
202.6613,597.0749,0
204.5148,581.4043,0
244.5587,629.3367,0
207.5083,557.1967,0
225.7761,654.8198,0
232.1071,630.6667,0
203.8563,640.6085,0
235.2548,586.5738,0
233.6199,592.6717,0
232.1008,568.0168,0
220.8456,702.6514,0
227.6913,640.9513,0
207.8189,599.3216,0
233.3821,599.9254,0
206.1798,539.8728,0
213.5974,674.3355,0
207.5228,636.2571,0
239.9683,538.9134,0
203.7187,546.5461,0
233.7961,700.9736,0
242.7906,677.3252,0
206.3242,703.4689,0
244.8476,579.8307,0
247.0941,538.7017,0
228.8382,583.766,0
234.3374,585.0776,0
209.329,628.4077,0
244.7302,558.1471,0
205.4341,601.1542,0
228.9607,665.1014,0
220.6162,608.3837,0
230.5204,539.4068,0
227.012,678.6971,0
233.0089,704.6925,0
219.4116,685.2068,0
215.2227,635.5311,0
222.6745,612.612,0
213.5443,628.4922,0
224.2697,617.4577,0
213.6645,655.5992,0
222.8052,635.5829,0
248.6858,698.1618,0
238.5915,674.4176,0
217.9825,667.0248,0
202.9033,668.6977,0
205.4645,670.627,0
230.3799,700.9219,0
244.4615,662.8953,0
241.1911,566.1638,0
223.0714,558.4213,0
249.9807,543.5867,0
233.4894,693.2903,0
218.6215,583.6404,0
211.0895,662.1061,0
213.8293,538.6626,0
245.9704,606.6415,0
205.0475,695.7642,0
217.1356,693.6006,0
249.0437,656.1431,0
230.7549,627.7654,0
234.2851,579.932,0
219.7965,688.991,0
211.0288,547.5905,0
234.1727,589.2916,0
248.2988,681.6367,0
204.4196,698.3764,0
204.9908,653.4596,0
238.1749,571.5209,0
217.4038,665.934,0
229.4488,570.9973,0
216.914,642.3625,0
219.0554,659.6115,0
239.7189,678.5615,0
203.0505,611.3631,0
214.2327,627.4009,0
247.8071,681.5273,0
211.4824,669.5995,0
228.6612,692.534,0
246.4103,609.7913,0
215.2317,556.1557,0
229.0183,567.0265,0
242.2316,567.7265,0
202.6558,549.4675,0
218.8914,695.079,0
239.8123,608.1248,0
235.8465,622.6213,0
215.6519,623.3495,0
245.7181,644.0905,0
215.5,621.9008,0
228.8819,633.9696,0
231.1468,547.3928,0
206.0779,640.0035,0
237.1062,632.6659,0
213.644,583.8336,0
235.8207,659.4314,0
229.8674,650.233,0
240.4067,653.0095,0
213.5431,649.1584,0
207.8202,636.0324,0
224.8134,673.6906,0
212.1362,700.3433,0
203.627,606.1638,0
229.0009,643.0005,0
232.288,546.5911,0
202.6972,655.0329,0
241.9526,671.1596,0
227.9923,664.2036,0
239.5325,701.6443,0
236.2315,573.455,0
244.9006,655.5041,0
222.7012,658.9251,0
230.3088,589.3321,0
240.061,616.1121,0
235.8397,622.002,0
220.696,664.8079,0
227.672,672.2146,0
239.009,636.9847,0
231.0112,695.8226,0
204.042,581.3564,0
206.2074,666.7894,0
224.0903,553.157,0
245.8273,702.0307,0
239.3147,577.1546,0
228.6027,624.8004,0
240.1395,668.651,0
232.572,699.7462,0
220.4119,650.0695,0
245.5546,582.8994,0
230.2113,547.7857,0
248.2314,560.3021,0
246.3477,591.3925,0
242.1332,609.1643,0
232.8168,665.0443,0
213.5639,694.024,0
211.0674,637.1854,0
243.3916,657.8272,0
204.8179,573.9027,0
212.8396,577.3486,0
231.6643,604.1385,0
235.1287,593.377,0
217.942,547.2461,0
244.8094,631.5791,0
226.5514,670.1455,0
204.3485,677.1223,0
222.4342,689.7143,0
234.8305,627.6592,0
237.0668,622.9057,0
204.6373,628.8979,0
213.855,642.2063,0
205.3876,665.7021,0
233.6591,564.3237,0
222.1295,655.7407,0
223.3416,697.3529,0
237.5487,656.722,0
221.988,597.603,0
234.3463,678.4867,0
249.5826,540.2569,0
207.502,663.0868,0
217.7211,587.0293,0
228.4038,597.23,0
226.2317,613.2546,0
213.6189,593.9503,0
240.7835,662.4038,0
214.4422,629.6016,0
202.4319,626.9739,0
224.243,599.5269,0
246.5277,581.6174,0
225.012,687.2002,0
230.3675,588.0589,0
229.6896,585.3165,0
222.4508,694.0938,0
241.3966,582.8785,0
215.0645,695.0163,0
247.7205,600.9115,0
208.4373,641.7312,0
208.1706,678.7844,0
210.6389,573.9254,0
225.3071,642.0306,0
202.862,620.9567,0
215.1122,591.6935,0
210.2215,595.704,0
204.8145,603.5673,0
205.3807,683.3052,0
229.0158,570.6741,0
238.0709,667.3241,0
241.4708,543.8299,0
230.5795,670.0926,0
237.3876,601.2199,0
223.3975,584.8791,0
228.8669,568.7901,0
243.6912,612.1957,0
225.814,620.0393,0
219.2487,541.0391,0
221.1753,648.8857,0
203.5429,684.2153,0
217.5923,645.6411,0
248.3564,694.5144,0
236.2125,690.6232,0
247.1722,605.768,0
204.2651,552.0027,0
248.1352,594.2359,0
239.4907,683.1455,0
224.8724,572.4339,0
240.8667,622.0646,0
235.2112,548.6979,0
232.6381,555.7598,0
204.0925,544.91,0
226.2102,630.6624,0
235.6658,699.6862,0
226.0186,658.5425,0
203.8504,585.3037,0
233.5243,664.3559,0
206.1231,565.747,0
222.2787,606.116,0
230.8997,675.3375,0
217.2155,642.4336,0
205.0385,550.43,0
218.912,597.1024,0
236.4986,687.8242,0
244.801,624.9414,0
232.5006,542.5293,0
203.57,647.4446,0
214.6584,649.8387,0
229.1883,553.5172,0
245.0006,686.4224,0
202.8166,540.3438,0
233.795,699.2221,0
215.5557,638.9849,0
216.8028,630.7878,0
239.9035,697.7453,0
225.2676,647.3436,0
241.5253,591.9191,0
237.885,678.8101,0
205.1556,568.9878,0
218.2625,663.1758,0
219.356,658.8354,0
241.7697,685.2787,0
225.3665,570.8511,0
208.5625,657.1337,0
231.0963,626.8501,0
218.8849,677.9632,0
240.4247,687.2437,0
249.7197,672.9865,0
211.7396,633.5501,0
206.3788,547.2014,0
211.3606,547.429,0
233.3927,606.6251,0
208.6337,584.9902,0
220.9009,671.7321,0
229.7927,545.7788,0
227.6644,593.2944,0
202.958,555.8984,0
203.6285,552.5254,0
233.0639,634.0652,0
227.2598,655.3402,0
244.8546,591.9573,0
232.2876,578.2154,0
237.612,687.2391,0
225.7677,702.814,0
247.0936,575.8826,0
205.3544,653.2211,0
205.823,632.0775,0
235.4957,698.2791,0
231.5235,637.5399,0
231.6543,636.6933,0
226.9114,586.6488,0
245.379,665.6744,0
229.0633,693.0709,0
220.4243,630.1599,0
243.2414,672.5038,0
202.8818,608.8387,0
220.203,556.5037,0
206.2853,635.5593,0
234.6606,644.3384,0
208.1511,661.4617,0
227.645,597.7596,0
234.7179,682.8482,0
213.4772,632.2806,0
203.5279,615.257,0
248.9683,618.2229,0
202.4158,624.2797,0
206.654,540.3606,0
212.337,642.7374,0
248.18,636.2937,0
208.5961,611.4373,0
208.8054,647.2629,0
205.2984,605.4793,0
233.1557,545.1205,0
234.1737,629.653,0
208.4933,692.9752,0
237.2235,617.509,0
204.725,648.3746,0
240.5484,616.8483,0
227.3293,577.8559,0
223.4342,562.0556,0
212.3078,576.2426,0
219.9768,638.9709,0
248.5989,684.9825,0
239.493,602.595,0
213.1928,622.8298,0
243.3839,698.0088,0
223.4472,627.5237,0
221.2427,541.3518,0
229.9304,578.2468,0
206.0388,596.022,0
203.5593,572.2159,0
211.7478,626.9072,0
232.4758,633.2254,0
244.036,686.6296,0
230.3676,672.4653,0
218.0126,639.8305,0
244.6575,689.1561,0
249.0287,537.3259,0
227.9798,557.421,0
218.4725,617.8983,0
229.4756,571.4443,0
219.5074,583.251,0
224.0656,689.1365,0
224.7091,666.8212,0
217.6582,644.0788,0
248.9403,573.7534,0
244.0214,560.0827,0
228.424,611.4793,0
232.3307,639.5026,0
214.7723,616.1854,0
233.8063,600.6402,0
202.8012,601.1625,0
239.0767,538.5379,0
216.5089,537.603,0
206.2989,620.2826,0
247.2779,598.9023,0
212.5471,556.3587,0
234.2362,671.2183,0
244.9892,629.6026,0
217.3249,579.7894,0
230.7128,694.2044,0
230.8784,603.3384,0
204.0299,656.0291,0
243.6127,682.9953,0
215.1896,684.8873,0
217.2169,684.684,0
215.1844,647.6658,0
220.6652,617.4267,0
249.8385,624.8797,0
249.6811,585.6076,0
245.2661,640.6397,0
221.1544,690.9266,0
238.1035,540.4084,0
221.4539,686.5417,0
248.7684,665.2611,0
222.3687,613.1234,0
214.1996,701.9621,0
249.5336,674.8296,0
210.7806,655.2159,0
247.9612,566.6827,0
211.5182,645.4787,0
220.4049,635.3365,0
227.2533,675.6377,0
229.6104,655.5197,0
221.9476,607.7465,0
204.7599,668.625,0
221.0577,564.4412,0
236.6118,571.5548,0
212.23,677.6829,0
215.3465,626.4773,0
220.0164,639.1649,0
207.0257,687.3527,0
215.4,631.2969,0
235.3827,663.3632,0
237.8095,683.5435,0
202.8552,579.6719,0
241.9985,633.9693,0
233.7827,642.958,0
215.8256,636.382,0
210.1164,691.9976,0
243.4857,560.6225,0
226.1133,691.0392,0
221.3655,609.6967,0
232.888,693.6999,0
222.9798,556.1422,0
245.0665,668.9556,0
231.5733,691.7404,0
241.9332,616.6784,0
219.5543,630.0411,0
207.2113,626.9793,0
219.7877,574.9713,0
227.0194,588.0068,0
229.495,671.3296,0
237.1013,590.3211,0
213.0595,691.5152,0
227.0864,580.0844,0
248.6838,550.8143,0
218.5553,621.5131,0
209.8549,634.1529,0
246.133,696.8252,0
236.589,645.9715,0
236.8968,602.8036,0
221.5662,603.6308,0
246.3976,552.5256,0
239.4204,563.6339,0
242.7333,627.3896,0
236.3408,643.2753,0
234.1633,652.177,0
224.5248,679.6383,0
248.5671,695.1964,0
211.4376,606.7121,0
205.9227,574.3308,0
208.7113,656.1337,0
249.2015,597.0595,0
220.568,625.7037,0
226.2784,641.872,0
240.3724,626.7588,0
228.1222,696.3094,0
239.8728,673.2059,0
216.7962,660.4708,0
243.7263,556.4261,0
226.0724,624.7405,0
211.7752,595.529,0
231.2435,561.6131,0
249.9443,643.2771,0
213.0233,665.2798,0
223.8731,672.1722,0
245.6158,597.699,0
225.878,546.017,0
247.8922,637.5841,0
211.0469,687.241,0
223.3406,597.4065,0
207.2767,596.9561,0
220.9894,568.8632,0
244.3701,676.2292,0
237.6218,576.0725,0
203.6547,543.2444,0
218.5772,694.5126,0
227.3066,689.5272,0
242.0589,697.0648,0
232.0467,571.6104,0
226.6636,569.6002,0
214.1627,658.1294,0
223.4083,540.7839,0
247.7628,642.5074,0
239.8327,621.486,0
202.2025,688.8729,0
211.1704,607.4309,0
215.4363,577.2971,0
218.9744,656.6438,0
246.2953,604.1307,0
248.9362,562.4037,0
218.4592,702.1236,0
209.0125,661.4018,0
205.9176,581.3727,0
219.8377,589.8644,0
207.9343,549.8336,0
210.1467,599.7636,0
221.8014,558.1262,0
218.3253,701.328,0
205.6162,634.2518,0
218.0616,573.4366,0
222.5052,542.3626,0
232.6388,544.9078,0
223.9393,603.8422,0
238.3543,546.1182,0
239.2414,690.8332,0
238.6126,612.6212,0
246.1101,702.5475,0
239.7947,619.6233,0
210.6505,689.2008,0
249.9593,691.2125,0
205.6749,643.7587,0
229.2401,675.8035,0
212.9747,595.5276,0
233.1491,683.3151,0
222.8664,627.7763,0
228.658,616.5854,0
206.0098,695.2704,0
231.8042,673.0281,0
203.018,697.4732,0
228.268,587.5151,0
242.7692,670.3459,0
247.9978,539.5504,0
215.5309,698.0112,0
219.666,537.6452,0
246.6319,536.0238,0
213.8749,658.8051,0
246.498,695.3221,0
238.5712,599.4482,0
219.0172,607.9579,0
245.1802,603.1328,0
234.5098,636.6385,0
221.2985,598.4551,0
242.5369,577.8335,0
233.2354,589.9699,0
227.9224,545.0828,0
204.8534,542.1239,0
219.7598,643.1755,0
236.7259,593.9954,0
248.4945,634.6671,0
209.6084,633.8933,0
204.3162,645.1033,0
236.5032,590.1547,0
234.7093,600.4287,0
247.3315,691.2566,0
208.9393,578.26,0
230.8621,635.0906,0
228.474,670.2387,0
207.6506,700.4511,0
215.0649,627.3939,0
243.7841,604.7957,0
242.2047,642.0447,0
216.7126,702.8471,0
239.3446,626.8182,0
207.1172,701.1711,0
238.884,638.1684,0
234.914,698.7019,0
202.3114,569.5442,0
235.2066,542.1022,0
231.2552,606.0265,0
227.4474,560.4342,0
208.4653,667.3805,0
227.3209,547.5059,0
225.6965,588.1733,0
224.8642,589.3425,0
219.4787,652.6923,0
245.8013,647.5888,0
224.076,670.8154,0
212.6897,621.5264,0
240.7515,699.217,0
228.4487,637.9932,0
207.4864,703.2033,0
229.8981,597.1848,0
235.8632,599.5683,0
222.5914,670.9892,0
228.4864,542.3383,0
211.0271,557.2786,0
212.3271,655.0258,0
204.3764,694.0058,0
222.2009,700.3091,0
207.7353,701.2105,0
204.3429,636.3976,0
222.4925,665.1909,0
209.7306,550.5024,0
218.3202,581.8485,0
247.7044,686.7997,0
248.3092,679.6642,0
219.3543,702.5166,0
216.5812,601.8201,0
220.6424,687.7924,0
205.92,654.9724,0
214.2808,679.0759,0
209.1979,573.2816,0
235.2893,631.1937,0
212.6942,642.3882,0
203.5202,572.1582,0
248.0621,570.308,0
208.3566,616.6927,0
237.5057,649.8049,0
203.702,601.562,0
242.2442,636.077,0
244.2327,551.6584,0
240.2861,544.3702,0
225.5387,650.1629,0
247.2272,601.8925,0
241.2718,644.224,0
239.123,652.8164,0
211.3852,553.8831,0
208.2022,624.1821,0
229.342,609.3222,0
211.3918,614.9909,0
216.5227,620.3848,0
240.2723,694.4072,0
203.7172,648.8083,0
244.9115,542.2106,0
248.6849,651.4261,0
246.2136,588.2538,0
233.7244,678.5308,0
233.0689,661.1896,0
212.8315,671.6986,0
245.559,704.5323,0
215.5646,626.5511,0
227.6117,566.9918,0
249.5675,581.1843,0
207.7526,635.5354,0
222.5803,588.8753,0
215.3017,669.0818,0
215.6719,550.9964,0
242.7082,568.6255,0
243.2887,560.4685,0
222.139,548.9348,0
223.3899,671.8919,0
218.227,537.5344,0
246.5938,603.6688,0
226.8903,567.0329,0
240.0899,598.7452,0
211.3889,672.5913,0
221.717,664.7509,0
240.8596,661.712,0
203.1216,613.7017,0
213.4618,562.5104,0
241.3886,637.4348,0
232.8156,697.4118,0
211.2293,539.7249,0
222.534,607.1896,0
242.057,652.0155,0
207.8808,579.6065,0
248.719,663.3485,0
243.3962,632.0369,0
243.2459,592.6629,0
247.7093,703.7741,0
233.6023,619.1371,0
213.6014,571.1689,0
223.5934,693.9636,0
209.3503,579.3297,0
235.4613,674.7122,0
249.4442,667.4596,0
216.1838,679.8391,0
211.7756,608.4441,0
228.0354,551.0391,0
228.0325,653.0385,0
213.2385,687.4554,0
202.2097,685.4809,0
247.5096,572.9715,0
224.4502,696.8952,0
218.7619,566.5989,0
226.2243,573.4568,0
223.7724,662.6774,0
221.3103,641.4329,0
212.8858,607.895,0
234.9553,672.7357,0
230.335,575.8923,0
235.4858,562.68,0
246.9353,544.7683,0
243.0158,575.2303,0
212.5554,593.3888,0
244.5838,638.9146,0
228.7411,650.2919,0
209.7023,575.4581,0
225.155,627.2055,0
233.5017,618.8765,0
243.4866,582.5111,0
204.8651,622.4308,0
237.3488,578.9068,0
218.4744,689.5364,0
239.5603,586.869,0
233.5504,634.6819,0
232.3553,574.0465,0
244.9766,653.5877,0
236.3244,595.191,0
225.9517,638.213,0
249.7208,669.3216,0
207.8456,687.2424,0
249.3239,566.5329,0
205.1455,552.1347,0
231.52,604.5943,0
213.9172,553.9712,0
243.5819,665.025,0
229.03,609.9504,0
243.902,600.2886,0
224.6905,607.9508,0
235.1989,662.3153,0
229.34,574.8918,0
226.502,612.4156,0
212.0018,668.9894,0
213.5342,613.8823,0
249.413,677.6847,0
222.2762,554.3155,0
234.3487,536.0923,0
235.3452,661.4394,0
209.822,584.609,0
215.7818,562.2079,0
205.2931,572.2306,0
240.5898,557.2153,0
238.0929,692.7062,0
246.5406,639.1021,0
237.6776,700.6512,0
234.6026,542.7654,0
236.5892,630.8321,0
246.6611,678.7378,0
228.8491,660.34,0
228.5393,641.0396,0
224.1978,694.4747,0
210.9021,637.0218,0
238.9199,635.4088,0
235.2497,679.9446,0
222.6341,613.5638,0
244.1604,653.0058,0
229.5186,573.0172,0
217.7464,676.6958,0
226.7282,666.9736,0
214.6427,570.4564,0
242.7625,589.89,0
226.2164,549.9108,0
248.7467,587.1745,0
227.7197,670.9198,0
229.4892,593.1474,0
227.3912,656.9272,0
236.6181,694.8264,0
231.659,618.7313,0
212.1926,579.3564,0
242.5684,558.7002,0
207.8657,633.1136,0
205.7773,608.2638,0
216.13,702.1986,0
241.4041,537.3579,0
221.1745,540.7037,0
236.7707,548.2616,0
246.1638,569.6289,0
216.7997,689.8647,0
212.1617,550.3717,0
239.6188,674.8165,0
203.5502,673.2574,0
219.5524,602.0983,0
241.5056,701.8853,0
205.1234,673.9574,0
204.5277,593.7487,0
243.7778,588.6597,0
237.6441,628.4664,0
235.8849,594.2989,0
202.4896,684.2572,0
220.8463,576.3747,0
217.0551,575.3173,0
215.255,614.0855,0
219.5206,604.6196,0
239.9203,558.7262,0
207.0907,631.5003,0
215.7976,595.6598,0
202.9145,548.3236,0
223.5907,632.1159,0
225.6196,667.3246,0
227.1353,617.364,0
228.2308,610.0918,0
209.3162,575.9812,0
235.612,547.7054,0
224.963,669.357,0
202.9826,693.8975,0
242.1136,628.4843,0
229.822,662.3599,0
230.8744,603.2371,0
242.7587,680.5292,0
202.3143,594.84,0
212.5479,638.7986,0
216.4993,540.6045,0
231.1985,643.0977,0
221.3335,551.3609,0
244.7547,586.0629,0
209.9053,606.4863,0
232.7031,636.3562,0
240.5801,559.1832,0
228.8082,657.2301,0
244.7803,590.8089,0
237.3988,655.1923,0
248.5604,563.6771,0
213.5393,628.543,0
214.9942,594.2235,0
231.9619,601.8748,0
222.0079,604.7184,0
210.7963,658.7878,0
234.7054,591.2889,0
231.3259,615.3064,0
226.3675,653.7088,0
230.9583,575.2548,0
248.4398,691.7118,0
210.6097,686.8657,0
220.6525,630.9965,0
209.9569,677.7108,0
242.4986,610.5387,0
242.8143,598.3758,0
221.1827,552.7539,0
213.5978,642.6096,0
204.1448,589.4539,0
205.1937,658.9196,0
206.4437,686.7494,0
209.6136,545.3514,0
237.5187,687.0323,0
202.3911,580.3423,0
219.0818,633.9685,0
213.5628,657.6274,0
230.3347,544.022,0
231.8604,556.6415,0
226.3503,626.77,0
203.0943,590.0356,0
233.8799,602.6368,0
248.1206,638.6996,0
246.9782,614.7206,0
241.7196,648.8907,0
208.6613,621.5962,0
211.3281,598.2605,0
203.4135,589.2383,0
224.0119,604.9235,0
227.03,697.4046,0
222.7171,652.0025,0
232.7442,603.2701,0
234.8438,666.1822,0
214.1142,541.6424,0
211.6805,563.7386,0
210.1307,572.4241,0
240.4762,652.4768,0
238.7757,597.8134,0
248.3107,585.1511,0
239.2462,555.2114,0
224.9765,552.4195,0
226.768,628.6555,0
231.325,642.7555,0
208.3167,536.959,0
247.7798,684.3908,0
240.4119,549.0283,0
234.8552,618.7002,0
220.6711,612.7634,0
216.1554,577.9545,0
216.3234,623.1329,0
219.87,673.9574,0
226.4054,681.5314,0
239.4071,598.5213,0
208.6756,654.4761,0
215.0538,701.1986,0
237.7128,586.8735,0
221.6964,604.3368,0
228.9893,675.7515,0
227.2791,553.9494,0
219.7273,657.1323,0
236.3565,615.5289,0
248.9801,552.9789,0
249.1681,645.2893,0
214.0408,636.2336,0
239.4184,557.0255,0
229.1337,635.9849,0
234.9177,668.4462,0
234.7117,665.4869,0
245.902,602.6239,0
207.9666,539.2134,0
223.0173,561.7071,0
204.9635,601.4049,0
246.6249,646.0911,0
220.3012,591.7227,0
222.491,555.5337,0
212.8907,608.2407,0
209.6383,601.2864,0
242.9988,631.8318,0
240.2975,625.0627,0
227.6102,621.5248,0
205.2518,571.137,0
222.376,608.1037,0
207.6378,606.866,0
206.8287,575.6445,0
203.1002,680.3867,0
229.6168,546.7966,0
240.5931,595.3981,0
204.4693,548.6401,0
208.1229,556.0366,0
208.8914,582.2788,0
210.6571,605.4533,0
214.9278,547.518,0
242.5272,609.9973,0
220.3305,702.3822,0
230.5426,558.6022,0
239.2947,600.9354,0
206.2492,563.5537,0
220.1611,657.0468,0
206.6776,597.5516,0
213.7271,664.2021,0
226.6949,690.794,0
202.775,574.7986,0
229.321,558.4598,0
237.5897,550.9281,0
226.8852,685.4343,0
209.1752,544.8444,0
211.8713,693.7114,0
209.7389,571.9865,0
239.8043,641.0525,0
221.7176,667.1445,0
245.4089,606.3589,0
228.6299,557.202,0
221.7702,680.6882,0
216.7033,547.3686,0
247.0626,541.9053,0
243.6168,650.7543,0
235.8136,681.866,0
242.4993,689.2164,0
232.9615,689.697,0
247.0983,546.7978,0
248.641,574.8756,0
242.8838,631.9947,0
211.6374,557.0198,0
205.9579,602.2336,0
246.7177,675.3945,0
222.1553,634.0008,0
238.3647,649.4581,0
204.3009,659.3964,0
226.8511,654.0786,0
227.0878,638.597,0
207.409,666.6839,0
203.7779,542.3807,0
221.9284,591.7701,0
213.0365,675.812,0
207.9484,610.0008,0
248.3947,601.3226,0
249.2774,700.1483,0
236.0369,660.6349,0
222.2218,627.9658,0
214.1671,638.5153,0
232.5641,612.2343,0
248.5404,581.3192,0
204.4714,610.9143,0
228.8294,563.135,0
212.1212,546.716,0
211.0448,625.5277,0
240.3438,564.9844,0
224.2169,623.7099,0
218.9012,571.2765,0
224.8533,553.3644,0
243.9147,600.1726,0
217.4572,546.9429,0
224.0429,681.2368,0
213.2097,550.4422,0
234.4598,689.8491,0
211.1346,696.0726,0
222.5615,664.6437,0
204.2006,676.0392,0
225.2136,632.9815,0
236.4477,690.3834,0
210.8805,595.0305,0
207.6552,613.8607,0
212.2068,557.6941,0
203.7865,615.8313,0
239.1012,556.5367,0
217.8151,564.3097,0
207.3911,558.1447,0
225.9425,570.2978,0
232.9439,587.426,0
249.8184,699.402,0
227.6363,701.6055,0
241.5372,599.1472,0
212.9083,648.8168,0
235.8088,607.6805,0
237.9278,653.4215,0
229.3304,639.3529,0
202.7338,689.626,0
207.8254,595.4825,0
209.7467,554.0352,0
210.9044,691.2382,0
211.8733,538.8236,0
215.5769,538.4954,0
209.0309,591.9489,0
239.0965,680.1829,0
224.8296,699.9663,0
249.8999,593.7181,0
212.7987,539.0292,0
222.3151,574.5073,0
226.5698,687.5115,0
221.2826,613.5704,0
235.2414,663.4243,0
210.6895,550.3185,0
215.5065,605.4889,0
214.652,548.0723,0
222.0077,609.0017,0
229.3054,638.1619,0
227.4366,583.5944,0
216.4814,643.7833,0
234.3176,593.2359,0
241.1812,602.3771,0
206.5865,691.3181,0
227.5229,590.5556,0
230.798,668.125,0
235.5479,569.2497,0
206.5957,626.5963,0
242.4384,637.8158,0
204.1146,594.0014,0
239.9239,646.6497,0
205.5876,626.8468,0
208.8052,663.2743,0
324.8971,183.9492,1
358.3099,209.1386,1
351.7954,230.0009,1
322.9575,246.3354,1
354.9068,200.4431,1
327.641,178.2217,1
334.1,284.4651,1
324.2514,188.5659,1
324.1431,255.8843,1
338.3298,228.2729,1
351.9404,280.3995,1
318.3153,220.1703,1
327.4774,298.5644,1
322.0558,265.7349,1
352.7229,231.544,1
336.3964,208.0125,1
345.3769,258.7523,1
350.4404,243.8166,1
357.0003,222.4065,1
328.4631,234.4532,1
353.2604,207.9626,1
347.3543,278.9443,1
324.6516,291.3735,1
321.0339,298.9623,1
318.8082,200.2911,1
356.1839,232.5806,1
342.0019,260.1889,1
321.24,189.8972,1
331.5609,248.119,1
323.8471,216.3875,1
346.2251,250.092,1
331.9263,283.9469,1
355.174,199.7645,1
361.3078,239.6891,1
325.5955,270.9552,1
326.6238,255.01,1
346.8016,293.3017,1
331.5289,236.6102,1
335.322,248.2721,1
331.1121,295.7161,1
327.5309,252.0743,1
358.2357,264.2234,1
324.7432,286.1336,1
335.5788,239.0371,1
350.7054,237.0844,1
338.1248,234.3936,1
334.8391,285.1758,1
340.2654,210.1124,1
344.5824,252.757,1
320.7594,173.2051,1
339.9547,263.5997,1
350.0369,233.0887,1
353.796,271.9386,1
346.2982,283.2808,1
347.1379,282.3565,1
326.5619,236.8432,1
345.9035,257.1623,1
336.198,238.5883,1
349.4059,226.0144,1
335.5239,233.1763,1
357.3199,278.4132,1
341.5454,285.3591,1
329.5922,201.6584,1
336.4728,212.0557,1
343.1914,285.9835,1
346.0535,239.0911,1
338.805,200.3206,1
326.4467,246.7089,1
327.7062,237.2083,1
327.1045,203.2463,1
322.5997,257.9755,1
335.5752,189.6181,1
340.1032,288.9585,1
328.7956,171.6104,1
332.9634,270.8519,1
330.2716,217.7665,1
358.1521,240.1813,1
343.303,262.2556,1
349.1309,228.1451,1
331.739,244.485,1
340.8837,223.7325,1
322.2459,286.3086,1
360.2061,242.9301,1
340.1762,284.2751,1
322.8431,184.7205,1
319.2885,241.8757,1
334.4403,235.1662,1
341.1053,275.0536,1
326.7682,239.7288,1
338.6724,255.65,1
321.402,243.8175,1
361.6547,230.5445,1
328.8027,269.0702,1
326.7185,176.806,1
324.6566,206.0532,1
323.1767,213.9795,1
348.0147,221.3497,1
323.5548,229.9909,1
342.6952,301.7486,1
353.9097,239.2424,1
350.1476,285.869,1
364.4311,233.5921,1
339.1905,273.2457,1
328.3192,264.532,1
346.7641,274.0858,1
332.9767,179.4991,1
349.9585,291.197,1
320.6283,224.3242,1
323.3238,276.2919,1
321.941,218.2858,1
337.6308,198.6935,1
331.4237,193.5227,1
320.2095,183.2413,1
327.6971,180.4929,1
334.3931,270.8273,1
336.6246,182.1636,1
344.7945,290.182,1
330.3244,282.6593,1
326.2144,307.7956,1
330.6206,309.029,1
318.8814,230.164,1
349.294,201.7474,1
358.3294,269.2641,1
323.366,214.2875,1
333.3397,232.9042,1
321.0564,272.224,1
364.2792,261.3948,1
327.9079,300.0196,1
339.9929,179.7769,1
329.131,229.3529,1
332.6632,230.553,1
336.3089,207.5037,1
342.4876,235.2068,1
365.1439,234.5473,1
323.6869,226.7344,1
323.2208,196.7145,1
344.9201,257.3703,1
364.3704,250.7219,1
321.1384,282.9436,1
334.7215,273.5914,1
328.4549,247.1725,1
327.4189,182.5616,1
333.5426,227.6637,1
320.5799,302.2229,1
326.549,199.4315,1
343.6511,217.1141,1
343.6863,197.7629,1
331.3557,200.8951,1
342.3497,240.1244,1
340.6996,223.912,1
328.2793,277.5378,1
322.4297,195.0149,1
336.1456,260.6233,1
352.7558,283.5369,1
343.9923,281.4013,1
349.4882,280.7517,1
359.3245,204.403,1
346.2413,237.313,1
342.4491,240.6714,1
330.8351,180.0006,1
320.8038,275.756,1
320.0943,275.0024,1
350.2817,254.0499,1
320.0668,181.9449,1
350.2027,240.3374,1
338.1399,215.1694,1
353.7647,194.235,1
334.9884,265.1894,1
326.2356,196.6881,1
360.6342,273.4603,1
342.7271,248.3314,1
323.121,268.0799,1
354.3937,215.8145,1
336.9232,215.7999,1
357.1243,264.4265,1
332.0205,275.4739,1
348.628,262.1569,1
322.8859,235.6926,1
321.3769,173.8145,1
338.5353,255.206,1
327.7353,290.676,1
343.7216,290.9151,1
348.3526,265.1508,1
362.2321,233.5231,1
342.107,216.3172,1
319.2756,186.1715,1
332.2748,208.693,1
342.51,270.4042,1
355.1635,206.5613,1
325.4561,184.1142,1
340.8591,253.7982,1
318.4046,182.1915,1
335.5712,251.7212,1
325.2418,249.2294,1
328.9314,238.8119,1
347.6192,255.8781,1
334.8437,281.4115,1
338.988,276.0783,1
328.8422,251.6295,1
342.3517,202.6908,1
346.7153,231.6318,1
341.0278,228.3321,1
339.6126,233.4953,1
318.8,186.7068,1
322.0642,223.4883,1
321.7658,286.5453,1
344.0591,224.9207,1
325.9955,236.6156,1
322.6612,236.3995,1
356.8593,228.4945,1
318.934,233.1325,1
323.4352,240.8132,1
348.3492,233.6908,1
341.7972,253.8349,1
327.7565,290.5083,1
352.2536,253.4795,1
359.2149,210.795,1
328.7913,257.0201,1
338.812,276.1547,1
345.6157,213.303,1
342.2125,275.0462,1
330.1596,296.6678,1
324.4822,301.7952,1
330.1049,293.5361,1
334.2506,197.6718,1
361.3691,211.1408,1
362.7961,230.6644,1
332.7768,207.596,1
336.0655,198.6855,1
321.3062,228.4125,1
321.0763,265.03,1
329.9247,222.0037,1
353.1903,212.4939,1
333.1519,293.3586,1
345.859,262.5769,1
325.3489,174.5774,1
336.4473,227.1596,1
360.8293,228.2362,1
329.0554,202.6798,1
328.197,295.169,1
332.0231,202.2638,1
349.0517,204.9697,1
338.1899,208.5903,1
355.2088,271.4429,1
352.0013,238.8255,1
342.4015,193.4965,1
350.3223,225.4747,1
343.7604,220.9443,1
362.0981,265.5875,1
319.8374,245.7894,1
334.1438,266.2325,1
349.6294,274.1061,1
330.3076,177.2974,1
318.4453,185.0257,1
354.4716,261.0052,1
353.1767,201.4986,1
325.1819,270.9675,1
340.7466,207.3608,1
323.1886,231.7591,1
321.7457,221.5367,1
352.841,231.3644,1
355.4747,237.8814,1
344.8673,209.471,1
331.5955,202.4126,1
350.5915,205.4345,1
319.348,263.9726,1
320.1132,259.9496,1
329.3953,237.0633,1
327.0752,234.5853,1
349.8846,228.3469,1
345.3635,235.9267,1
359.3715,235.2661,1
358.9981,277.4001,1
326.7377,248.374,1
335.9439,237.5312,1
324.0293,186.5799,1
322.5517,203.3069,1
328.1201,227.723,1
329.5944,241.8481,1
340.4162,179.6106,1
328.9465,207.8865,1
321.4055,182.588,1
341.1816,267.4215,1
362.2508,257.6227,1
322.0902,217.1899,1
322.1358,198.8581,1
323.0847,263.5962,1
345.3631,201.9781,1
319.1914,208.0803,1
333.7576,302.4144,1
335.17,209.0348,1
329.2864,199.4622,1
327.4552,205.5749,1
335.4499,301.098,1
344.243,259.6098,1
332.1287,293.7005,1
333.1421,303.9054,1
326.3221,203.5,1
340.5929,297.5961,1
325.5081,269.584,1
342.5323,284.2909,1
322.2345,266.433,1
345.051,238.6077,1
319.2898,268.1959,1
354.0809,238.032,1
356.7218,220.0344,1
349.8419,260.5207,1
354.3296,196.1646,1
345.3731,252.9628,1
342.2129,213.6197,1
348.2435,253.5692,1
349.4664,273.3894,1
347.3596,267.2129,1
348.4858,278.3281,1
344.7213,235.6302,1
334.185,236.0918,1
359.7764,215.3694,1
353.8017,239.5738,1
349.9088,208.6934,1
360.7695,215.0851,1
339.1997,214.4598,1
326.1964,242.8145,1
329.4021,307.0852,1
349.5282,281.5054,1
337.0558,294.8846,1
330.7759,292.8804,1
318.5249,205.2383,1
338.0943,179.719,1
337.7174,266.8386,1
336.5975,282.7509,1
353.3204,261.7875,1
324.1707,210.805,1
366.1579,233.8288,1
339.458,181.0694,1
329.6778,248.1591,1
330.7713,260.2868,1
324.3591,204.9357,1
333.3332,262.5563,1
327.2939,243.0274,1
343.9052,269.2789,1
332.7683,194.921,1
318.7636,239.9704,1
351.7877,239.5857,1
333.9986,229.1238,1
353.4093,267.4336,1
363.7381,218.3923,1
350.7261,206.9192,1
337.1204,275.2251,1
344.1742,232.1477,1
342.483,245.9881,1
338.621,290.11,1
321.1931,209.7436,1
354.0096,259.9641,1
323.5472,290.7999,1
325.9306,305.7843,1
337.4321,224.4293,1
361.173,230.0977,1
335.8454,218.948,1
331.8064,174.1419,1
324.2801,242.178,1
343.9851,246.8126,1
340.0273,298.5984,1
325.679,275.5253,1
341.5006,229.3343,1
334.8643,211.4594,1
327.6234,296.4388,1
331.0311,207.9414,1
349.4337,268.3359,1
329.5568,252.6765,1
344.1037,262.9873,1
339.1209,195.8397,1
336.4553,220.135,1
324.4026,210.8029,1
330.7062,190.5727,1
357.0475,276.4384,1
331.7659,244.5802,1
362.7108,262.9983,1
348.915,223.4507,1
364.1322,255.8855,1
343.4421,300.3895,1
365.2663,246.9552,1
347.3322,209.8678,1
359.0258,251.5173,1
346.0451,260.6171,1
321.6331,297.2238,1
338.8839,194.7333,1
329.5077,174.6314,1
321.9947,232.824,1
325.0982,225.4301,1
324.0241,186.3862,1
332.9247,241.3137,1
330.7242,284.5508,1
332.8426,172.6876,1
336.5053,286.4844,1
335.8398,248.2851,1
342.1704,294.595,1
326.3107,218.261,1
345.7267,232.7742,1
322.4747,190.1286,1
331.2293,216.8164,1
336.3873,303.3726,1
330.0817,291.6607,1
354.2591,281.9034,1
328.639,204.864,1
332.421,276.7788,1
319.5999,189.3577,1
359.9444,208.5792,1
321.1682,181.234,1
340.2455,221.7678,1
342.6914,268.9539,1
331.4242,280.2263,1
320.8778,285.5037,1
329.042,269.0392,1
351.6895,261.2029,1
340.5527,271.3626,1
352.8778,225.1673,1
343.659,230.9141,1
337.4816,242.9503,1
362.6641,234.1639,1
340.8845,220.0105,1
330.3616,264.9347,1
358.7954,230.7976,1
321.6464,262.737,1
341.9892,251.906,1
322.9555,255.4583,1
346.7498,284.8542,1
343.165,207.1144,1
338.251,184.5554,1
336.0061,281.4634,1
363.9193,235.9446,1
338.0956,211.5413,1
320.6536,295.8878,1
356.0,202.2614,1
344.0244,196.2978,1
355.9659,233.465,1
320.6495,304.7747,1
346.4002,199.1047,1
329.4966,276.2114,1
348.9174,227.6885,1
342.8241,218.8267,1
335.981,228.6956,1
328.5205,258.7504,1
333.5123,206.8213,1
344.2694,230.8668,1
347.5054,292.4783,1
339.2517,194.1323,1
327.9229,207.6373,1
328.1396,262.4321,1
347.1306,259.7971,1
357.532,246.3125,1
323.717,289.1322,1
348.8085,285.2517,1
338.6733,189.2281,1
321.9173,197.3341,1
348.3749,185.6954,1
342.2616,194.655,1
333.6327,240.8783,1
353.2258,277.4441,1
321.3826,197.3743,1
321.503,222.7215,1
322.6931,278.8355,1
326.253,260.0148,1
339.5654,303.8879,1
343.486,231.1465,1
322.0914,272.7251,1
342.4777,296.3012,1
324.8474,278.6241,1
336.2845,235.6179,1
333.6311,244.5657,1
345.4002,268.2619,1
361.3279,233.1114,1
348.1209,191.1072,1
335.0642,234.2163,1
321.5393,290.3865,1
332.3917,191.0325,1
333.7492,271.2131,1
339.9491,273.4985,1
337.4449,221.5531,1
334.7646,182.9194,1
319.7993,228.1083,1
352.4109,221.4881,1
329.9984,181.7596,1
352.7804,210.2033,1
356.1834,207.6451,1
325.4748,282.7493,1
320.6133,215.408,1
329.172,213.7807,1
346.5186,196.7112,1
352.9761,203.7947,1
352.1215,218.9984,1
325.1898,218.2893,1
359.6704,275.7534,1
319.211,273.6926,1
349.3004,213.2785,1
346.5249,201.7765,1
330.6069,303.4261,1
339.2543,269.381,1
320.4473,216.229,1
358.4159,206.8914,1
351.8929,283.2608,1
337.3146,177.7851,1
330.986,218.6852,1
341.7561,277.6571,1
326.9998,237.456,1
352.5912,198.103,1
322.2456,308.1758,1
335.6251,242.0503,1
357.9248,222.1243,1
335.3249,201.0597,1
345.554,266.5898,1
359.697,270.5526,1
353.4851,243.5534,1
336.8111,181.6229,1
347.6599,195.3891,1
322.0985,226.2615,1
337.8274,297.8032,1
343.3209,297.8697,1
344.1082,296.9721,1
330.6169,299.7775,1
322.8467,274.6358,1
318.886,175.2442,1
325.5483,301.3479,1
330.9104,250.703,1
354.2669,253.2481,1
351.5397,285.3839,1
324.1942,279.3225,1
354.1217,254.6428,1
326.0193,177.3085,1
358.5017,201.5216,1
324.4117,180.3897,1
357.0953,252.3796,1
320.0596,179.7704,1
348.9675,211.9694,1
333.5047,257.1301,1
321.146,310.6929,1
330.734,213.1972,1
356.8591,200.6259,1
321.8238,226.5786,1
324.7201,253.7284,1
354.0879,199.121,1
342.6398,261.5981,1
340.4721,265.3784,1
318.512,210.003,1
322.2844,182.6289,1
322.0433,290.8444,1
360.4752,211.9128,1
354.9499,198.7138,1
326.5448,236.3293,1
343.7476,261.0706,1
327.8107,268.9986,1
347.2692,277.3921,1
344.3106,299.2051,1
322.9819,205.3588,1
346.3778,278.4411,1
322.4666,261.3589,1
334.6193,221.0589,1
347.543,216.7123,1
340.5861,271.4643,1
341.1057,239.3843,1
326.8886,245.2358,1
344.6832,225.9975,1
330.5726,246.8722,1
330.4835,290.6481,1
339.0075,216.7786,1
361.1871,257.6307,1
342.1852,206.9584,1
339.8832,210.3967,1
331.3455,179.9307,1
349.8032,289.7253,1
350.7276,249.8205,1
335.4055,227.7419,1
358.5379,275.1924,1
337.4422,232.3079,1
359.4889,221.5169,1
331.6421,224.9559,1
335.0257,225.7442,1
345.9094,205.007,1
340.5079,248.2905,1
338.5731,193.4862,1
320.882,174.2845,1
348.881,257.714,1
334.0791,247.1341,1
360.5089,266.2293,1
322.866,262.5794,1
349.0325,215.5798,1
336.9539,245.7775,1
356.1615,265.9993,1
351.508,216.0512,1
321.1955,198.3318,1
327.8683,192.7482,1
338.5645,189.9385,1
333.1027,289.8354,1
353.5594,198.8306,1
352.1074,223.0491,1
336.9151,194.4408,1
338.9684,291.3923,1
328.4985,221.1956,1
319.984,272.3065,1
355.7612,225.9858,1
323.2791,243.6759,1
361.2963,249.9305,1
340.6573,235.6796,1
344.0316,255.4504,1
320.4125,234.387,1
322.3824,240.735,1
339.756,296.3676,1
338.0999,192.3552,1
352.1144,248.5391,1
333.8375,180.6329,1
340.8064,241.6622,1
326.9716,280.4358,1
323.752,221.1099,1
352.402,231.6009,1
332.8282,249.7147,1
335.1949,235.3077,1
342.665,283.2777,1
333.2294,279.7823,1
325.8033,251.4595,1
353.7397,216.0168,1
348.7953,279.5742,1
332.6461,267.8357,1
362.5724,241.5876,1
355.8452,269.8725,1
321.6928,183.6625,1
344.4236,258.3775,1
338.2771,227.4698,1
345.9423,258.3357,1
327.127,224.7721,1
340.7705,198.5098,1
346.0185,234.8711,1
339.023,206.4917,1
331.4745,187.6067,1
347.6465,251.9212,1
333.8769,175.0463,1
325.459,256.7784,1
322.2072,197.259,1
324.0749,239.7183,1
329.8563,236.7536,1
319.8171,206.808,1
337.9935,202.8887,1
331.8777,243.6251,1
343.7857,235.5602,1
323.0598,308.3788,1
337.2232,290.5246,1
329.7442,198.5456,1
360.7216,244.8236,1
340.577,185.8899,1
346.539,183.3966,1
339.1544,224.0282,1
331.1485,186.8202,1
338.1685,194.8454,1
358.1807,237.5768,1
338.8621,295.3558,1
321.82,200.5581,1
346.538,277.2294,1
327.8059,211.1406,1
345.7419,250.8966,1
321.5608,205.829,1
336.9584,197.3459,1
351.9784,216.253,1
337.2432,216.4393,1
320.1631,273.2502,1
322.9309,270.0447,1
323.3125,197.0698,1
330.6811,239.0431,1
330.9694,236.9035,1
344.4432,263.1088,1
323.4965,309.3017,1
336.2579,235.7498,1
347.1621,235.3137,1
339.0491,260.6109,1
357.0172,263.8586,1
349.6611,233.4509,1
350.4948,238.8322,1
322.7955,229.4408,1
346.7163,268.4595,1
340.4718,215.1905,1
366.2419,241.4081,1
358.4869,266.4516,1
344.7399,289.7933,1
340.9859,180.8666,1
364.6311,224.127,1
363.0983,263.2161,1
329.5087,197.2898,1
329.7133,267.438,1
358.4545,237.4413,1
340.4197,271.5442,1
342.8659,204.0935,1
339.4414,237.6027,1
318.9087,302.7546,1
325.1478,272.2468,1
351.6934,228.7276,1
326.9872,205.2078,1
333.4967,186.8679,1
335.8056,229.8757,1
354.4736,238.2409,1
323.1521,251.0571,1
346.1664,253.3409,1
329.9716,297.7869,1
325.9253,184.9947,1
319.4382,224.8282,1
343.1882,214.9486,1
339.4418,211.9476,1
334.5813,222.1097,1
325.2769,247.5432,1
338.7521,176.9042,1
324.1935,178.2787,1
342.6045,260.7131,1
352.2676,265.6703,1
343.0397,245.0483,1
332.9936,293.0572,1
341.1845,216.3532,1
323.5804,245.4462,1
349.9799,206.7978,1
340.7952,275.6657,1
342.8078,251.3515,1
333.8974,235.6765,1
356.6977,225.9093,1
340.5913,266.6087,1
345.5484,271.6483,1
336.4196,262.0124,1
328.8857,229.1091,1
357.5465,281.2318,1
354.0543,204.3305,1
349.7248,273.3328,1
335.5342,280.5179,1
326.0107,194.0837,1
333.994,211.5019,1
319.4372,304.9962,1
320.1894,288.8524,1
336.1122,179.3848,1
322.4063,248.1031,1
359.1228,253.9525,1
325.9956,222.3557,1
353.0848,216.969,1
346.5932,268.7032,1
349.2037,212.7278,1
320.9653,168.3481,1
350.793,197.5681,1
343.2804,221.7528,1
326.681,215.0962,1
352.2643,276.2108,1
329.4682,246.6232,1
359.2542,263.3985,1
323.58,183.5328,1
328.0055,277.7268,1
325.1859,214.3614,1
330.0271,246.3868,1
352.7961,282.4257,1
345.6877,201.3183,1
354.112,207.5926,1
332.4888,244.618,1
363.7915,231.3363,1
358.5556,259.2296,1
358.9636,220.7031,1
363.6514,253.0617,1
345.9969,242.6865,1
341.9955,178.7758,1
338.7255,260.9071,1
325.622,301.8748,1
321.0904,173.2974,1
351.6718,215.4103,1
334.2338,295.0644,1
333.9944,212.4093,1
349.957,281.6405,1
332.4537,213.8142,1
330.2293,174.0084,1
351.9063,249.2637,1
330.1635,297.2445,1
345.9577,256.9471,1
325.9761,238.5321,1
338.0757,248.8139,1
344.6771,299.7344,1
360.1535,220.1755,1
345.9218,293.6116,1
324.6774,200.5054,1
363.8259,221.8374,1
355.7369,285.0391,1
363.1813,252.031,1
352.4203,226.8285,1
339.084,217.1124,1
319.0816,240.1407,1
342.8443,271.6293,1
351.7049,214.1932,1
359.0636,266.1153,1
358.9011,244.7666,1
326.0552,303.6136,1
351.0343,195.1501,1
334.5473,281.9801,1
342.7769,189.6148,1
319.8232,168.7132,1
322.6655,237.2027,1
340.734,209.3697,1
323.1486,198.2958,1
318.5515,254.1435,1
323.7712,242.8737,1
338.0587,264.4224,1
348.8782,196.0043,1
351.3942,250.2241,1
319.9089,282.5627,1
322.0254,296.3337,1
320.294,173.0448,1
323.597,213.4919,1
332.0625,307.0775,1
337.3362,218.7028,1
324.8944,185.7231,1
341.0749,302.1732,1
326.6513,173.211,1
351.5634,218.196,1
334.0065,283.4773,1
354.6108,278.4561,1
362.4161,262.921,1
358.8472,235.8409,1
333.1129,262.217,1
364.3749,255.3058,1
325.4845,267.4553,1
334.2689,247.3823,1
328.246,262.6226,1
332.3133,191.5488,1
345.8192,269.4834,1
318.7279,205.8947,1
362.4407,247.0963,1
318.4163,211.6455,1
330.9331,284.7264,1
351.9585,241.6512,1
331.0221,208.5621,1
350.1264,207.6872,1
360.0264,270.6984,1
328.4499,176.218,1
328.1238,254.4216,1
353.9121,260.2484,1
344.0987,282.2584,1
350.5069,265.8444,1
325.7899,196.4013,1
361.967,234.3018,1
341.2183,257.1805,1
327.4637,179.8142,1
336.9379,240.0677,1
329.457,306.1003,1
339.4124,230.1642,1
327.5836,289.2923,1
340.7654,281.6788,1
363.522,240.6648,1
335.4569,228.0067,1
327.8676,174.317,1
350.5154,199.6652,1
336.6632,232.7272,1
339.3772,228.9451,1
327.6596,287.5742,1
350.4237,235.7525,1
353.8444,261.2238,1
323.4285,235.8353,1
337.9522,267.3351,1
361.0514,209.1459,1
348.176,216.3666,1
331.7483,188.7153,1
347.4088,253.0512,1
332.3296,182.6779,1
351.6376,213.429,1
344.7172,266.5852,1
333.7251,270.8365,1
339.56,212.7664,1
344.0822,230.2139,1
333.3618,199.4818,1
338.9357,285.6801,1
357.2319,232.0507,1
355.5081,229.7961,1
336.6157,273.3644,1
322.5306,238.6448,1
332.6714,213.4296,1
344.5038,197.4827,1
328.0391,249.0396,1
357.7654,213.6226,1
352.5138,253.0588,1
357.7185,229.8346,1
321.4633,197.3073,1
356.5867,276.7635,1
343.5082,252.6803,1
356.6243,214.2674,1
343.8627,183.9029,1
359.5396,254.7503,1
329.8096,212.8131,1
320.3938,246.362,1
323.3904,176.6187,1
324.9387,269.838,1
336.3062,202.3003,1
328.5552,200.821,1
324.8172,196.5429,1
320.7405,267.9048,1
325.9938,258.0287,1
336.8749,234.9221,1
321.6564,229.4987,1
323.1236,248.0327,1
343.8013,295.3395,1
327.202,240.4395,1
321.4572,182.0944,1
343.0413,259.556,1
322.1442,242.7234,1
347.6931,269.1621,1
322.948,241.6945,1
318.2733,185.2318,1
349.2741,207.0911,1
354.6144,197.0917,1
323.9638,250.0105,1
355.4641,195.1093,1
353.4039,210.4679,1
325.9509,260.2233,1
349.4414,251.7613,1
337.246,249.5363,1
339.445,226.4373,1
325.2621,193.5591,1
336.3048,225.2257,1
321.8697,177.4839,1
341.0274,234.3027,1
322.4965,288.9731,1
358.965,235.9235,1
353.4346,275.6385,1
345.783,290.038,1
323.3448,292.5191,1
359.7066,256.239,1
321.8556,264.3452,1
345.3929,231.2801,1
341.3706,280.2495,1
324.3466,305.1281,1
347.3345,203.1703,1
331.3335,266.6264,1
346.7546,293.9719,1
328.4287,192.5216,1
345.3839,285.4803,1
318.9137,278.9782,1
329.5541,302.5086,1
340.8159,292.4954,1
345.7979,207.054,1
361.6837,210.682,1
327.5411,213.3686,1
363.9455,234.1692,1
357.2683,255.7281,1
337.5674,278.6367,1
345.6774,231.7501,1
332.4563,172.8847,1
344.2998,242.0937,1
322.5806,212.7867,1
355.5647,262.7127,1
339.0447,269.6163,1
327.9195,287.9843,1
341.9322,192.0335,1
321.616,264.0343,1
321.1582,212.1959,1
323.7256,301.8046,1
325.014,239.698,1
331.9762,200.7188,1
318.6693,261.8565,1
343.7033,191.681,1
343.6107,286.5176,1
340.9287,286.1419,1
338.8969,263.0783,1
321.4301,263.234,1
320.3467,286.2809,1
352.2355,248.328,1
341.8522,232.09,1
333.4721,241.0523,1
329.9822,257.6269,1
348.9217,272.2318,1
341.0778,257.5932,1
323.8614,227.9385,1
323.5464,182.5362,1
321.2238,297.9304,1
321.4148,211.6565,1
343.4128,264.3851,1
359.8203,255.8903,1
324.4073,248.1225,1
319.9402,300.3531,1
320.58,306.49,1
354.1974,221.4215,1
326.3518,258.4589,1
335.3183,281.5446,1
353.7463,245.3402,1
339.6675,227.6333,1
354.6709,225.1324,1
340.1215,238.8588,1
341.2335,259.9882,1
322.8566,304.3691,1
353.4312,217.9248,1
320.5717,307.2575,1
341.3402,187.0229,1
326.0238,254.2379,1
353.5221,213.9089,1
325.8983,217.4215,1
361.8532,218.8423,1
328.1263,263.0538,1
334.5246,192.5958,1
324.5393,294.3421,1
346.0534,282.0284,1
361.2587,261.2841,1
328.5984,295.0134,1
323.3829,205.1118,1
327.1406,233.2196,1
321.5077,218.3185,1
346.8808,281.012,1
356.2932,272.1866,1
328.6008,303.5778,1
330.1202,222.6522,1
354.0387,279.4926,1
350.6853,265.9877,1
341.8593,241.1302,1
347.2243,251.2581,1
320.9729,293.0021,1
320.8312,210.7296,1
343.7427,188.0142,1
322.2284,191.3159,1
325.6656,177.9979,1
350.126,252.5076,1
327.6822,187.8069,1
352.9048,245.5046,1
351.2598,244.825,1
334.9034,256.1072,1
324.3937,190.0812,1
322.0906,253.5963,1
358.0869,239.7766,1
325.9587,207.0084,1
321.2163,309.4728,1
319.893,289.9641,1
355.5822,230.4424,1
349.1748,293.4119,1
329.7167,279.6595,1
338.2314,186.6244,1
318.4022,183.3641,1
340.9058,185.3305,1
337.9671,248.6054,1
356.5645,226.2182,1
355.0315,256.6322,1
320.5153,230.9323,1
328.8763,195.6523,1
336.4118,264.7959,1
340.3671,300.3875,1
336.5586,293.4854,1
332.0101,293.3655,1
337.6046,266.8701,1
343.0762,222.3278,1
350.9357,275.8627,1
331.9877,188.6304,1
334.629,194.8803,1
350.8142,231.1596,1
355.2065,262.2718,1
345.182,299.4606,1
328.1224,210.9399,1
320.8014,284.1739,1
358.7805,223.8805,1
333.0823,197.669,1
344.6277,216.649,1
350.593,248.7508,1
351.8825,219.4035,1
328.8519,303.2574,1
364.5869,224.3262,1
341.1153,212.2983,1
360.9947,213.998,1
337.6917,188.329,1
319.2744,254.4423,1
335.4879,179.7931,1
335.8367,197.7529,1
342.5662,228.8531,1
329.9162,221.6476,1
321.9373,281.6368,1
319.0026,172.3848,1
344.6377,208.4668,1
350.7754,216.5011,1
333.5997,249.2779,1
358.7996,254.5462,1
339.1831,265.1012,1
332.936,223.9876,1
339.1461,178.3049,1
342.613,217.6807,1
338.1363,217.4388,1
357.1999,206.0529,1
329.9448,249.646,1
323.2059,229.6932,1
332.1491,244.3203,1
346.8904,188.6783,1
359.8114,250.6846,1
323.1279,212.3267,1
333.3327,306.0237,1
319.926,288.205,1
335.4922,241.5608,1
341.4909,196.7566,1
360.5861,224.8499,1
363.0593,263.2202,1
357.815,255.2567,1
362.4478,239.7126,1
318.8554,216.5695,1
320.0835,292.9501,1
358.6117,226.5407,1
331.7923,265.722,1
335.8782,212.9647,1
319.4228,300.3213,1
331.566,194.6803,1
356.6839,228.9174,1
327.8747,259.0394,1
324.4715,227.9232,1
321.9485,304.2471,1
328.9891,244.0099,1
324.4454,200.0986,1
326.792,172.193,1
353.7662,259.8053,1
326.8805,246.873,1
359.3217,246.5359,1
333.4482,253.3324,1
351.2641,250.4443,1
325.8834,234.6779,1
358.9979,251.414,1
333.7951,211.7082,1
328.8537,260.3717,1
325.7845,251.9722,1
334.0402,215.1362,1
319.1799,293.3798,1
330.238,171.8986,1
347.5631,254.4729,1
320.1355,263.6221,1
347.2149,230.2821,1
318.427,235.0986,1
354.377,230.8298,1
341.2659,177.4301,1
336.2454,204.8448,1
340.5402,246.382,1
341.9422,185.9985,1
325.8804,278.6565,1
328.9286,301.572,1
327.1255,241.3129,1
329.028,239.0003,1
335.8604,210.7559,1
331.3761,185.7785,1
325.7281,280.1148,1
331.439,186.4454,1
327.5746,199.1442,1
324.3462,187.8622,1
324.5181,271.1906,1
324.1965,261.2608,1
322.2977,256.5095,1
335.1292,259.7868,1
323.2554,276.3346,1
343.2357,268.7646,1
324.8868,236.4379,1
326.9002,185.7977,1
340.0679,244.3787,1
346.6054,257.5661,1
325.2652,251.3743,1
331.2488,305.4094,1
322.49,243.1159,1
349.2223,245.6016,1
355.6148,218.2107,1
334.0339,292.2852,1
325.2347,252.0667,1
337.5973,178.5123,1
344.6612,243.249,1
321.0506,232.5693,1
324.4852,288.9796,1
337.2791,301.4535,1
326.3672,245.2554,1
342.889,218.2793,1
322.8807,213.9545,1
332.9231,306.6713,1
324.0936,308.7616,1
332.8395,179.5591,1
340.5252,281.585,1
326.1233,269.5386,1
322.5826,181.4728,1
324.3979,235.7617,1
330.5879,301.9001,1
326.1944,205.3862,1
350.8566,273.4439,1
319.1262,276.6901,1
355.1597,261.0342,1
319.0274,202.3327,1
333.8586,213.2802,1
340.8854,268.212,1
324.4303,230.4413,1
324.4357,272.7927,1
341.5534,217.4499,1
337.3514,209.7297,1
340.9804,197.1559,1
339.2896,217.3552,1
320.7676,244.13,1
327.9327,232.9352,1
327.9069,232.9125,1
363.3638,222.6359,1
325.2213,211.0427,1
323.5477,221.8704,1
355.0096,201.5214,1
333.665,202.447,1
353.4579,203.2733,1
332.6698,291.6007,1
349.3311,202.0922,1
343.5385,238.4255,1
357.5403,252.6831,1
333.0885,181.9907,1
342.3632,209.8854,1
352.2918,274.5481,1
338.5015,176.2614,1
332.7784,297.6933,1
348.8511,209.5089,1
350.828,264.2423,1
360.3062,238.3237,1
341.5025,234.3026,1
329.7773,171.2582,1
322.9284,207.9374,1
348.7559,216.3849,1
327.1055,204.3945,1
327.9501,267.8989,1
335.1811,180.3613,1
361.9863,248.5349,1
318.7776,271.556,1
323.4321,186.3891,1
338.8994,282.5629,1
319.4767,290.091,1
356.7132,224.2399,1
352.0889,217.3073,1
328.9409,203.8655,1
353.2565,261.6289,1
337.0945,296.1929,1
359.7192,270.365,1
322.5335,241.0827,1
338.1212,190.3891,1
321.1598,282.1298,1
357.1598,274.8634,1
324.7382,282.3581,1
362.9478,238.4811,1
334.2221,294.2994,1
337.6229,282.3239,1
358.6827,252.2581,1
337.5944,255.3978,1
337.3124,235.201,1
346.5903,225.0025,1
341.4531,221.7376,1
350.8856,258.1654,1
362.081,238.073,1
321.0231,267.0808,1
320.9158,217.2592,1
344.3734,269.1288,1
347.2129,225.577,1
327.3376,309.1698,1
322.6197,249.0688,1
329.6555,304.9863,1
339.9452,278.0553,1
319.6886,172.4777,1
336.0997,290.4158,1
334.5906,277.5156,1
335.9767,177.8948,1
333.3639,214.0047,1
354.0789,246.3766,1
341.8829,282.2396,1
357.1337,226.2919,1
349.9648,210.4699,1
338.4349,188.6615,1
349.6452,244.7944,1
322.8803,248.8736,1
358.0318,250.998,1
340.7951,265.8383,1
347.8282,196.5841,1
354.6583,270.874,1
319.5962,299.99,1
365.9183,249.9497,1
319.0194,168.1385,1
321.4727,265.793,1
318.898,191.254,1
344.8002,297.7368,1
344.7182,222.7325,1
343.3827,240.419,1
322.0722,223.3664,1
331.8341,213.2427,1
350.674,221.3902,1
343.8361,261.832,1
321.3336,251.1345,1
333.4538,178.7885,1
343.2284,190.2126,1
335.3079,182.994,1
348.679,292.8991,1
322.9129,283.5489,1
329.4026,295.4812,1
343.7764,260.4988,1
328.0679,253.7239,1
349.9486,240.6088,1
330.1316,303.2485,1
334.3587,300.3739,1
326.683,288.2712,1
340.65,257.5701,1
330.4841,232.6902,1
318.8299,230.1637,1
360.5851,214.2388,1
335.532,241.1686,1
344.9592,272.3246,1
320.8779,282.7796,1
343.9218,185.4971,1
333.7185,187.9538,1
327.9231,195.1426,1
318.9448,260.5547,1
347.3023,291.7016,1
373.2648,518.9232,2
421.5024,601.848,2
420.043,449.4099,2
450.8733,437.1544,2
482.7396,456.6771,2
417.6674,453.9435,2
420.5116,459.1583,2
474.7873,430.045,2
378.3582,555.6009,2
395.7539,500.6726,2
474.0912,434.3624,2
468.5543,433.8772,2
389.6955,547.4364,2
487.6287,450.8413,2
486.3412,449.2025,2
408.4422,451.7033,2
465.5172,434.2642,2
426.0216,429.4941,2
379.7157,558.6005,2
474.9298,450.3047,2
400.7936,575.552,2
412.7175,590.3785,2
426.5742,429.3662,2
397.2342,542.6021,2
404.0434,469.3826,2
386.2682,524.8012,2
472.1411,450.9481,2
416.7904,442.8223,2
393.5634,541.3048,2
484.0864,435.8132,2
456.1905,461.4451,2
375.9034,488.7878,2
429.949,601.9211,2
401.1215,440.3401,2
378.2377,513.1387,2
383.7235,531.6036,2
405.9436,435.6545,2
374.3652,524.1182,2
429.4869,583.463,2
426.9151,437.1669,2
416.9931,581.3998,2
387.4383,498.0203,2
382.1263,499.2964,2
431.1184,461.238,2
490.1792,442.0782,2
491.3434,448.0534,2
393.2332,503.1841,2
449.7722,428.8109,2
419.6032,583.6389,2
379.198,519.5765,2
372.2698,506.618,2
431.6896,430.5794,2
428.941,580.4949,2
388.3049,457.4402,2
381.6729,506.8966,2
443.245,439.0564,2
387.142,497.7338,2
429.1028,435.6799,2
470.2868,430.3692,2
377.0827,515.3295,2
484.0636,427.5159,2
408.8781,585.5523,2
403.0035,556.7997,2
388.0144,547.5502,2
419.8428,449.9252,2
483.1747,451.3559,2
479.1629,440.6571,2
408.3219,573.631,2
408.1532,467.465,2
470.9366,440.1519,2
394.6529,555.9443,2
385.3947,521.5635,2
411.8194,575.6996,2
386.9439,503.4292,2
481.4701,437.2622,2
397.0743,458.7537,2
400.4649,549.075,2
385.4857,459.3208,2
404.8877,570.1528,2
481.0099,442.8067,2
428.5904,433.6132,2
469.7568,440.432,2
480.507,452.2457,2
391.3961,505.831,2
374.1364,528.1757,2
426.5439,599.7798,2
422.5292,441.9941,2
476.913,456.1685,2
383.9458,480.0487,2
380.8145,562.4026,2
389.0411,517.3947,2
407.7169,457.4988,2
471.2799,436.1174,2
451.5693,435.961,2
394.2073,456.7229,2
417.2079,586.5424,2
398.9801,468.7666,2
422.5859,588.6926,2
427.979,455.2805,2
403.3259,571.6909,2
378.3116,504.9763,2
377.2983,495.5403,2
424.7052,568.4409,2
391.8684,565.637,2
413.5527,432.514,2
438.8916,429.2862,2
427.7619,428.3125,2
377.2814,512.9892,2
463.0489,445.102,2
375.3992,523.9874,2
461.9099,444.0299,2
394.5935,517.7023,2
467.164,437.1177,2
458.0587,450.8017,2
372.5426,528.1167,2
385.0325,518.5613,2
386.6883,519.1652,2
444.6885,453.1569,2
404.6627,460.9188,2
410.7527,456.2969,2
447.6422,435.199,2
421.9494,451.1669,2
487.5763,458.8779,2
381.8359,509.6532,2
446.9539,455.5633,2
404.473,558.8631,2
402.0042,577.1799,2
398.6111,470.7843,2
405.7888,467.9667,2
416.5058,572.1951,2
421.9078,600.1515,2
393.7548,571.9375,2
381.0436,544.5225,2
400.9329,550.886,2
401.6938,585.1433,2
411.7155,584.4856,2
444.2238,454.5903,2
393.7666,466.395,2
383.4416,548.5233,2
409.8191,572.9227,2
372.9184,519.9841,2
445.8709,455.1072,2
418.953,593.9769,2
423.7499,445.3069,2
399.6816,576.9644,2
460.1321,448.3563,2
424.1486,574.6818,2
425.038,449.282,2
393.4331,471.3755,2
382.4846,526.7084,2
382.0513,553.088,2
405.834,577.9973,2
453.412,441.1421,2
412.4407,596.302,2
477.7276,432.3393,2
423.851,573.0622,2
415.2395,453.6948,2
418.2698,575.3332,2
396.9016,569.19,2
389.7852,547.1734,2
394.0255,527.788,2
400.8624,548.9374,2
480.2588,460.6343,2
379.3794,535.5954,2
460.3037,445.1642,2
420.251,435.8314,2
405.453,572.0252,2
447.3741,444.1393,2
404.5752,456.172,2
425.2815,594.2965,2
474.2814,426.371,2
428.6418,577.138,2
408.527,468.5855,2
424.7159,570.052,2
408.608,434.352,2
414.0656,581.4085,2
412.344,432.7364,2
387.8253,515.8853,2
463.3753,442.9181,2
435.8683,454.5415,2
408.3406,572.7534,2
394.1844,466.891,2
394.8245,522.6766,2
420.4588,575.4195,2
394.5722,565.9248,2
408.2386,557.5352,2
417.718,454.8978,2
397.3389,540.6613,2
402.9045,469.6899,2
420.585,576.4009,2
380.1575,542.8557,2
377.7655,500.0444,2
426.8898,597.0521,2
424.3154,592.2653,2
490.1617,449.8726,2
427.8093,578.7732,2
433.9921,430.0275,2
462.6919,450.3861,2
484.4392,428.0774,2
409.5822,457.1126,2
420.636,454.8262,2
409.6564,563.5437,2
425.1232,602.5853,2
428.2919,574.271,2
488.7715,438.6677,2
490.2147,460.6875,2
383.7894,506.5671,2
424.7999,570.8123,2
406.4308,472.6255,2
442.6932,460.6481,2
377.2055,500.1712,2
395.6786,525.7011,2
410.1165,559.9673,2
422.8988,427.7666,2
408.101,572.6126,2
396.0195,565.3748,2
401.2288,451.7949,2
397.4627,541.0845,2
412.4811,450.7802,2
403.9448,591.7955,2
486.4097,427.2604,2
407.9367,569.6983,2
389.9117,508.9115,2
408.8214,440.7968,2
397.9851,559.7401,2
402.0708,479.935,2
397.4158,452.2646,2
433.6845,429.9011,2
398.9996,486.3752,2
484.8479,447.3517,2
399.85,442.7258,2
393.6235,523.3036,2
429.2472,431.1641,2
394.7213,522.6304,2
433.2817,436.422,2
389.4402,483.4125,2
457.8287,451.1859,2
456.0752,443.2904,2
388.7339,480.5672,2
426.8444,601.8492,2
391.6512,568.9989,2
436.2582,455.0466,2
405.294,445.5425,2
377.8504,522.6307,2
427.3461,432.488,2
393.029,475.5621,2
432.8666,433.0308,2
487.3432,434.1186,2
485.7949,438.3108,2
428.2067,428.9687,2
461.9038,448.985,2
402.7648,558.5987,2
396.0692,498.3353,2
403.5163,442.2491,2
453.2805,429.0469,2
402.4416,592.5491,2
472.475,440.2316,2
400.7075,469.1248,2
390.7222,540.5629,2
469.4614,454.3929,2
381.0778,471.2668,2
430.0436,441.6404,2
408.8918,452.5496,2
394.6353,569.8293,2
389.244,498.4361,2
375.3218,542.2844,2
402.3083,580.3837,2
455.5875,458.0689,2
379.1108,495.8513,2
382.7347,467.279,2
426.4385,445.0016,2
424.4171,593.9245,2
420.7251,591.3502,2
487.9312,431.1374,2
399.9002,586.6374,2
386.0287,494.4976,2
491.5682,434.7634,2
488.1999,426.3787,2
400.4662,445.7668,2
389.0542,555.3195,2
405.8322,557.5101,2
430.2274,586.7662,2
468.6805,456.6034,2
457.7114,454.8187,2
376.076,491.8783,2
455.2522,449.0805,2
402.2781,471.3253,2
458.0422,455.2515,2
490.2209,426.2318,2
381.9215,477.2468,2
374.9954,518.9398,2
477.7201,435.9921,2
429.6443,431.4608,2
460.0311,435.3862,2
413.4909,459.7755,2
377.26,531.8767,2
408.4799,448.4349,2
401.8284,565.1401,2
487.7793,442.1026,2
452.7972,454.1203,2
448.3049,449.8111,2
424.5484,436.4125,2
375.156,503.158,2
461.8965,431.1808,2
379.2096,537.7231,2
447.9798,450.3471,2
470.2188,441.8214,2
448.8899,455.2231,2
387.7852,461.574,2
417.7639,437.2749,2
443.3384,443.876,2
413.9753,457.8518,2
394.0423,525.426,2
390.4837,496.4589,2
418.9398,572.5988,2
428.8859,590.5096,2
423.8319,571.8895,2
482.5902,458.6671,2
458.3747,452.3511,2
390.0101,509.8826,2
395.3098,465.6129,2
467.3127,456.4647,2
425.0294,594.3492,2
401.7511,482.5703,2
432.2688,430.6997,2
397.5744,572.2737,2
417.7561,599.3694,2
408.1705,447.2122,2
476.0764,442.467,2
404.4913,457.8159,2
427.1537,458.3808,2
418.3074,599.1375,2
389.3223,534.2194,2
385.1749,466.2378,2
489.3011,440.9528,2
374.2693,538.7773,2
391.7877,540.3212,2
428.149,443.7753,2
482.1729,426.2868,2
391.6492,457.8172,2
390.9756,551.2507,2
381.1945,516.1174,2
419.0424,580.521,2
390.2849,528.8215,2
375.912,500.8724,2
408.1637,581.2026,2
490.2091,454.003,2
469.4059,460.5293,2
427.1631,581.821,2
489.8168,434.119,2
485.4052,449.8908,2
397.8891,491.1269,2
381.7813,554.6861,2
463.2937,443.1809,2
392.0045,545.6096,2
472.7191,447.5693,2
382.0288,492.5914,2
461.9631,445.3453,2
384.9276,476.764,2
382.1739,466.5997,2
383.6072,487.4966,2
378.4535,480.3962,2
393.7428,473.6039,2
376.592,534.892,2
383.0863,510.7994,2
433.0021,436.2788,2
472.3019,454.3349,2
437.0148,443.3105,2
391.0708,464.3098,2
460.3374,453.3132,2
406.741,476.7631,2
446.6779,445.0237,2
440.0553,436.7351,2
399.3981,469.5215,2
399.5782,459.1905,2
433.68,453.05,2
397.5049,540.5045,2
437.4113,436.8946,2
468.7483,455.2956,2
441.7603,430.2837,2
414.5178,443.868,2
381.979,532.9719,2
471.1488,458.8109,2
383.9379,463.699,2
393.5256,489.1462,2
382.9963,512.2452,2
487.3231,453.8133,2
452.9796,451.0119,2
413.1936,460.4236,2
392.9197,504.0199,2
462.0021,457.055,2
408.382,587.1459,2
432.827,450.915,2
381.9545,541.9473,2
442.6435,429.0665,2
440.179,433.867,2
465.6603,444.1415,2
412.537,435.7053,2
384.4609,482.2071,2
386.6023,518.286,2
411.874,445.9538,2
483.4357,450.9371,2
445.0141,450.0874,2
387.8383,551.1544,2
486.5965,446.3929,2
412.1571,597.9471,2
456.0976,435.6972,2
386.3957,504.6727,2
446.4906,458.7492,2
395.2964,553.3984,2
432.63,447.0527,2
396.4448,528.3794,2
385.5563,483.9245,2
446.325,450.2872,2
395.6082,534.0075,2
391.5459,528.0331,2
391.4569,499.9618,2
391.4671,577.6514,2
483.7088,444.7944,2
402.8274,443.7936,2
445.2605,450.5589,2
386.603,459.3908,2
422.2063,572.5647,2
428.0216,589.3209,2
491.4983,435.4133,2
379.6843,509.8147,2
389.1704,531.2618,2
387.7093,493.1642,2
415.0091,586.8232,2
382.8757,503.8658,2
379.4599,494.3936,2
393.714,483.216,2
399.0864,470.2668,2
379.4343,543.7129,2
398.3415,577.3019,2
399.1735,452.5408,2
396.6231,464.2278,2
378.136,515.4387,2
454.8037,452.0266,2
389.5033,570.587,2
402.6654,449.0844,2
413.7637,579.9623,2
479.0671,457.6032,2
404.6755,584.5438,2
417.4226,573.1138,2
429.6672,436.3325,2
432.6482,452.3078,2
469.5318,435.0472,2
380.6306,517.6309,2
450.6487,458.4723,2
461.495,434.7907,2
402.4918,483.7456,2
483.5026,430.4568,2
459.2462,456.3946,2
423.386,586.8286,2
475.3191,460.7821,2
395.33,489.6466,2
409.4179,450.7217,2
373.7649,508.3467,2
378.5522,474.9219,2
422.0445,601.1299,2
413.7591,455.0533,2
415.2599,451.4693,2
425.5697,568.6705,2
393.6174,449.5495,2
446.4259,449.9241,2
418.9119,588.1325,2
376.7801,508.2404,2
378.2588,548.1747,2
375.2655,485.5947,2
443.643,441.8018,2
418.3797,579.058,2
474.9483,433.8734,2
437.5573,455.7895,2
482.6814,459.6236,2
380.2317,515.3935,2
376.2831,491.1685,2
418.8041,435.4583,2
429.4175,602.648,2
428.2866,585.7908,2
402.5893,464.4107,2
409.3604,565.6369,2
486.9442,450.1224,2
446.9653,429.419,2
433.4854,431.4654,2
391.3105,549.0713,2
393.1441,501.2101,2
444.34,443.6312,2
424.7245,444.6482,2
416.7267,449.3427,2
409.5436,465.7887,2
399.4993,488.9898,2
472.8907,448.1481,2
450.1106,442.8375,2
412.6687,562.2338,2
417.1685,574.6772,2
372.8665,534.7189,2
426.3106,596.7187,2
392.0496,580.7516,2
431.6119,426.9657,2
392.3829,578.7573,2
384.8787,501.3064,2
386.746,479.9246,2
409.385,441.4259,2
379.5196,476.3271,2
430.8558,435.4719,2
387.9919,534.5518,2
398.881,442.3209,2
428.6641,453.5908,2
379.4883,527.067,2
380.3609,544.5149,2
419.5175,577.3739,2
427.005,457.916,2
392.1358,474.2208,2
371.7454,521.8865,2
419.8236,452.9557,2
393.3761,509.6299,2
486.3317,445.3898,2
376.8853,515.7537,2
398.2128,473.262,2
411.3686,446.3656,2
463.423,432.5484,2
425.1136,572.4981,2
394.0094,511.4049,2
398.0056,583.6358,2
395.5263,545.9129,2
412.9574,469.6648,2
391.4603,540.1609,2
483.879,446.5104,2
466.0606,458.1864,2
381.5784,520.1925,2
434.8466,431.5906,2
376.5929,507.1983,2
394.084,466.8015,2
386.5092,527.0511,2
387.0604,498.6241,2
454.2045,435.8541,2
397.4066,538.396,2
424.926,448.4635,2
408.8562,450.0627,2
398.2642,465.4031,2
395.341,541.2992,2
386.0923,573.1843,2
418.6336,443.7583,2
401.0565,582.0895,2
418.8517,596.4135,2
386.4743,512.546,2
483.4657,433.909,2
412.6668,581.9418,2
381.0064,495.4157,2
415.786,452.5691,2
427.4048,435.6377,2
380.3237,529.7622,2
420.0006,450.665,2
417.6802,461.0274,2
406.591,556.6846,2
418.2647,568.3514,2
470.1466,429.977,2
411.7709,449.5788,2
436.5359,436.7234,2
489.6616,442.9114,2
418.9382,441.856,2
429.0347,443.5311,2
479.7396,440.4367,2
440.0547,437.066,2
377.1669,534.5665,2
404.5286,587.6042,2
385.2584,527.9439,2
392.046,566.6265,2
491.9026,439.2371,2
406.3267,571.7436,2
399.3502,487.4233,2
431.7334,455.5604,2
479.1765,428.587,2
443.4466,441.6784,2
374.5821,542.7594,2
393.5046,568.466,2
393.9779,507.4514,2
387.3429,520.4052,2
398.0604,535.5395,2
398.5944,482.3232,2
402.0687,560.5947,2
452.6714,459.8981,2
385.0188,527.1464,2
491.3461,429.1769,2
388.5845,526.3125,2
408.0434,570.7794,2
421.6863,582.4754,2
387.2113,496.6301,2
389.2613,486.1941,2
465.3754,427.2501,2
408.9501,458.4551,2
406.1862,563.3939,2
457.8868,435.0881,2
386.5867,490.6603,2
426.2553,601.6205,2
399.1437,457.8623,2
384.7785,565.5571,2
406.5425,564.9757,2
400.2064,442.1484,2
423.9469,442.492,2
379.836,560.3693,2
428.5433,570.6376,2
431.3499,450.5685,2
386.4218,540.1358,2
487.9369,428.7148,2
373.9797,509.365,2
377.0526,519.2152,2
478.5802,448.492,2
391.75,462.6032,2
476.6481,430.7286,2
424.3635,574.6551,2
381.087,547.4876,2
421.601,571.2715,2
372.4048,522.8705,2
386.1328,524.3363,2
380.5626,545.6886,2
426.3964,444.0131,2
422.6438,456.5108,2
466.6962,431.5024,2
458.7117,432.7766,2
442.6313,428.199,2
441.3581,426.5002,2
393.5387,505.8704,2
377.8474,548.986,2
430.3891,586.5216,2
409.0642,445.4916,2
488.3549,455.0044,2
406.6874,476.8614,2
383.1453,491.0827,2
392.7718,555.5148,2
376.7347,509.2513,2
407.3284,592.2491,2
374.8412,539.4373,2
418.9036,460.8521,2
461.5652,453.3294,2
406.5591,453.5225,2
440.6266,434.3886,2
428.7365,438.4433,2
398.9565,567.1643,2
424.8285,435.4234,2
487.807,448.6314,2
437.856,443.6859,2
395.1094,479.6971,2
394.4775,522.3307,2
398.3471,478.2025,2
489.436,454.1662,2
468.8271,433.6728,2
413.4305,445.5764,2
410.2842,563.6407,2
456.3039,440.2102,2
431.6975,446.0792,2
388.3891,538.6116,2
389.619,479.5724,2
430.2846,426.6175,2
437.9566,442.511,2
377.4269,486.6809,2
420.0292,460.1854,2
394.053,566.4592,2
462.5458,445.0191,2
388.0852,478.6894,2
392.124,579.8949,2
393.9295,501.6534,2
386.9516,574.4279,2
486.4597,436.3927,2
392.1093,539.0072,2
434.4517,460.6515,2
396.6198,473.0714,2
397.7207,541.4347,2
459.0297,436.1562,2
400.075,482.8716,2
398.3221,579.9934,2
432.2037,442.7067,2
395.8893,545.6378,2
387.428,517.1105,2
442.3695,448.6007,2
408.9896,592.2042,2
460.6231,450.4015,2
448.58,439.195,2
484.3924,447.5143,2
451.2548,436.9519,2
373.8058,498.9956,2
410.5984,573.0231,2
376.6334,528.7706,2
444.7275,457.6365,2
436.929,456.6493,2
479.1938,431.0559,2
426.9015,570.7236,2
381.3954,490.8727,2
405.6846,578.8648,2
400.9041,478.7975,2
388.5348,507.3372,2
387.184,551.7007,2
466.5192,441.4671,2
385.7103,511.4177,2
398.3994,494.4141,2
385.9133,478.4186,2
430.7095,456.0469,2
424.5683,427.7338,2
380.119,485.2734,2
392.7111,553.7717,2
467.4629,435.2744,2
445.7481,447.1533,2
407.4749,594.0422,2
424.5312,574.3846,2
406.3298,451.7772,2
409.6023,565.3923,2
376.4845,518.693,2
411.836,438.0531,2
415.9215,594.6108,2
388.0971,464.6102,2
399.6916,572.7755,2
395.9897,570.8797,2
410.2136,438.0227,2
412.7572,440.5436,2
379.627,552.0216,2
394.6675,507.2342,2
379.675,490.629,2
444.4053,445.1609,2
486.9852,426.243,2
472.175,442.6931,2
394.6453,491.2074,2
485.2047,433.4038,2
376.155,496.3484,2
425.3679,431.1204,2
487.4574,437.4402,2
418.5742,433.5497,2
376.616,492.1067,2
383.7793,533.9714,2
460.6711,429.1008,2
420.5874,453.7376,2
421.2986,569.7334,2
385.3297,486.0036,2
491.4427,438.1862,2
373.9874,523.9208,2
453.4481,456.7682,2
409.8745,461.7319,2
427.7335,448.654,2
441.9996,434.195,2
379.9953,527.3169,2
484.1649,452.594,2
407.1195,566.5763,2
450.5179,456.4512,2
443.3663,455.7181,2
390.5011,491.9437,2
470.8964,433.8586,2
390.3898,558.3204,2
442.6499,440.7703,2
454.8036,434.3876,2
421.6443,580.9453,2
405.7212,438.0496,2
380.8816,546.0079,2
431.2883,454.8364,2
455.3978,441.5118,2
490.7194,426.3697,2
430.1718,459.3706,2
429.3196,431.5697,2
486.7484,449.7728,2
386.1671,477.9377,2
409.8179,580.2066,2
452.3813,446.8314,2
457.129,430.7538,2
469.6196,437.6761,2
476.8473,428.2766,2
390.9535,499.7488,2
484.3536,448.9864,2
430.6522,570.4885,2
397.8112,553.8071,2
419.9688,437.6194,2
471.3112,455.441,2
405.9375,454.0181,2
409.2154,583.0276,2
411.6776,592.8529,2
391.0968,562.9289,2
382.7528,488.9273,2
394.4253,450.9793,2
413.7492,571.2579,2
395.9308,557.4587,2
472.9575,432.8379,2
391.3996,551.9211,2
466.0895,426.871,2
473.0877,448.1735,2
402.1687,556.693,2
380.9728,491.6365,2
392.5673,532.8014,2
466.3165,439.9059,2
483.468,456.8929,2
461.6581,447.2335,2
398.4835,568.1175,2
377.7501,545.4352,2
422.377,461.8119,2
489.2745,442.7049,2
431.963,430.7953,2
386.1924,532.9662,2
381.9386,540.8546,2
422.202,446.2236,2
403.2564,448.5973,2
489.5487,428.9386,2
373.498,530.7606,2
401.0944,587.182,2
453.2222,453.1274,2
402.191,562.4788,2
393.1761,456.6794,2
386.1429,551.2387,2
436.6074,453.7316,2
440.0523,452.217,2
415.4855,460.4161,2
392.4144,449.2466,2
406.0936,564.6444,2
431.2805,435.7383,2
383.2584,567.664,2
460.7572,443.3112,2
390.7085,558.0477,2
422.0561,438.8903,2
402.9546,567.9085,2
448.0279,427.4492,2
408.7945,557.4572,2
449.505,458.8175,2
435.8027,446.8365,2
449.1438,428.0929,2
384.6548,549.003,2
425.5741,567.7026,2
448.6751,455.2664,2
419.1694,438.4205,2
427.7293,451.7828,2
436.5306,456.9574,2
392.8287,541.4732,2
428.5024,572.4125,2
388.5826,481.9637,2
429.265,449.7747,2
374.1632,537.7439,2
462.0988,441.7563,2
404.6524,576.975,2
417.7352,591.9962,2
490.3195,448.396,2
389.2142,476.7902,2
392.4995,568.935,2
463.5727,446.169,2
392.901,489.249,2
463.8093,458.1845,2
416.3694,443.0005,2
406.4301,435.3866,2
412.6026,440.6811,2
452.5871,461.2822,2
410.5206,451.241,2
395.0138,446.6141,2
484.0824,435.9537,2
435.2954,439.4136,2
393.8236,545.9558,2
411.3765,448.187,2
430.5129,460.4624,2
442.8111,428.1312,2
452.8575,447.2101,2
415.811,571.0671,2
416.9346,443.3809,2
409.9955,458.3696,2
481.0921,443.3853,2
375.239,530.3923,2
380.8712,491.8148,2
386.3823,573.6513,2
463.6637,443.447,2
452.2195,456.9365,2
436.0952,452.6757,2
443.4034,458.7241,2
472.6045,452.2523,2
415.256,433.6206,2
474.6506,428.1071,2
458.0086,426.8661,2
378.9375,486.5968,2
408.6046,473.8317,2
425.8557,573.2674,2
464.5893,434.0558,2
443.6841,458.759,2
431.1263,426.7941,2
391.1446,554.3126,2
391.0757,456.2772,2
412.7477,596.4781,2
466.6335,437.455,2
381.051,516.991,2
430.9599,454.8826,2
409.175,577.4609,2
389.4115,520.3952,2
405.9235,470.6206,2
424.2617,444.999,2
491.9405,426.3753,2
376.2173,491.5678,2
375.3717,525.5615,2
487.1594,440.2161,2
390.6589,532.5787,2
426.7879,460.2167,2
396.5921,463.8762,2
409.0164,590.1366,2
448.5486,458.8804,2
388.6852,470.2144,2
416.38,453.2266,2
415.0366,582.8968,2
483.8929,438.1232,2
471.3381,434.255,2
380.1038,493.5096,2
378.4842,523.9124,2
379.5671,546.3745,2
479.9311,457.6042,2
455.6262,450.7183,2
387.7528,509.8998,2
393.0334,529.5344,2
403.722,447.9697,2
421.9526,446.1962,2
395.1381,574.3797,2
449.5648,428.3328,2
400.4742,547.2832,2
386.167,537.6719,2
459.3094,435.8653,2
383.9907,555.6687,2
463.6162,441.1719,2
426.36,429.9508,2
445.3524,459.3196,2
394.881,575.0579,2
387.2607,535.9659,2
410.0346,583.3601,2
394.9015,521.1806,2
381.8588,558.4441,2
379.3462,549.6432,2
393.6658,572.5011,2
397.376,576.0829,2
480.9978,452.6889,2
396.5074,549.7785,2
383.8806,545.4496,2
388.432,570.7945,2
399.6129,451.0519,2
376.0027,527.6355,2
427.2856,432.3678,2
457.0587,450.0288,2
392.3304,502.5009,2
469.3888,456.292,2
402.1188,556.6827,2
385.1637,509.22,2
420.8309,443.3955,2
391.8833,499.2675,2
399.1303,542.3199,2
395.9145,463.965,2
398.1967,448.9475,2
410.6119,587.5414,2
444.7683,444.3065,2
421.7205,579.5015,2
393.8707,547.8547,2
410.6568,463.635,2
422.8439,591.014,2
394.6428,503.9763,2
434.7863,458.3161,2
479.6493,442.5715,2
421.9237,448.9333,2
434.6607,458.8501,2
431.5519,454.5615,2
386.7616,475.6217,2
388.0985,520.0186,2
401.933,591.6239,2
471.1905,441.4517,2
409.507,453.9651,2
436.9277,448.5125,2
420.9583,458.6107,2
452.338,461.1436,2
452.508,436.2841,2
379.4217,549.6954,2
405.9168,437.4387,2
394.779,498.6495,2
445.803,460.3129,2
373.6082,529.3119,2
445.9127,459.3691,2
394.1372,496.8545,2
382.0251,523.3926,2
375.4011,485.7067,2
396.5285,555.8706,2
383.1529,518.2534,2
374.424,517.1627,2
399.0657,561.3586,2
397.2392,482.7207,2
392.3331,581.14,2
473.4438,433.8304,2
444.5203,443.7014,2
387.648,552.0097,2
397.7323,464.4289,2
412.698,579.467,2
392.2499,564.2811,2
449.8659,435.7236,2
467.9491,437.5689,2
381.0695,497.1602,2
400.3733,571.3077,2
388.1635,472.2161,2
390.7986,576.6761,2
381.2877,530.2183,2
435.7613,461.196,2
469.9458,442.778,2
399.8171,583.8404,2
475.2399,446.322,2
488.7397,460.4001,2
442.7843,461.5406,2
449.8009,437.1554,2
490.9196,436.1042,2
454.3442,441.6247,2
398.9219,449.0756,2
475.049,439.7131,2
390.3262,454.8199,2
387.2503,488.0923,2
376.418,494.3594,2
439.8938,449.4609,2
482.1113,452.8244,2
393.571,560.6596,2
406.7031,465.1245,2
375.3795,522.5354,2
430.0019,590.2327,2
412.8135,447.1322,2
388.4926,538.1462,2
428.6052,426.7212,2
390.872,548.4812,2
412.2883,598.7125,2
474.8228,457.5948,2
374.8117,532.1296,2
442.4935,435.9917,2
437.9662,430.9699,2
490.8357,440.1383,2
410.0776,465.4449,2
419.1129,434.9226,2
431.8001,457.0797,2
382.3281,543.4006,2
422.7597,577.6806,2
445.5529,429.4462,2
402.09,580.4923,2
416.5153,462.5091,2
403.2904,592.782,2
373.713,504.5542,2
388.7223,522.1941,2
399.3602,468.0525,2
374.7094,532.4102,2
422.6074,582.9194,2
482.4266,433.8027,2
385.8597,510.6097,2
374.1849,523.3286,2
373.8497,535.2111,2
463.9909,458.5453,2
394.8054,452.4887,2
408.9674,596.2208,2
418.0132,453.9109,2
425.0691,435.6529,2
481.3075,447.3618,2
489.5573,427.4473,2
430.7903,431.4631,2
467.1107,429.6731,2
398.5819,449.4408,2
376.0007,499.2337,2
408.826,463.673,2
381.5324,564.4859,2
374.9099,496.1663,2
384.7669,527.553,2
397.2221,457.8342,2
373.9801,498.7769,2
402.8592,578.758,2
416.4105,565.3713,2
389.6341,550.3222,2
376.3901,548.1777,2
482.9268,441.881,2
435.033,439.791,2
389.202,497.5543,2
404.6142,551.429,2
483.6436,451.5911,2
475.2187,433.4659,2
484.79,435.2907,2
382.0697,522.9592,2
379.5446,544.8468,2
425.4887,432.182,2
478.5168,426.4295,2
391.8601,518.3962,2
377.0314,528.824,2
470.1387,435.5214,2
405.4228,447.5368,2
419.174,595.0017,2
388.3707,489.5553,2
437.5512,432.1988,2
396.3732,545.0043,2
389.257,492.2364,2
470.1015,457.8786,2
394.0483,507.2889,2
382.268,484.8824,2
408.208,569.1002,2
421.9889,586.4352,2
431.3308,445.0582,2
401.0333,485.0725,2
387.3384,540.4175,2
392.8049,522.5873,2
433.8889,452.5779,2
423.0543,429.3007,2
377.4697,509.931,2
413.4628,571.5238,2
415.8519,585.4165,2
378.9416,534.1746,2
385.8137,460.4538,2
471.5682,429.1145,2
396.512,555.336,2
411.7806,595.3417,2
410.922,444.1127,2
381.8363,564.2121,2
433.8207,452.3511,2
479.5381,459.5647,2
404.2351,445.8314,2
427.0068,574.2691,2
396.8156,545.4863,2
403.2802,591.3903,2
487.2119,442.4066,2
397.5881,485.9398,2
378.7421,489.4923,2
389.0098,505.8077,2
413.7397,432.2903,2
411.5197,441.0042,2
475.0525,454.2099,2
491.9158,426.9154,2
393.9599,549.1383,2
372.1687,512.406,2
488.1424,433.6943,2
423.8757,587.3669,2
386.0088,550.0649,2
397.443,464.0774,2
392.1699,510.5318,2
390.9568,461.6748,2
404.4513,471.8517,2
405.228,437.4832,2
418.9487,599.5279,2
418.9615,598.6524,2
385.4878,544.6345,2
431.5891,459.9017,2
398.814,456.6042,2
428.3941,595.365,2
384.6089,560.1895,2
478.7616,439.3006,2
391.8603,478.9021,2
466.2253,456.1484,2
418.2415,588.0165,2
374.521,499.0932,2
473.8466,449.0556,2
374.8465,514.6944,2
403.6142,559.6566,2
417.6632,581.0882,2
444.8107,433.1042,2
415.5518,464.9703,2
378.8769,551.5237,2
387.5959,464.6515,2
397.7771,564.0621,2
383.1632,542.5904,2
385.3792,520.9537,2
394.4849,500.5862,2
379.3001,541.3279,2
431.2204,436.5545,2
463.0907,453.0632,2
387.5935,516.6904,2
426.3594,457.1245,2
378.0617,525.2029,2
458.4431,456.864,2
405.1474,577.4351,2
459.1568,458.2622,2
485.1045,435.1351,2
403.287,464.5801,2
465.0673,427.7244,2
389.5552,561.2758,2
375.801,508.4259,2
396.5438,542.8376,2
389.4009,574.855,2
388.0597,518.0958,2
377.8682,535.0567,2
384.5035,535.4132,2
438.0639,440.3507,2
426.0996,435.5189,2
400.1017,580.6878,2
383.0773,530.7604,2
400.4502,476.9877,2
473.4093,426.1736,2
396.5166,533.8615,2
454.0131,453.9829,2
375.3539,506.3522,2
431.5142,445.7893,2
454.7353,453.4691,2
433.6838,436.4031,2
472.3458,448.0085,2
393.6323,525.5936,2
377.2807,484.4743,2
375.272,518.2288,2
384.9252,526.0086,2
403.5433,440.2415,2
422.0181,588.501,2
487.4798,457.1849,2
427.9002,434.5076,2
436.9816,449.1745,2
425.5791,460.7493,2
471.7403,427.8707,2
386.6271,492.6305,2
399.9198,569.0466,2
402.2504,547.2586,2
429.083,426.6858,2
413.074,582.7391,2
409.9153,464.6899,2
419.47,439.9354,2
408.1148,584.3254,2
394.721,513.2128,2
442.0568,449.8896,2
378.6316,483.2112,2
428.4161,450.0165,2
415.0294,434.0552,2
395.9537,541.0993,2
385.2686,544.2041,2
451.6527,453.6259,2
466.927,444.7165,2
381.3333,539.0585,2
383.5099,507.9365,2
382.7724,471.2964,2
397.5368,566.2123,2
412.3959,459.1011,2
400.5799,586.6228,2
441.6607,448.5237,2
461.7268,451.7493,2
444.8762,454.3878,2
420.4005,447.6422,2
377.426,491.3354,2
429.0661,586.458,2
472.013,435.1918,2
373.9401,519.085,2
398.5898,577.583,2
486.3572,449.9442,2
382.1511,539.3151,2
434.5638,456.8464,2
387.9314,536.3011,2
387.2874,538.169,2
393.0147,455.2268,2
398.4355,577.7709,2
376.3711,515.0392,2
410.2315,594.4518,2
483.5162,456.9373,2
410.8722,455.6071,2
397.9194,584.1702,2
395.8435,479.346,2
435.7007,449.1849,2
411.6858,561.2773,2
453.9276,452.8015,2
403.3109,589.2943,2
386.5019,544.3218,2
383.9329,472.9681,2
388.8399,461.9837,2
473.9464,460.5241,2
423.3627,589.3363,2
407.2224,462.2351,2
474.4955,456.2679,2
405.7992,464.7836,2
388.0053,464.0238,2
407.4258,590.4034,2
394.2459,450.9987,2
401.695,443.8145,2
465.3782,446.6175,2
400.5773,466.6245,2
403.0642,459.676,2
408.4592,459.5737,2
384.3696,570.2385,2
388.4195,486.8056,2
384.8319,493.4003,2
379.293,522.8252,2
413.8792,435.7574,2
486.6336,453.8117,2
411.2296,464.4015,2
403.3783,477.5436,2
392.478,460.3898,2
455.4857,430.6846,2
475.6143,428.119,2
398.3736,473.7032,2
404.5732,559.555,2
392.4709,514.7163,2
394.4458,516.7465,2
413.138,443.1186,2
466.7841,456.5443,2
378.3567,515.1503,2
415.382,583.1122,2
483.5964,458.2806,2
390.2075,554.049,2
439.4302,459.9843,2
426.9346,448.5204,2
445.2407,437.1316,2
404.2303,576.5246,2
403.7355,587.7063,2
430.7428,584.0257,2
488.7178,458.639,2
380.8994,543.0047,2
419.244,590.8415,2
388.5502,517.2012,2
397.5614,545.2775,2
400.2254,450.9638,2
388.6076,496.0591,2
462.9453,435.1833,2
384.4104,484.2742,2
429.3405,443.371,2
476.3218,449.3297,2
396.1598,498.5399,2
406.586,557.1655,2
400.8744,556.6628,2
397.4287,470.1454,2
371.7675,513.1512,2
380.6049,554.8258,2
471.919,451.9365,2
487.8829,430.1941,2
449.6079,436.6151,2
396.0968,481.2421,2
418.124,435.5,2
412.7882,448.6963,2
428.6667,456.7524,2
380.5079,535.4372,2
377.2967,526.5008,2
401.6454,591.309,2
388.8938,562.2256,2
391.3868,463.9331,2
394.0066,475.7304,2
381.5403,537.5365,2
417.8982,567.4241,2
382.1679,524.9553,2
476.885,427.0628,2
393.6788,556.1687,2
392.3454,494.9433,2
418.5588,599.4163,2
421.0963,602.144,2
395.6166,454.6636,2
408.5683,445.7041,2
439.4432,444.9583,2
389.5075,511.3578,2
393.551,563.914,2
415.394,461.9954,2
403.2443,592.9674,2
394.8175,571.9231,2
484.1093,451.8291,2
458.1784,435.4249,2
425.3342,459.4712,2
377.6089,503.3598,2
381.6863,501.4726,2
382.7237,561.7076,2
454.6941,431.9018,2
397.702,447.9583,2
400.0536,554.1548,2
452.4395,442.5948,2
400.3253,546.3888,2
423.3027,461.6727,2
489.4217,442.7577,2
401.8967,586.4507,2
466.2354,428.8112,2
419.1231,442.1071,2
484.8273,460.5505,2
470.869,456.6595,2
445.9467,441.1434,2
375.1801,511.6525,2
454.4979,428.1326,2
377.3244,546.78,2
476.5006,436.9018,2
396.8517,461.6612,2
372.9986,533.035,2
404.1793,565.0346,2
487.4121,433.9724,2
389.0083,497.8604,2
405.8966,588.1922,2
391.3056,509.6167,2
393.9334,479.6197,2
380.6489,471.7651,2
399.2827,456.0377,2
438.5432,431.2162,2
391.4761,553.9043,2
429.0578,435.6059,2
386.598,517.875,2
388.3263,546.8697,2
473.0066,430.163,2
426.4341,574.3824,2
396.3353,551.5895,2
384.2048,500.4117,2
475.2381,456.7206,2
387.3748,524.1001,2
387.582,531.1379,2
490.8806,436.9876,2
416.8685,572.6659,2
490.2567,441.8277,2
477.9644,454.5883,2
390.0572,573.1263,2
396.267,566.4647,2
433.8965,454.3183,2
374.3404,538.0483,2
448.739,440.8019,2
378.3624,509.3331,2
491.7683,439.1644,2
428.7941,600.7804,2
396.0958,495.7398,2
376.651,484.1044,2
410.6562,572.7217,2
471.2145,441.7549,2
375.6883,504.2159,2
431.3878,451.5487,2
410.2343,569.3318,2
411.8269,465.8148,2
389.5379,565.2926,2
392.4758,576.9675,2
422.4198,434.7355,2
422.8536,452.6397,2
415.5807,467.3289,2
401.0882,465.4313,2
454.3627,446.9695,2
461.1785,428.3318,2
391.8027,516.0314,2
454.2089,443.9864,2
419.2399,568.8899,2
486.1752,456.5608,2
489.7597,437.5344,2
437.2114,456.0944,2
432.3464,438.4528,2
431.013,576.4522,2
418.9291,458.2181,2
422.9264,439.6726,2
419.8722,437.7426,2
388.3342,539.5284,2
393.4311,568.9838,2
373.608,534.035,2
392.6656,460.9221,2
463.866,459.7009,2
385.6866,521.05,2
404.1584,462.9263,2
478.7002,426.5469,2
483.0211,451.0556,2
405.0422,583.1263,2
381.3985,528.2691,2
385.1498,560.5071,2
450.528,433.2636,2
384.0105,563.4064,2
390.9074,568.207,2
424.226,573.9503,2
389.8314,564.8374,2
432.3509,447.1021,2
389.2601,555.0338,2
440.8639,447.875,2
393.0448,477.6818,2
451.0183,452.9354,2
454.6892,449.3754,2
482.0535,458.0804,2
397.9582,480.9861,2
391.4474,451.5407,2
389.8185,524.1519,2
409.2679,573.453,2
427.9698,593.4455,2
405.2883,553.8962,2
456.5074,443.1234,2
382.2265,541.6251,2
433.9237,428.3235,2
380.0575,528.9285,2
390.2595,470.8032,2
457.2774,446.2829,2
399.7842,582.207,2
388.6616,544.073,2
419.7386,568.2075,2
428.5024,448.1194,2
404.6134,442.7824,2
391.3216,518.947,2
407.2663,577.7713,2
403.4927,479.6942,2
412.0782,578.5729,2
394.0091,544.3796,2
409.6327,581.3845,2
439.828,437.7896,2
429.964,583.5286,2
380.4413,488.9743,2
383.9026,462.2067,2
476.424,438.9811,2
428.3191,445.5524,2
456.5257,448.4953,2
373.9357,515.0869,2
385.0541,537.8032,2
385.1883,564.0466,2
426.293,430.6268,2
429.7459,433.8052,2
375.9837,495.8371,2
393.2697,567.6885,2
413.772,569.6808,2
426.8411,444.5806,2
407.6622,450.985,2
475.26,441.9475,2
462.9774,439.2455,2
438.5965,431.5102,2
399.6947,452.9417,2
399.2327,483.5579,2
401.7882,450.5727,2
426.1402,456.2633,2
416.5512,452.9837,2
448.9317,447.8014,2
404.0269,587.3636,2
393.8843,459.829,2
415.0732,432.1575,2
468.7666,427.6209,2
382.0458,540.4333,2
400.6507,567.2536,2
392.0221,477.4795,2
380.9485,479.5381,2
396.1001,549.4876,2
405.8033,577.6182,2
378.6606,523.5766,2
467.3797,449.2076,2
387.9625,510.6997,2
427.8536,572.6313,2
403.5036,447.1146,2
412.1147,435.6382,2
374.8783,488.35,2
438.2305,452.6655,2
408.1575,463.9748,2
392.9324,549.6164,2
475.7371,461.2394,2
378.6014,533.2934,2
438.6762,455.8335,2
399.2837,461.1978,2
478.0997,459.9949,2
388.3412,526.4109,2
406.925,562.0575,2
382.4769,542.6076,2
452.1945,432.8922,2
408.8379,582.6453,2
464.4854,437.5515,2
387.8995,468.4532,2
415.6339,454.7641,2
482.3305,431.4645,2
462.4641,449.2545,2
374.4444,510.3522,2
472.5197,442.0933,2
379.2481,510.1749,2
445.4094,458.9412,2
387.3399,462.8464,2
419.0092,429.6399,2
447.6124,442.9888,2
476.4477,429.8934,2
444.7235,431.4885,2
403.0482,470.0527,2
489.766,445.176,2
392.282,517.9836,2
451.0955,450.0472,2
392.2363,531.0719,2
398.3962,555.3495,2
406.3218,457.6183,2
403.385,580.5617,2
412.6646,445.5417,2
420.8405,443.5044,2
393.4032,567.4554,2
433.5875,457.7579,2
419.4765,595.694,2
387.138,548.3613,2
445.9043,445.2248,2
430.6733,439.9588,2
473.1067,434.2397,2
475.5441,439.1735,2
377.6692,550.12,2
377.6367,514.5907,2
422.9782,444.5783,2
441.2493,444.0707,2
427.7684,583.8063,2
386.5271,466.6842,2
414.9285,464.499,2
395.6258,567.9142,2
408.0632,454.4913,2
408.5588,470.0018,2
429.6688,601.4548,2
381.9386,544.0325,2
406.0118,439.2229,2
372.0628,517.6426,2
480.5817,449.4954,2
379.9764,503.977,2
385.99,524.8757,2
419.6553,585.4219,2
396.0684,468.9026,2
445.7168,456.2875,2
436.1093,433.5123,2
387.4876,483.6471,2
426.6534,600.6431,2
438.9487,459.1975,2
422.7265,588.6911,2
482.0342,449.1192,2
417.122,580.9268,2
379.7576,538.5342,2
410.4506,433.6993,2
383.3984,482.8703,2
386.9251,536.5897,2
435.4485,440.4269,2
382.4571,484.4075,2
408.57,573.8064,2
459.0247,427.8797,2
479.4766,455.0161,2
458.9405,449.7627,2
390.1077,545.2508,2
466.7933,454.885,2
453.5389,430.7737,2
396.4251,544.1414,2
400.7211,443.6526,2
403.7049,576.9271,2
376.6782,489.7216,2
398.6143,540.8089,2
408.8188,471.0027,2
397.8012,454.4601,2
390.3532,464.8904,2
385.7078,550.5601,2
392.6994,475.2899,2
408.987,587.6706,2
418.0022,464.7604,2
378.2737,504.5813,2
378.2992,544.3583,2
451.8258,430.9732,2
384.8224,463.8907,2
380.682,515.3608,2
476.1065,453.0248,2
418.7692,573.8819,2
374.5442,527.1341,2
483.5601,457.3332,2
396.8004,532.6225,2
408.8758,577.4316,2
393.4864,520.994,2
465.77,459.4059,2
404.2668,476.7021,2
403.6695,564.5485,2
399.3589,561.0663,2
389.7808,470.9834,2
410.6525,572.424,2
411.7872,591.8139,2
478.0265,441.1107,2
405.3683,581.5879,2
402.9312,549.9335,2
449.0415,454.4547,2
418.1323,455.6731,2
423.267,442.087,2
490.5865,454.6944,2
384.4965,553.2334,2
476.4312,460.1968,2
377.8075,498.9,2
384.9504,506.8369,2
399.2145,542.8193,2
423.5137,583.8772,2
406.1001,569.5843,2
375.8667,546.0292,2
444.43,435.2976,2
443.6771,459.0068,2
412.3236,460.3701,2
382.0753,488.2367,2
405.6326,477.1429,2
376.5925,529.0948,2
387.0326,495.0015,2
459.0809,452.4173,2
430.1381,427.6636,2
400.0143,542.4016,2
381.4732,514.8617,2
457.4852,426.7795,2
415.7521,582.5302,2
416.7398,456.2642,2
393.6097,458.1687,2
389.5914,483.9962,2
461.2607,450.8501,2
393.3186,462.1279,2
455.1819,427.4483,2
391.3362,536.0308,2
408.4632,584.8379,2
424.4758,574.5738,2
413.8415,459.237,2
416.2751,573.1728,2
382.1172,543.6053,2
442.622,429.6408,2
418.6382,579.2692,2
401.3581,479.0995,2
419.6892,594.8097,2
372.3769,503.928,2
376.2679,492.1323,2
468.7059,430.8771,2
384.2665,529.9984,2
422.8723,434.6431,2
